LSOA11CD,LSOA11NM,MSOA11CD,MSOA11NM,LAD11CD,LAD11NM,Persons_All-Ages,Persons_0-15,Persons_16-29,Persons_30-44,Persons_45-64,Persons_65+,Males_All-Ages,Males_0-15,Males_16-29,Males_30-44,Males_45-64,Males_65+,Females_All-Ages,Females_0-15,Females_16-29,Females_30-44,Females_45-64,Females_65+
E01000001,City of London 001A,E02000001,City of London 001,E09000001,City of London,1636,258,170,302,455,451,886,139,85,186,258,218,750,119,85,116,197,233
E01000002,City of London 001B,E02000001,City of London 001,E09000001,City of London,1558,243,233,258,453,371,815,108,108,157,244,198,743,135,125,101,209,173
E01000003,City of London 001C,E02000001,City of London 001,E09000001,City of London,1786,275,228,336,536,411,931,135,108,202,294,192,855,140,120,134,242,219
E01000005,City of London 001E,E02000001,City of London 001,E09000001,City of London,1888,396,728,242,329,193,1022,216,402,139,164,101,866,180,326,103,165,92
E01000006,Barking and Dagenham 016A,E02000017,Barking and Dagenham 016,E09000002,Barking and Dagenham,2094,527,379,614,391,183,1072,260,201,302,219,90,1022,267,178,312,172,93
E01000007,Barking and Dagenham 015A,E02000016,Barking and Dagenham 015,E09000002,Barking and Dagenham,2502,722,537,730,421,92,1190,378,228,358,184,42,1312,344,309,372,237,50
E01000008,Barking and Dagenham 015B,E02000016,Barking and Dagenham 015,E09000002,Barking and Dagenham,1597,510,309,402,325,51,847,254,195,208,167,23,750,256,114,194,158,28
E01000009,Barking and Dagenham 016B,E02000017,Barking and Dagenham 016,E09000002,Barking and Dagenham,1929,423,343,631,373,159,1058,242,177,375,188,76,871,181,166,256,185,83
E01000010,Barking and Dagenham 015C,E02000016,Barking and Dagenham 015,E09000002,Barking and Dagenham,3579,979,722,1305,468,105,1934,488,411,721,258,56,1645,491,311,584,210,49
E01000011,Barking and Dagenham 016C,E02000017,Barking and Dagenham 016,E09000002,Barking and Dagenham,1726,433,315,494,336,148,927,221,164,280,189,73,799,212,151,214,147,75
E01000012,Barking and Dagenham 015D,E02000016,Barking and Dagenham 015,E09000002,Barking and Dagenham,2343,791,394,746,313,99,1187,408,194,374,158,53,1156,383,200,372,155,46
E01000013,Barking and Dagenham 013A,E02000014,Barking and Dagenham 013,E09000002,Barking and Dagenham,1855,487,344,407,441,176,906,256,196,186,194,74,949,231,148,221,247,102
E01000014,Barking and Dagenham 013B,E02000014,Barking and Dagenham 013,E09000002,Barking and Dagenham,1661,416,296,376,407,166,791,207,153,158,206,67,870,209,143,218,201,99
E01000015,Barking and Dagenham 009A,E02000010,Barking and Dagenham 009,E09000002,Barking and Dagenham,2452,689,476,570,543,174,1227,370,247,277,258,75,1225,319,229,293,285,99
E01000016,Barking and Dagenham 009B,E02000010,Barking and Dagenham 009,E09000002,Barking and Dagenham,1724,437,323,368,432,164,851,233,171,163,212,72,873,204,152,205,220,92
E01000017,Barking and Dagenham 009C,E02000010,Barking and Dagenham 009,E09000002,Barking and Dagenham,1538,415,248,337,389,149,757,220,125,166,184,62,781,195,123,171,205,87
E01000018,Barking and Dagenham 009D,E02000010,Barking and Dagenham 009,E09000002,Barking and Dagenham,1718,424,299,428,405,162,814,218,141,211,177,67,904,206,158,217,228,95
E01000019,Barking and Dagenham 023A,E02006799,Barking and Dagenham 023,E09000002,Barking and Dagenham,1563,465,249,364,349,136,742,232,114,177,168,51,821,233,135,187,181,85
E01000020,Barking and Dagenham 023B,E02006799,Barking and Dagenham 023,E09000002,Barking and Dagenham,1930,463,322,455,453,237,956,240,174,216,230,96,974,223,148,239,223,141
E01000021,Barking and Dagenham 008A,E02000009,Barking and Dagenham 008,E09000002,Barking and Dagenham,1756,494,329,385,394,154,873,257,201,170,198,47,883,237,128,215,196,107
E01000022,Barking and Dagenham 008B,E02000009,Barking and Dagenham 008,E09000002,Barking and Dagenham,1433,396,259,306,344,128,689,215,120,123,159,72,744,181,139,183,185,56
E01000023,Barking and Dagenham 008C,E02000009,Barking and Dagenham 008,E09000002,Barking and Dagenham,3853,1155,777,1165,597,159,1980,609,400,578,327,66,1873,546,377,587,270,93
E01000024,Barking and Dagenham 008D,E02000009,Barking and Dagenham 008,E09000002,Barking and Dagenham,1546,458,232,358,362,136,760,230,124,173,176,57,786,228,108,185,186,79
E01000025,Barking and Dagenham 008E,E02000009,Barking and Dagenham 008,E09000002,Barking and Dagenham,1676,446,280,386,414,150,803,213,151,170,207,62,873,233,129,216,207,88
E01000027,Barking and Dagenham 001A,E02000002,Barking and Dagenham 001,E09000002,Barking and Dagenham,1846,502,317,405,412,210,865,240,169,176,180,100,981,262,148,229,232,110
E01000028,Barking and Dagenham 001B,E02000002,Barking and Dagenham 001,E09000002,Barking and Dagenham,1729,482,343,333,360,211,812,247,179,149,148,89,917,235,164,184,212,122
E01000029,Barking and Dagenham 001C,E02000002,Barking and Dagenham 001,E09000002,Barking and Dagenham,1764,394,251,346,379,394,861,198,130,169,195,169,903,196,121,177,184,225
E01000030,Barking and Dagenham 001D,E02000002,Barking and Dagenham 001,E09000002,Barking and Dagenham,2396,754,426,565,457,194,1193,392,215,262,239,85,1203,362,211,303,218,109
E01000031,Barking and Dagenham 002A,E02000003,Barking and Dagenham 002,E09000002,Barking and Dagenham,1810,383,347,397,408,275,943,221,197,216,185,124,867,162,150,181,223,151
E01000032,Barking and Dagenham 002B,E02000003,Barking and Dagenham 002,E09000002,Barking and Dagenham,1879,444,324,438,424,249,943,238,173,217,197,118,936,206,151,221,227,131
E01000033,Barking and Dagenham 006A,E02000007,Barking and Dagenham 006,E09000002,Barking and Dagenham,1598,449,286,321,354,188,810,217,153,147,191,102,788,232,133,174,163,86
E01000034,Barking and Dagenham 003A,E02000004,Barking and Dagenham 003,E09000002,Barking and Dagenham,1640,327,320,260,416,317,760,159,166,127,196,112,880,168,154,133,220,205
E01000035,Barking and Dagenham 010A,E02000011,Barking and Dagenham 010,E09000002,Barking and Dagenham,1841,392,394,390,433,232,977,183,235,214,232,113,864,209,159,176,201,119
E01000036,Barking and Dagenham 010B,E02000011,Barking and Dagenham 010,E09000002,Barking and Dagenham,1458,317,321,300,373,147,765,195,174,147,197,52,693,122,147,153,176,95
E01000037,Barking and Dagenham 003B,E02000004,Barking and Dagenham 003,E09000002,Barking and Dagenham,1912,323,513,325,506,245,983,160,325,166,233,99,929,163,188,159,273,146
E01000038,Barking and Dagenham 003C,E02000004,Barking and Dagenham 003,E09000002,Barking and Dagenham,1425,308,249,254,368,246,684,154,129,126,176,99,741,154,120,128,192,147
E01000039,Barking and Dagenham 003D,E02000004,Barking and Dagenham 003,E09000002,Barking and Dagenham,1710,422,273,371,401,243,836,200,147,187,198,104,874,222,126,184,203,139
E01000040,Barking and Dagenham 019A,E02000020,Barking and Dagenham 019,E09000002,Barking and Dagenham,1793,456,300,436,391,210,887,237,165,224,177,84,906,219,135,212,214,126
E01000041,Barking and Dagenham 017A,E02000018,Barking and Dagenham 017,E09000002,Barking and Dagenham,1818,515,303,445,393,162,941,283,136,247,195,80,877,232,167,198,198,82
E01000042,Barking and Dagenham 017B,E02000018,Barking and Dagenham 017,E09000002,Barking and Dagenham,2001,601,370,522,384,124,1018,321,196,263,174,64,983,280,174,259,210,60
E01000043,Barking and Dagenham 019B,E02000020,Barking and Dagenham 019,E09000002,Barking and Dagenham,1518,323,323,351,347,174,793,185,192,178,163,75,725,138,131,173,184,99
E01000044,Barking and Dagenham 016D,E02000017,Barking and Dagenham 016,E09000002,Barking and Dagenham,1992,517,403,497,423,152,1017,245,244,252,203,73,975,272,159,245,220,79
E01000045,Barking and Dagenham 017C,E02000018,Barking and Dagenham 017,E09000002,Barking and Dagenham,1802,510,340,408,389,155,918,260,201,180,203,74,884,250,139,228,186,81
E01000046,Barking and Dagenham 017D,E02000018,Barking and Dagenham 017,E09000002,Barking and Dagenham,1900,538,363,424,413,162,920,275,189,196,188,72,980,263,174,228,225,90
E01000048,Barking and Dagenham 021B,E02000022,Barking and Dagenham 021,E09000002,Barking and Dagenham,1044,364,228,238,183,31,554,188,141,118,98,9,490,176,87,120,85,22
E01000049,Barking and Dagenham 021C,E02000022,Barking and Dagenham 021,E09000002,Barking and Dagenham,1921,708,303,440,388,82,1010,402,156,189,221,42,911,306,147,251,167,40
E01000050,Barking and Dagenham 019C,E02000020,Barking and Dagenham 019,E09000002,Barking and Dagenham,1966,604,362,476,349,175,1030,337,166,248,197,82,936,267,196,228,152,93
E01000051,Barking and Dagenham 021D,E02000022,Barking and Dagenham 021,E09000002,Barking and Dagenham,963,323,189,253,153,45,492,174,71,135,85,27,471,149,118,118,68,18
E01000052,Barking and Dagenham 019D,E02000020,Barking and Dagenham 019,E09000002,Barking and Dagenham,2258,633,383,577,465,200,1111,305,179,319,231,77,1147,328,204,258,234,123
E01000053,Barking and Dagenham 020A,E02000021,Barking and Dagenham 020,E09000002,Barking and Dagenham,1604,382,296,361,365,200,821,233,147,158,191,92,783,149,149,203,174,108
E01000054,Barking and Dagenham 018A,E02000019,Barking and Dagenham 018,E09000002,Barking and Dagenham,1951,559,324,440,413,215,957,294,172,185,213,93,994,265,152,255,200,122
E01000055,Barking and Dagenham 018B,E02000019,Barking and Dagenham 018,E09000002,Barking and Dagenham,1707,431,339,349,412,176,853,227,176,156,190,104,854,204,163,193,222,72
E01000056,Barking and Dagenham 018C,E02000019,Barking and Dagenham 018,E09000002,Barking and Dagenham,1675,456,317,342,379,181,786,209,166,152,183,76,889,247,151,190,196,105
E01000057,Barking and Dagenham 012A,E02000013,Barking and Dagenham 012,E09000002,Barking and Dagenham,1536,396,299,386,304,151,752,202,188,162,139,61,784,194,111,224,165,90
E01000058,Barking and Dagenham 018D,E02000019,Barking and Dagenham 018,E09000002,Barking and Dagenham,1990,520,334,540,447,149,1022,282,181,282,214,63,968,238,153,258,233,86
E01000059,Barking and Dagenham 013C,E02000014,Barking and Dagenham 013,E09000002,Barking and Dagenham,1649,424,257,326,400,242,750,227,117,150,186,70,899,197,140,176,214,172
E01000060,Barking and Dagenham 006B,E02000007,Barking and Dagenham 006,E09000002,Barking and Dagenham,1999,534,354,403,480,228,977,299,173,191,218,96,1022,235,181,212,262,132
E01000061,Barking and Dagenham 006C,E02000007,Barking and Dagenham 006,E09000002,Barking and Dagenham,1869,616,396,410,346,101,876,280,216,154,178,48,993,336,180,256,168,53
E01000062,Barking and Dagenham 006D,E02000007,Barking and Dagenham 006,E09000002,Barking and Dagenham,2378,595,443,509,561,270,1190,323,228,247,272,120,1188,272,215,262,289,150
E01000063,Barking and Dagenham 004A,E02000005,Barking and Dagenham 004,E09000002,Barking and Dagenham,1843,488,340,405,419,191,925,283,175,174,205,88,918,205,165,231,214,103
E01000064,Barking and Dagenham 006E,E02000007,Barking and Dagenham 006,E09000002,Barking and Dagenham,2204,581,401,448,490,284,1039,292,194,192,236,125,1165,289,207,256,254,159
E01000065,Barking and Dagenham 007A,E02000008,Barking and Dagenham 007,E09000002,Barking and Dagenham,1779,410,303,385,414,267,928,228,169,195,221,115,851,182,134,190,193,152
E01000066,Barking and Dagenham 011A,E02000012,Barking and Dagenham 011,E09000002,Barking and Dagenham,2304,599,505,517,482,201,1136,293,271,249,247,76,1168,306,234,268,235,125
E01000067,Barking and Dagenham 011B,E02000012,Barking and Dagenham 011,E09000002,Barking and Dagenham,2222,532,505,462,478,245,1177,277,302,235,255,108,1045,255,203,227,223,137
E01000068,Barking and Dagenham 016E,E02000017,Barking and Dagenham 016,E09000002,Barking and Dagenham,1534,281,404,344,356,149,779,140,232,188,167,52,755,141,172,156,189,97
E01000069,Barking and Dagenham 011C,E02000012,Barking and Dagenham 011,E09000002,Barking and Dagenham,1938,456,424,433,402,223,958,221,235,201,191,110,980,235,189,232,211,113
E01000070,Barking and Dagenham 011D,E02000012,Barking and Dagenham 011,E09000002,Barking and Dagenham,2190,508,453,528,430,271,1054,218,257,261,199,119,1136,290,196,267,231,152
E01000071,Barking and Dagenham 011E,E02000012,Barking and Dagenham 011,E09000002,Barking and Dagenham,2637,650,553,639,516,279,1342,323,278,334,293,114,1295,327,275,305,223,165
E01000072,Barking and Dagenham 017E,E02000018,Barking and Dagenham 017,E09000002,Barking and Dagenham,2128,596,431,484,407,210,1056,322,217,232,181,104,1072,274,214,252,226,106
E01000073,Barking and Dagenham 012B,E02000013,Barking and Dagenham 012,E09000002,Barking and Dagenham,1791,505,312,403,385,186,847,240,161,171,194,81,944,265,151,232,191,105
E01000074,Barking and Dagenham 012C,E02000013,Barking and Dagenham 012,E09000002,Barking and Dagenham,1627,462,283,368,370,144,778,245,148,162,162,61,849,217,135,206,208,83
E01000075,Barking and Dagenham 012D,E02000013,Barking and Dagenham 012,E09000002,Barking and Dagenham,1883,463,379,409,429,203,971,232,226,207,213,93,912,231,153,202,216,110
E01000076,Barking and Dagenham 012E,E02000013,Barking and Dagenham 012,E09000002,Barking and Dagenham,2111,666,343,447,446,209,1110,388,181,223,213,105,1001,278,162,224,233,104
E01000077,Barking and Dagenham 008F,E02000009,Barking and Dagenham 008,E09000002,Barking and Dagenham,1565,451,251,355,362,146,803,280,130,160,181,52,762,171,121,195,181,94
E01000078,Barking and Dagenham 007B,E02000008,Barking and Dagenham 007,E09000002,Barking and Dagenham,1892,534,355,387,438,178,911,289,161,188,202,71,981,245,194,199,236,107
E01000079,Barking and Dagenham 009E,E02000010,Barking and Dagenham 009,E09000002,Barking and Dagenham,1772,498,266,389,397,222,820,246,142,181,174,77,952,252,124,208,223,145
E01000080,Barking and Dagenham 007C,E02000008,Barking and Dagenham 007,E09000002,Barking and Dagenham,1612,456,263,359,395,139,796,239,157,163,176,61,816,217,106,196,219,78
E01000081,Barking and Dagenham 007D,E02000008,Barking and Dagenham 007,E09000002,Barking and Dagenham,1846,464,317,387,485,193,911,219,185,185,234,88,935,245,132,202,251,105
E01000082,Barking and Dagenham 007E,E02000008,Barking and Dagenham 007,E09000002,Barking and Dagenham,2079,543,356,496,488,196,1022,271,192,239,237,83,1057,272,164,257,251,113
E01000083,Barking and Dagenham 007F,E02000008,Barking and Dagenham 007,E09000002,Barking and Dagenham,1937,544,357,454,403,179,916,265,172,212,186,81,1021,279,185,242,217,98
E01000084,Barking and Dagenham 013D,E02000014,Barking and Dagenham 013,E09000002,Barking and Dagenham,1426,352,240,329,350,155,722,173,136,160,172,81,704,179,104,169,178,74
E01000085,Barking and Dagenham 013E,E02000014,Barking and Dagenham 013,E09000002,Barking and Dagenham,1889,544,351,398,396,200,935,262,194,190,193,96,954,282,157,208,203,104
E01000086,Barking and Dagenham 013F,E02000014,Barking and Dagenham 013,E09000002,Barking and Dagenham,1469,413,254,337,333,132,728,230,114,170,153,61,741,183,140,167,180,71
E01000087,Barking and Dagenham 020B,E02000021,Barking and Dagenham 020,E09000002,Barking and Dagenham,1620,418,290,348,377,187,748,208,149,160,160,71,872,210,141,188,217,116
E01000088,Barking and Dagenham 020C,E02000021,Barking and Dagenham 020,E09000002,Barking and Dagenham,2105,605,399,424,436,241,1069,328,180,216,237,108,1036,277,219,208,199,133
E01000089,Barking and Dagenham 020D,E02000021,Barking and Dagenham 020,E09000002,Barking and Dagenham,1886,592,361,380,410,143,911,272,207,172,207,53,975,320,154,208,203,90
E01000090,Barking and Dagenham 020E,E02000021,Barking and Dagenham 020,E09000002,Barking and Dagenham,1729,475,322,359,430,143,873,262,175,176,196,64,856,213,147,183,234,79
E01000091,Barking and Dagenham 022A,E02000023,Barking and Dagenham 022,E09000002,Barking and Dagenham,2105,713,407,447,400,138,1020,357,210,183,216,54,1085,356,197,264,184,84
E01000092,Barking and Dagenham 019E,E02000020,Barking and Dagenham 019,E09000002,Barking and Dagenham,5820,1779,1227,1541,1028,245,2925,909,643,741,530,102,2895,870,584,800,498,143
E01000093,Barking and Dagenham 022B,E02000023,Barking and Dagenham 022,E09000002,Barking and Dagenham,1797,511,377,428,360,121,938,267,191,242,189,49,859,244,186,186,171,72
E01000094,Barking and Dagenham 022C,E02000023,Barking and Dagenham 022,E09000002,Barking and Dagenham,2294,791,349,664,418,72,1122,418,163,311,190,40,1172,373,186,353,228,32
E01000095,Barking and Dagenham 018E,E02000019,Barking and Dagenham 018,E09000002,Barking and Dagenham,1851,561,369,412,381,128,919,301,183,188,189,58,932,260,186,224,192,70
E01000096,Barking and Dagenham 022D,E02000023,Barking and Dagenham 022,E09000002,Barking and Dagenham,1828,613,380,388,352,95,855,300,180,161,178,36,973,313,200,227,174,59
E01000097,Barking and Dagenham 023C,E02006799,Barking and Dagenham 023,E09000002,Barking and Dagenham,1843,474,298,426,391,254,902,244,159,205,188,106,941,230,139,221,203,148
E01000098,Barking and Dagenham 023D,E02006799,Barking and Dagenham 023,E09000002,Barking and Dagenham,1824,507,335,386,438,158,869,244,161,180,215,69,955,263,174,206,223,89
E01000099,Barking and Dagenham 023E,E02006799,Barking and Dagenham 023,E09000002,Barking and Dagenham,2474,708,395,677,523,171,1193,354,181,316,267,75,1281,354,214,361,256,96
E01000100,Barking and Dagenham 004B,E02000005,Barking and Dagenham 004,E09000002,Barking and Dagenham,1764,453,353,379,424,155,868,226,194,178,203,67,896,227,159,201,221,88
E01000101,Barking and Dagenham 004C,E02000005,Barking and Dagenham 004,E09000002,Barking and Dagenham,1620,433,270,391,371,155,795,220,129,187,183,76,825,213,141,204,188,79
E01000102,Barking and Dagenham 007G,E02000008,Barking and Dagenham 007,E09000002,Barking and Dagenham,1517,432,248,330,329,178,716,226,124,146,139,81,801,206,124,184,190,97
E01000103,Barking and Dagenham 014A,E02000015,Barking and Dagenham 014,E09000002,Barking and Dagenham,1689,421,399,320,394,155,805,202,230,146,166,61,884,219,169,174,228,94
E01000104,Barking and Dagenham 014B,E02000015,Barking and Dagenham 014,E09000002,Barking and Dagenham,2010,587,428,419,423,153,1003,327,211,195,203,67,1007,260,217,224,220,86
E01000105,Barking and Dagenham 014C,E02000015,Barking and Dagenham 014,E09000002,Barking and Dagenham,2299,588,396,546,540,229,1088,315,182,245,258,88,1211,273,214,301,282,141
E01000106,Barking and Dagenham 014D,E02000015,Barking and Dagenham 014,E09000002,Barking and Dagenham,2192,634,375,510,453,220,1091,313,182,248,253,95,1101,321,193,262,200,125
E01000107,Barking and Dagenham 010C,E02000011,Barking and Dagenham 010,E09000002,Barking and Dagenham,1803,435,296,410,384,278,905,212,165,224,177,127,898,223,131,186,207,151
E01000108,Barking and Dagenham 010D,E02000011,Barking and Dagenham 010,E09000002,Barking and Dagenham,1892,522,333,439,407,191,928,264,156,207,209,92,964,258,177,232,198,99
E01000109,Barking and Dagenham 004D,E02000005,Barking and Dagenham 004,E09000002,Barking and Dagenham,2768,805,464,744,538,217,1299,398,232,318,252,99,1469,407,232,426,286,118
E01000110,Barking and Dagenham 002C,E02000003,Barking and Dagenham 002,E09000002,Barking and Dagenham,1464,329,274,327,352,182,736,190,136,155,177,78,728,139,138,172,175,104
E01000111,Barking and Dagenham 002D,E02000003,Barking and Dagenham 002,E09000002,Barking and Dagenham,2052,521,373,459,477,222,1017,256,209,207,260,85,1035,265,164,252,217,137
E01000112,Barking and Dagenham 002E,E02000003,Barking and Dagenham 002,E09000002,Barking and Dagenham,2164,493,418,601,445,207,1123,260,237,309,223,94,1041,233,181,292,222,113
E01000113,Barking and Dagenham 002F,E02000003,Barking and Dagenham 002,E09000002,Barking and Dagenham,1805,452,289,458,433,173,904,247,135,235,216,71,901,205,154,223,217,102
E01000114,Barking and Dagenham 004E,E02000005,Barking and Dagenham 004,E09000002,Barking and Dagenham,2437,717,447,577,490,206,1237,372,261,268,241,95,1200,345,186,309,249,111
E01000115,Barnet 009A,E02000032,Barnet 009,E09000003,Barnet,1353,228,219,183,435,288,661,124,113,78,204,142,692,104,106,105,231,146
E01000116,Barnet 009B,E02000032,Barnet 009,E09000003,Barnet,1744,404,243,351,448,298,850,209,129,177,209,126,894,195,114,174,239,172
E01000117,Barnet 010A,E02000033,Barnet 010,E09000003,Barnet,1780,322,236,327,504,391,882,166,142,166,239,169,898,156,94,161,265,222
E01000118,Barnet 010B,E02000033,Barnet 010,E09000003,Barnet,2135,443,314,446,586,346,1056,238,178,214,275,151,1079,205,136,232,311,195
E01000119,Barnet 009C,E02000032,Barnet 009,E09000003,Barnet,1727,309,262,290,523,343,793,143,137,126,240,147,934,166,125,164,283,196
E01000120,Barnet 009D,E02000032,Barnet 009,E09000003,Barnet,1486,304,211,213,468,290,730,164,121,83,233,129,756,140,90,130,235,161
E01000121,Barnet 010C,E02000033,Barnet 010,E09000003,Barnet,1463,324,244,247,430,218,700,156,147,108,197,92,763,168,97,139,233,126
E01000122,Barnet 009E,E02000032,Barnet 009,E09000003,Barnet,1461,331,210,268,425,227,710,160,108,115,217,110,751,171,102,153,208,117
E01000123,Barnet 010D,E02000033,Barnet 010,E09000003,Barnet,1746,337,258,442,486,223,884,181,135,236,231,101,862,156,123,206,255,122
E01000124,Barnet 010E,E02000033,Barnet 010,E09000003,Barnet,1779,360,332,495,404,188,864,179,163,241,196,85,915,181,169,254,208,103
E01000125,Barnet 024A,E02000047,Barnet 024,E09000003,Barnet,3282,796,621,811,686,368,1649,437,332,402,308,170,1633,359,289,409,378,198
E01000126,Barnet 026A,E02000049,Barnet 026,E09000003,Barnet,2260,514,442,520,607,177,1087,258,228,228,288,85,1173,256,214,292,319,92
E01000127,Barnet 024B,E02000047,Barnet 024,E09000003,Barnet,1572,368,257,366,433,148,793,194,140,184,192,83,779,174,117,182,241,65
E01000128,Barnet 024C,E02000047,Barnet 024,E09000003,Barnet,1961,453,354,425,513,216,1007,259,154,222,271,101,954,194,200,203,242,115
E01000129,Barnet 024D,E02000047,Barnet 024,E09000003,Barnet,1840,431,274,450,474,211,897,210,122,240,242,83,943,221,152,210,232,128
E01000130,Barnet 021A,E02000044,Barnet 021,E09000003,Barnet,1854,474,284,395,535,166,852,242,130,163,235,82,1002,232,154,232,300,84
E01000131,Barnet 024E,E02000047,Barnet 024,E09000003,Barnet,1995,430,358,511,438,258,991,241,171,263,200,116,1004,189,187,248,238,142
E01000132,Barnet 021B,E02000044,Barnet 021,E09000003,Barnet,1539,368,309,326,409,127,768,196,160,170,182,60,771,172,149,156,227,67
E01000133,Barnet 021C,E02000044,Barnet 021,E09000003,Barnet,1680,409,245,376,465,185,826,227,119,177,221,82,854,182,126,199,244,103
E01000134,Barnet 024F,E02000047,Barnet 024,E09000003,Barnet,1772,392,341,415,435,189,858,177,179,208,213,81,914,215,162,207,222,108
E01000135,Barnet 038A,E02000061,Barnet 038,E09000003,Barnet,1745,315,309,378,392,351,883,159,165,216,190,153,862,156,144,162,202,198
E01000136,Barnet 038B,E02000061,Barnet 038,E09000003,Barnet,1618,314,263,264,431,346,779,147,119,129,209,175,839,167,144,135,222,171
E01000137,Barnet 041A,E02000064,Barnet 041,E09000003,Barnet,1682,365,309,392,407,209,812,189,151,198,186,88,870,176,158,194,221,121
E01000138,Barnet 040A,E02000063,Barnet 040,E09000003,Barnet,1560,298,271,344,420,227,765,162,145,164,200,94,795,136,126,180,220,133
E01000139,Barnet 041B,E02000064,Barnet 041,E09000003,Barnet,1600,246,306,414,393,241,801,122,170,220,196,93,799,124,136,194,197,148
E01000140,Barnet 041C,E02000064,Barnet 041,E09000003,Barnet,2143,386,447,681,388,241,1090,227,238,334,192,99,1053,159,209,347,196,142
E01000141,Barnet 039A,E02000062,Barnet 039,E09000003,Barnet,2303,366,630,618,523,166,1098,194,306,270,256,72,1205,172,324,348,267,94
E01000142,Barnet 040B,E02000063,Barnet 040,E09000003,Barnet,2706,526,488,752,652,288,1374,266,260,392,325,131,1332,260,228,360,327,157
E01000143,Barnet 041D,E02000064,Barnet 041,E09000003,Barnet,1502,308,374,333,337,150,747,158,201,146,172,70,755,150,173,187,165,80
E01000144,Barnet 038C,E02000061,Barnet 038,E09000003,Barnet,1786,302,341,552,413,178,897,143,155,321,216,62,889,159,186,231,197,116
E01000145,Barnet 037A,E02000060,Barnet 037,E09000003,Barnet,1716,436,275,391,334,280,890,227,143,248,157,115,826,209,132,143,177,165
E01000146,Barnet 038D,E02000061,Barnet 038,E09000003,Barnet,2141,423,377,703,414,224,1082,200,180,374,239,89,1059,223,197,329,175,135
E01000147,Barnet 030A,E02000053,Barnet 030,E09000003,Barnet,1899,354,354,443,478,270,979,165,197,252,240,125,920,189,157,191,238,145
E01000148,Barnet 030B,E02000053,Barnet 030,E09000003,Barnet,3197,846,584,861,647,259,1634,428,306,431,331,138,1563,418,278,430,316,121
E01000150,Barnet 036A,E02000059,Barnet 036,E09000003,Barnet,2261,463,371,554,584,289,1161,226,203,288,309,135,1100,237,168,266,275,154
E01000151,Barnet 026B,E02000049,Barnet 026,E09000003,Barnet,1790,559,331,423,370,107,886,284,168,181,207,46,904,275,163,242,163,61
E01000152,Barnet 026C,E02000049,Barnet 026,E09000003,Barnet,1890,565,363,472,395,95,891,294,193,185,181,38,999,271,170,287,214,57
E01000153,Barnet 026D,E02000049,Barnet 026,E09000003,Barnet,1811,429,302,423,448,209,830,197,163,189,190,91,981,232,139,234,258,118
E01000154,Barnet 026E,E02000049,Barnet 026,E09000003,Barnet,1725,425,285,463,389,163,848,213,139,224,193,79,877,212,146,239,196,84
E01000155,Barnet 030D,E02000053,Barnet 030,E09000003,Barnet,4984,1195,1115,1654,795,225,2490,615,506,866,412,91,2494,580,609,788,383,134
E01000156,Barnet 022A,E02000045,Barnet 022,E09000003,Barnet,2123,525,354,523,500,221,1023,262,169,258,238,96,1100,263,185,265,262,125
E01000157,Barnet 022B,E02000045,Barnet 022,E09000003,Barnet,1636,383,229,451,393,180,838,232,118,222,184,82,798,151,111,229,209,98
E01000158,Barnet 015A,E02000038,Barnet 015,E09000003,Barnet,1487,339,215,342,391,200,711,161,110,172,172,96,776,178,105,170,219,104
E01000159,Barnet 015B,E02000038,Barnet 015,E09000003,Barnet,1818,358,297,326,563,274,901,169,143,170,281,138,917,189,154,156,282,136
E01000160,Barnet 015C,E02000038,Barnet 015,E09000003,Barnet,2202,440,394,645,538,185,1182,228,228,354,266,106,1020,212,166,291,272,79
E01000161,Barnet 015D,E02000038,Barnet 015,E09000003,Barnet,2480,464,322,722,551,421,1292,225,195,422,291,159,1188,239,127,300,260,262
E01000162,Barnet 015E,E02000038,Barnet 015,E09000003,Barnet,1646,326,252,341,441,286,839,178,148,168,218,127,807,148,104,173,223,159
E01000163,Barnet 022C,E02000045,Barnet 022,E09000003,Barnet,1703,319,312,479,437,156,849,148,174,246,200,81,854,171,138,233,237,75
E01000164,Barnet 022D,E02000045,Barnet 022,E09000003,Barnet,1845,421,332,476,431,185,912,250,166,230,194,72,933,171,166,246,237,113
E01000165,Barnet 022E,E02000045,Barnet 022,E09000003,Barnet,1897,371,296,475,526,229,973,185,177,237,270,104,924,186,119,238,256,125
E01000166,Barnet 003A,E02000026,Barnet 003,E09000003,Barnet,1597,324,200,310,458,305,754,181,100,129,216,128,843,143,100,181,242,177
E01000167,Barnet 002A,E02000025,Barnet 002,E09000003,Barnet,1323,303,190,263,415,152,664,164,121,111,190,78,659,139,69,152,225,74
E01000168,Barnet 003B,E02000026,Barnet 003,E09000003,Barnet,1592,277,235,252,458,370,790,133,139,117,216,185,802,144,96,135,242,185
E01000169,Barnet 003C,E02000026,Barnet 003,E09000003,Barnet,1631,340,216,379,408,288,792,187,103,177,201,124,839,153,113,202,207,164
E01000170,Barnet 006A,E02000029,Barnet 006,E09000003,Barnet,1845,434,313,358,479,261,881,209,167,138,239,128,964,225,146,220,240,133
E01000171,Barnet 006B,E02000029,Barnet 006,E09000003,Barnet,2361,578,394,712,486,191,1241,322,209,344,277,89,1120,256,185,368,209,102
E01000172,Barnet 003D,E02000026,Barnet 003,E09000003,Barnet,1773,413,252,367,437,304,880,234,127,172,210,137,893,179,125,195,227,167
E01000173,Barnet 006C,E02000029,Barnet 006,E09000003,Barnet,1775,411,259,311,526,268,879,208,142,147,249,133,896,203,117,164,277,135
E01000174,Barnet 006D,E02000029,Barnet 006,E09000003,Barnet,1963,463,294,437,498,271,958,243,146,215,230,124,1005,220,148,222,268,147
E01000175,Barnet 006E,E02000029,Barnet 006,E09000003,Barnet,1507,360,190,274,428,255,755,187,96,133,216,123,752,173,94,141,212,132
E01000176,Barnet 027A,E02000050,Barnet 027,E09000003,Barnet,1703,301,310,353,400,339,840,158,180,166,185,151,863,143,130,187,215,188
E01000177,Barnet 029A,E02000052,Barnet 029,E09000003,Barnet,1835,363,299,493,435,245,927,198,160,250,221,98,908,165,139,243,214,147
E01000178,Barnet 027B,E02000050,Barnet 027,E09000003,Barnet,1835,402,306,380,474,273,924,200,170,194,238,122,911,202,136,186,236,151
E01000179,Barnet 029B,E02000052,Barnet 029,E09000003,Barnet,1780,335,279,578,451,137,915,174,154,302,218,67,865,161,125,276,233,70
E01000180,Barnet 029C,E02000052,Barnet 029,E09000003,Barnet,1778,373,288,450,362,305,844,181,137,228,172,126,934,192,151,222,190,179
E01000181,Barnet 029D,E02000052,Barnet 029,E09000003,Barnet,1804,327,310,470,455,242,929,162,159,262,237,109,875,165,151,208,218,133
E01000182,Barnet 029E,E02000052,Barnet 029,E09000003,Barnet,1888,303,386,462,454,283,975,179,218,254,205,119,913,124,168,208,249,164
E01000183,Barnet 033A,E02000056,Barnet 033,E09000003,Barnet,1678,347,222,371,381,357,821,161,125,187,191,157,857,186,97,184,190,200
E01000184,Barnet 027C,E02000050,Barnet 027,E09000003,Barnet,1762,410,320,409,413,210,877,215,164,180,206,112,885,195,156,229,207,98
E01000185,Barnet 029F,E02000052,Barnet 029,E09000003,Barnet,1528,297,331,412,329,159,776,172,182,204,147,71,752,125,149,208,182,88
E01000186,Barnet 014A,E02000037,Barnet 014,E09000003,Barnet,1739,504,246,288,388,313,871,259,129,150,192,141,868,245,117,138,196,172
E01000187,Barnet 014B,E02000037,Barnet 014,E09000003,Barnet,1736,489,260,328,357,302,865,258,134,165,167,141,871,231,126,163,190,161
E01000188,Barnet 014C,E02000037,Barnet 014,E09000003,Barnet,1542,347,217,249,390,339,790,195,120,123,196,156,752,152,97,126,194,183
E01000189,Barnet 014D,E02000037,Barnet 014,E09000003,Barnet,2235,583,406,668,410,168,1025,284,191,288,179,83,1210,299,215,380,231,85
E01000190,Barnet 014E,E02000037,Barnet 014,E09000003,Barnet,1715,412,223,336,436,308,815,198,106,155,221,135,900,214,117,181,215,173
E01000191,Barnet 014F,E02000037,Barnet 014,E09000003,Barnet,1585,368,189,289,341,398,794,200,105,148,156,185,791,168,84,141,185,213
E01000192,Barnet 018A,E02000041,Barnet 018,E09000003,Barnet,2151,522,320,484,487,338,1093,281,157,253,257,145,1058,241,163,231,230,193
E01000193,Barnet 018B,E02000041,Barnet 018,E09000003,Barnet,2106,449,384,494,448,331,1059,224,214,251,224,146,1047,225,170,243,224,185
E01000194,Barnet 018C,E02000041,Barnet 018,E09000003,Barnet,2012,481,311,516,445,259,1041,268,148,262,229,134,971,213,163,254,216,125
E01000195,Barnet 013A,E02000036,Barnet 013,E09000003,Barnet,1995,509,348,462,477,199,1020,260,167,247,250,96,975,249,181,215,227,103
E01000196,Barnet 028A,E02000051,Barnet 028,E09000003,Barnet,2344,360,416,746,467,355,1229,167,231,415,268,148,1115,193,185,331,199,207
E01000197,Barnet 023A,E02000046,Barnet 023,E09000003,Barnet,1979,371,319,595,460,234,989,179,157,306,243,104,990,192,162,289,217,130
E01000198,Barnet 025A,E02000048,Barnet 025,E09000003,Barnet,2201,566,311,506,482,336,1093,283,156,268,233,153,1108,283,155,238,249,183
E01000199,Barnet 025B,E02000048,Barnet 025,E09000003,Barnet,1642,305,195,295,387,460,763,144,104,129,191,195,879,161,91,166,196,265
E01000200,Barnet 028B,E02000051,Barnet 028,E09000003,Barnet,2083,405,301,441,447,489,1003,207,157,219,219,201,1080,198,144,222,228,288
E01000201,Barnet 028C,E02000051,Barnet 028,E09000003,Barnet,1676,384,213,302,380,397,773,172,108,145,173,175,903,212,105,157,207,222
E01000202,Barnet 028D,E02000051,Barnet 028,E09000003,Barnet,1797,336,293,441,458,269,887,165,140,236,229,117,910,171,153,205,229,152
E01000203,Barnet 028E,E02000051,Barnet 028,E09000003,Barnet,1972,393,398,430,462,289,994,196,229,199,235,135,978,197,169,231,227,154
E01000204,Barnet 025C,E02000048,Barnet 025,E09000003,Barnet,1877,350,261,429,465,372,934,183,115,231,221,184,943,167,146,198,244,188
E01000205,Barnet 035A,E02000058,Barnet 035,E09000003,Barnet,1669,381,206,362,416,304,783,180,103,169,178,153,886,201,103,193,238,151
E01000206,Barnet 033B,E02000056,Barnet 033,E09000003,Barnet,1555,315,220,249,453,318,747,165,117,116,199,150,808,150,103,133,254,168
E01000207,Barnet 033C,E02000056,Barnet 033,E09000003,Barnet,1657,369,270,287,413,318,826,187,160,140,201,138,831,182,110,147,212,180
E01000208,Barnet 033D,E02000056,Barnet 033,E09000003,Barnet,1700,348,259,363,412,318,833,194,146,187,186,120,867,154,113,176,226,198
E01000209,Barnet 035B,E02000058,Barnet 035,E09000003,Barnet,1502,276,121,250,358,497,701,152,69,125,152,203,801,124,52,125,206,294
E01000210,Barnet 033E,E02000056,Barnet 033,E09000003,Barnet,1620,416,220,341,394,249,766,218,109,151,176,112,854,198,111,190,218,137
E01000211,Barnet 035C,E02000058,Barnet 035,E09000003,Barnet,2286,384,544,617,460,281,1120,151,282,355,224,108,1166,233,262,262,236,173
E01000212,Barnet 035D,E02000058,Barnet 035,E09000003,Barnet,1511,286,249,293,382,301,728,149,116,154,161,148,783,137,133,139,221,153
E01000213,Barnet 033F,E02000056,Barnet 033,E09000003,Barnet,1399,347,221,200,387,244,662,171,106,100,174,111,737,176,115,100,213,133
E01000214,Barnet 038E,E02000061,Barnet 038,E09000003,Barnet,1885,302,338,539,438,268,937,142,182,276,212,125,948,160,156,263,226,143
E01000215,Barnet 037B,E02000060,Barnet 037,E09000003,Barnet,2328,709,506,472,321,320,1184,346,276,260,166,136,1144,363,230,212,155,184
E01000216,Barnet 035E,E02000058,Barnet 035,E09000003,Barnet,2132,545,383,463,455,286,1038,265,182,241,231,119,1094,280,201,222,224,167
E01000217,Barnet 035F,E02000058,Barnet 035,E09000003,Barnet,1851,516,337,400,359,239,981,290,165,219,181,126,870,226,172,181,178,113
E01000218,Barnet 037C,E02000060,Barnet 037,E09000003,Barnet,2050,613,411,449,364,213,1030,298,191,264,194,83,1020,315,220,185,170,130
E01000219,Barnet 037D,E02000060,Barnet 037,E09000003,Barnet,2080,622,415,528,330,185,1038,322,185,283,147,101,1042,300,230,245,183,84
E01000220,Barnet 037E,E02000060,Barnet 037,E09000003,Barnet,2188,488,409,544,397,350,1141,258,212,308,217,146,1047,230,197,236,180,204
E01000221,Barnet 039B,E02000062,Barnet 039,E09000003,Barnet,1340,384,235,289,321,111,651,191,138,138,136,48,689,193,97,151,185,63
E01000222,Barnet 040C,E02000063,Barnet 040,E09000003,Barnet,1989,449,358,490,483,209,1024,237,198,236,253,100,965,212,160,254,230,109
E01000223,Barnet 039C,E02000062,Barnet 039,E09000003,Barnet,1663,406,271,380,421,185,796,216,133,180,185,82,867,190,138,200,236,103
E01000224,Barnet 040D,E02000063,Barnet 040,E09000003,Barnet,1700,347,292,395,440,226,908,185,149,226,233,115,792,162,143,169,207,111
E01000225,Barnet 037F,E02000060,Barnet 037,E09000003,Barnet,1991,703,308,362,366,252,995,366,153,171,188,117,996,337,155,191,178,135
E01000226,Barnet 018D,E02000041,Barnet 018,E09000003,Barnet,1798,435,311,403,455,194,891,234,165,178,230,84,907,201,146,225,225,110
E01000227,Barnet 018E,E02000041,Barnet 018,E09000003,Barnet,1967,453,288,369,466,391,979,257,149,190,224,159,988,196,139,179,242,232
E01000228,Barnet 007A,E02000030,Barnet 007,E09000003,Barnet,1511,363,258,227,449,214,735,174,141,110,203,107,776,189,117,117,246,107
E01000229,Barnet 013B,E02000036,Barnet 013,E09000003,Barnet,1763,432,315,388,451,177,885,231,169,179,213,93,878,201,146,209,238,84
E01000230,Barnet 013C,E02000036,Barnet 013,E09000003,Barnet,1982,482,315,356,401,428,965,230,160,179,200,196,1017,252,155,177,201,232
E01000231,Barnet 013D,E02000036,Barnet 013,E09000003,Barnet,1989,450,354,394,559,232,989,247,193,179,262,108,1000,203,161,215,297,124
E01000232,Barnet 013E,E02000036,Barnet 013,E09000003,Barnet,1980,421,267,427,475,390,984,206,151,218,236,173,996,215,116,209,239,217
E01000233,Barnet 013F,E02000036,Barnet 013,E09000003,Barnet,1936,477,311,466,428,254,952,251,158,227,200,116,984,226,153,239,228,138
E01000234,Barnet 021D,E02000044,Barnet 021,E09000003,Barnet,1853,420,236,506,401,290,839,198,106,241,185,109,1014,222,130,265,216,181
E01000235,Barnet 021E,E02000044,Barnet 021,E09000003,Barnet,1950,455,375,448,491,181,954,217,214,212,225,86,996,238,161,236,266,95
E01000236,Barnet 034A,E02000057,Barnet 034,E09000003,Barnet,2039,562,474,484,304,215,1027,282,228,284,140,93,1012,280,246,200,164,122
E01000237,Barnet 032A,E02000055,Barnet 032,E09000003,Barnet,2206,457,562,584,382,221,1224,248,315,339,213,109,982,209,247,245,169,112
E01000238,Barnet 034B,E02000057,Barnet 034,E09000003,Barnet,2096,617,375,553,352,199,1081,344,174,279,183,101,1015,273,201,274,169,98
E01000239,Barnet 031A,E02000054,Barnet 031,E09000003,Barnet,2086,363,461,612,485,165,1052,185,231,322,244,70,1034,178,230,290,241,95
E01000240,Barnet 031B,E02000054,Barnet 031,E09000003,Barnet,1765,300,376,406,431,252,896,157,193,222,206,118,869,143,183,184,225,134
E01000241,Barnet 031C,E02000054,Barnet 031,E09000003,Barnet,1804,344,335,449,408,268,965,197,168,245,211,144,839,147,167,204,197,124
E01000242,Barnet 032B,E02000055,Barnet 032,E09000003,Barnet,1655,395,209,290,383,378,814,212,103,155,189,155,841,183,106,135,194,223
E01000243,Barnet 032C,E02000055,Barnet 032,E09000003,Barnet,2030,378,486,532,381,253,1055,192,268,290,185,120,975,186,218,242,196,133
E01000244,Barnet 032D,E02000055,Barnet 032,E09000003,Barnet,1738,254,479,435,342,228,960,144,287,258,169,102,778,110,192,177,173,126
E01000245,Barnet 032E,E02000055,Barnet 032,E09000003,Barnet,2231,440,516,535,521,219,1179,223,297,293,277,89,1052,217,219,242,244,130
E01000246,Barnet 002B,E02000025,Barnet 002,E09000003,Barnet,1528,293,161,310,419,345,731,155,74,160,196,146,797,138,87,150,223,199
E01000247,Barnet 002C,E02000025,Barnet 002,E09000003,Barnet,1736,318,256,415,514,233,841,164,121,191,257,108,895,154,135,224,257,125
E01000248,Barnet 001A,E02000024,Barnet 001,E09000003,Barnet,1800,338,237,326,528,371,895,170,127,160,279,159,905,168,110,166,249,212
E01000249,Barnet 001B,E02000024,Barnet 001,E09000003,Barnet,1487,270,203,238,460,316,715,143,103,120,229,120,772,127,100,118,231,196
E01000250,Barnet 001C,E02000024,Barnet 001,E09000003,Barnet,2789,493,513,625,730,428,1357,236,261,332,354,174,1432,257,252,293,376,254
E01000251,Barnet 002D,E02000025,Barnet 002,E09000003,Barnet,2057,403,279,470,552,353,1000,208,129,214,281,168,1057,195,150,256,271,185
E01000252,Barnet 002E,E02000025,Barnet 002,E09000003,Barnet,1703,316,236,393,439,319,823,167,114,187,227,128,880,149,122,206,212,191
E01000253,Barnet 007B,E02000030,Barnet 007,E09000003,Barnet,1663,254,236,188,518,467,762,139,122,88,234,179,901,115,114,100,284,288
E01000254,Barnet 001D,E02000024,Barnet 001,E09000003,Barnet,1631,307,204,247,499,374,778,163,111,113,239,152,853,144,93,134,260,222
E01000255,Barnet 017A,E02000040,Barnet 017,E09000003,Barnet,1401,286,232,248,372,263,689,158,120,122,178,111,712,128,112,126,194,152
E01000256,Barnet 016A,E02000039,Barnet 016,E09000003,Barnet,1927,424,269,407,513,314,890,194,119,205,231,141,1037,230,150,202,282,173
E01000257,Barnet 017B,E02000040,Barnet 017,E09000003,Barnet,1925,457,317,508,421,222,915,238,152,254,193,78,1010,219,165,254,228,144
E01000258,Barnet 016B,E02000039,Barnet 016,E09000003,Barnet,1916,389,301,381,486,359,955,206,162,189,241,157,961,183,139,192,245,202
E01000259,Barnet 025D,E02000048,Barnet 025,E09000003,Barnet,2782,579,435,685,700,383,1372,292,201,373,333,173,1410,287,234,312,367,210
E01000260,Barnet 025E,E02000048,Barnet 025,E09000003,Barnet,2205,523,378,595,484,225,1117,284,187,301,250,95,1088,239,191,294,234,130
E01000261,Barnet 017C,E02000040,Barnet 017,E09000003,Barnet,1753,311,257,249,456,480,837,149,143,136,196,213,916,162,114,113,260,267
E01000262,Barnet 017D,E02000040,Barnet 017,E09000003,Barnet,3373,921,520,923,647,362,1677,478,270,446,301,182,1696,443,250,477,346,180
E01000263,Barnet 016C,E02000039,Barnet 016,E09000003,Barnet,1582,367,232,272,439,272,767,180,112,129,208,138,815,187,120,143,231,134
E01000264,Barnet 016D,E02000039,Barnet 016,E09000003,Barnet,1830,382,280,475,472,221,953,206,140,253,243,111,877,176,140,222,229,110
E01000265,Barnet 011A,E02000034,Barnet 011,E09000003,Barnet,2105,474,294,572,510,255,1012,242,147,247,254,122,1093,232,147,325,256,133
E01000266,Barnet 011B,E02000034,Barnet 011,E09000003,Barnet,1453,277,208,239,421,308,739,150,117,112,196,164,714,127,91,127,225,144
E01000267,Barnet 005A,E02000028,Barnet 005,E09000003,Barnet,1582,287,210,356,476,253,824,146,129,192,231,126,758,141,81,164,245,127
E01000268,Barnet 005B,E02000028,Barnet 005,E09000003,Barnet,2301,557,358,644,454,288,1101,255,192,280,248,126,1200,302,166,364,206,162
E01000269,Barnet 005C,E02000028,Barnet 005,E09000003,Barnet,1432,250,220,281,420,261,725,131,108,157,201,128,707,119,112,124,219,133
E01000270,Barnet 005D,E02000028,Barnet 005,E09000003,Barnet,1494,294,173,323,417,287,745,159,90,161,209,126,749,135,83,162,208,161
E01000271,Barnet 008A,E02000031,Barnet 008,E09000003,Barnet,1598,325,211,299,436,327,776,166,118,140,217,135,822,159,93,159,219,192
E01000272,Barnet 008B,E02000031,Barnet 008,E09000003,Barnet,1402,245,178,252,380,347,670,117,86,113,195,159,732,128,92,139,185,188
E01000273,Barnet 008C,E02000031,Barnet 008,E09000003,Barnet,1631,258,214,353,418,388,740,117,102,171,193,157,891,141,112,182,225,231
E01000274,Barnet 011C,E02000034,Barnet 011,E09000003,Barnet,2015,438,343,424,525,285,973,214,187,196,252,124,1042,224,156,228,273,161
E01000275,Barnet 012A,E02000035,Barnet 012,E09000003,Barnet,1743,301,246,408,414,374,824,137,127,203,201,156,919,164,119,205,213,218
E01000276,Barnet 020A,E02000043,Barnet 020,E09000003,Barnet,1559,391,191,267,448,262,772,208,92,126,226,120,787,183,99,141,222,142
E01000277,Barnet 012B,E02000035,Barnet 012,E09000003,Barnet,2127,455,293,675,378,326,1033,222,138,347,187,139,1094,233,155,328,191,187
E01000278,Barnet 020B,E02000043,Barnet 020,E09000003,Barnet,1619,412,191,300,425,291,792,208,93,144,216,131,827,204,98,156,209,160
E01000279,Barnet 007C,E02000030,Barnet 007,E09000003,Barnet,1446,257,166,207,417,399,699,143,76,99,206,175,747,114,90,108,211,224
E01000280,Barnet 007D,E02000030,Barnet 007,E09000003,Barnet,1308,202,183,173,420,330,634,87,90,93,205,159,674,115,93,80,215,171
E01000281,Barnet 008D,E02000031,Barnet 008,E09000003,Barnet,1402,280,202,440,255,225,740,149,101,264,139,87,662,131,101,176,116,138
E01000282,Barnet 008E,E02000031,Barnet 008,E09000003,Barnet,1823,375,268,411,435,334,893,204,129,200,205,155,930,171,139,211,230,179
E01000283,Barnet 012C,E02000035,Barnet 012,E09000003,Barnet,1456,325,183,236,404,308,726,170,92,117,190,157,730,155,91,119,214,151
E01000284,Barnet 012D,E02000035,Barnet 012,E09000003,Barnet,1832,337,317,491,431,256,889,155,177,240,219,98,943,182,140,251,212,158
E01000285,Barnet 004A,E02000027,Barnet 004,E09000003,Barnet,1421,283,190,296,389,263,677,155,84,144,168,126,744,128,106,152,221,137
E01000286,Barnet 007E,E02000030,Barnet 007,E09000003,Barnet,1712,336,237,365,467,307,837,196,126,182,214,119,875,140,111,183,253,188
E01000287,Barnet 004B,E02000027,Barnet 004,E09000003,Barnet,1613,324,297,294,447,251,751,172,155,120,206,98,862,152,142,174,241,153
E01000288,Barnet 004C,E02000027,Barnet 004,E09000003,Barnet,1539,325,235,289,417,273,797,183,134,144,214,122,742,142,101,145,203,151
E01000289,Barnet 004D,E02000027,Barnet 004,E09000003,Barnet,1681,401,305,314,448,213,799,220,162,140,190,87,882,181,143,174,258,126
E01000290,Barnet 007F,E02000030,Barnet 007,E09000003,Barnet,1601,272,200,252,473,404,794,161,103,141,196,193,807,111,97,111,277,211
E01000291,Barnet 004E,E02000027,Barnet 004,E09000003,Barnet,1561,370,252,352,404,183,762,192,143,147,184,96,799,178,109,205,220,87
E01000292,Barnet 001E,E02000024,Barnet 001,E09000003,Barnet,1625,272,214,307,439,393,780,136,113,151,207,173,845,136,101,156,232,220
E01000293,Barnet 001F,E02000024,Barnet 001,E09000003,Barnet,1725,294,258,331,518,324,842,148,121,171,237,165,883,146,137,160,281,159
E01000294,Barnet 004F,E02000027,Barnet 004,E09000003,Barnet,1823,321,234,360,479,429,902,165,131,172,226,208,921,156,103,188,253,221
E01000295,Barnet 023B,E02000046,Barnet 023,E09000003,Barnet,1767,311,316,491,431,218,845,143,147,244,224,87,922,168,169,247,207,131
E01000296,Barnet 023C,E02000046,Barnet 023,E09000003,Barnet,1868,347,251,662,394,214,966,183,121,356,224,82,902,164,130,306,170,132
E01000297,Barnet 027D,E02000050,Barnet 027,E09000003,Barnet,1604,312,274,486,350,182,835,170,144,262,171,88,769,142,130,224,179,94
E01000298,Barnet 023D,E02000046,Barnet 023,E09000003,Barnet,2009,362,340,601,440,266,1028,193,175,310,229,121,981,169,165,291,211,145
E01000299,Barnet 019A,E02000042,Barnet 019,E09000003,Barnet,2222,471,318,633,503,297,1106,248,163,305,273,117,1116,223,155,328,230,180
E01000300,Barnet 019B,E02000042,Barnet 019,E09000003,Barnet,1757,359,221,476,451,250,864,180,108,228,227,121,893,179,113,248,224,129
E01000301,Barnet 020C,E02000043,Barnet 020,E09000003,Barnet,1620,366,209,368,385,292,788,212,85,177,187,127,832,154,124,191,198,165
E01000302,Barnet 019C,E02000042,Barnet 019,E09000003,Barnet,2085,374,338,653,479,241,1086,212,154,352,254,114,999,162,184,301,225,127
E01000303,Barnet 020D,E02000043,Barnet 020,E09000003,Barnet,1755,441,231,402,408,273,843,207,127,194,202,113,912,234,104,208,206,160
E01000304,Barnet 020E,E02000043,Barnet 020,E09000003,Barnet,1653,319,304,465,367,198,810,196,142,214,184,74,843,123,162,251,183,124
E01000305,Barnet 036B,E02000059,Barnet 036,E09000003,Barnet,1697,286,293,527,372,219,882,122,141,306,215,98,815,164,152,221,157,121
E01000306,Barnet 036C,E02000059,Barnet 036,E09000003,Barnet,1704,297,309,527,370,201,889,148,148,317,182,94,815,149,161,210,188,107
E01000307,Barnet 039D,E02000062,Barnet 039,E09000003,Barnet,1715,329,327,406,414,239,881,178,174,208,207,114,834,151,153,198,207,125
E01000308,Barnet 036D,E02000059,Barnet 036,E09000003,Barnet,2152,471,380,578,459,264,1035,244,170,291,226,104,1117,227,210,287,233,160
E01000309,Barnet 031D,E02000054,Barnet 031,E09000003,Barnet,1993,371,414,490,472,246,999,172,216,257,242,112,994,199,198,233,230,134
E01000310,Barnet 034C,E02000057,Barnet 034,E09000003,Barnet,2164,344,478,580,473,289,1119,178,225,322,267,127,1045,166,253,258,206,162
E01000311,Barnet 034D,E02000057,Barnet 034,E09000003,Barnet,1866,596,334,400,298,238,905,285,163,211,145,101,961,311,171,189,153,137
E01000312,Barnet 036E,E02000059,Barnet 036,E09000003,Barnet,1799,376,290,446,536,151,917,191,160,231,270,65,882,185,130,215,266,86
E01000313,Barnet 036F,E02000059,Barnet 036,E09000003,Barnet,2260,465,453,721,413,208,1188,236,241,407,219,85,1072,229,212,314,194,123
E01000314,Barnet 032F,E02000055,Barnet 032,E09000003,Barnet,2134,366,471,580,484,233,1066,187,231,287,258,103,1068,179,240,293,226,130
E01000315,Barnet 022F,E02000045,Barnet 022,E09000003,Barnet,1741,344,353,269,537,238,856,170,197,112,266,111,885,174,156,157,271,127
E01000316,Barnet 027E,E02000050,Barnet 027,E09000003,Barnet,2519,564,455,686,530,284,1254,267,250,356,260,121,1265,297,205,330,270,163
E01000317,Barnet 019D,E02000042,Barnet 019,E09000003,Barnet,1806,382,268,447,447,262,880,194,146,235,207,98,926,188,122,212,240,164
E01000318,Barnet 019E,E02000042,Barnet 019,E09000003,Barnet,1904,365,308,381,503,347,952,198,163,194,239,158,952,167,145,187,264,189
E01000319,Barnet 027F,E02000050,Barnet 027,E09000003,Barnet,1587,331,241,349,437,229,808,165,121,190,223,109,779,166,120,159,214,120
E01000320,Barnet 011D,E02000034,Barnet 011,E09000003,Barnet,1880,328,321,412,495,324,894,173,156,200,235,130,986,155,165,212,260,194
E01000321,Barnet 012E,E02000035,Barnet 012,E09000003,Barnet,1919,322,349,585,407,256,914,150,168,311,199,86,1005,172,181,274,208,170
E01000322,Barnet 011E,E02000034,Barnet 011,E09000003,Barnet,1903,382,228,524,437,332,898,192,108,250,216,132,1005,190,120,274,221,200
E01000323,Barnet 019F,E02000042,Barnet 019,E09000003,Barnet,2473,503,413,720,517,320,1258,249,205,384,293,127,1215,254,208,336,224,193
E01000324,Barnet 015F,E02000038,Barnet 015,E09000003,Barnet,1846,390,267,434,488,267,898,184,141,239,215,119,948,206,126,195,273,148
E01000325,Bexley 014A,E02000078,Bexley 014,E09000004,Bexley,1636,291,266,309,436,334,814,159,133,152,215,155,822,132,133,157,221,179
E01000326,Bexley 014B,E02000078,Bexley 014,E09000004,Bexley,1363,290,244,358,296,175,665,154,126,172,134,79,698,136,118,186,162,96
E01000327,Bexley 017A,E02000081,Bexley 017,E09000004,Bexley,1639,293,261,290,419,376,800,148,128,144,211,169,839,145,133,146,208,207
E01000328,Bexley 017B,E02000081,Bexley 017,E09000004,Bexley,1500,259,201,298,385,357,725,150,114,135,179,147,775,109,87,163,206,210
E01000329,Bexley 017C,E02000081,Bexley 017,E09000004,Bexley,1621,349,223,368,415,266,729,150,114,179,178,108,892,199,109,189,237,158
E01000330,Bexley 017D,E02000081,Bexley 017,E09000004,Bexley,1602,267,226,285,447,377,728,121,115,137,221,134,874,146,111,148,226,243
E01000331,Bexley 017E,E02000081,Bexley 017,E09000004,Bexley,1724,421,255,335,444,269,890,269,136,157,221,107,834,152,119,178,223,162
E01000332,Bexley 005A,E02000069,Bexley 005,E09000004,Bexley,1595,283,269,284,418,341,759,151,123,135,218,132,836,132,146,149,200,209
E01000333,Bexley 003A,E02000067,Bexley 003,E09000004,Bexley,1916,429,298,470,446,273,926,209,145,247,213,112,990,220,153,223,233,161
E01000334,Bexley 006A,E02000070,Bexley 006,E09000004,Bexley,1702,335,289,352,448,278,827,177,141,188,212,109,875,158,148,164,236,169
E01000335,Bexley 003B,E02000067,Bexley 003,E09000004,Bexley,2708,703,518,744,540,203,1344,379,230,376,266,93,1364,324,288,368,274,110
E01000336,Bexley 003C,E02000067,Bexley 003,E09000004,Bexley,2110,536,447,475,440,212,1040,266,239,225,212,98,1070,270,208,250,228,114
E01000337,Bexley 003D,E02000067,Bexley 003,E09000004,Bexley,1753,419,318,424,417,175,878,213,159,204,211,91,875,206,159,220,206,84
E01000338,Bexley 003E,E02000067,Bexley 003,E09000004,Bexley,1967,458,354,493,453,209,987,224,192,239,240,92,980,234,162,254,213,117
E01000339,Bexley 025A,E02000089,Bexley 025,E09000004,Bexley,1595,353,226,306,423,287,762,183,111,149,194,125,833,170,115,157,229,162
E01000340,Bexley 018A,E02000082,Bexley 018,E09000004,Bexley,1482,286,211,277,386,322,745,173,107,129,200,136,737,113,104,148,186,186
E01000341,Bexley 022A,E02000086,Bexley 022,E09000004,Bexley,1544,244,228,231,474,367,729,119,116,118,215,161,815,125,112,113,259,206
E01000342,Bexley 022B,E02000086,Bexley 022,E09000004,Bexley,1613,320,277,335,432,249,776,167,137,160,204,108,837,153,140,175,228,141
E01000343,Bexley 022C,E02000086,Bexley 022,E09000004,Bexley,1560,323,243,312,402,280,773,165,126,159,191,132,787,158,117,153,211,148
E01000344,Bexley 025B,E02000089,Bexley 025,E09000004,Bexley,1611,309,275,333,405,289,767,157,139,146,204,121,844,152,136,187,201,168
E01000345,Bexley 022D,E02000086,Bexley 022,E09000004,Bexley,1309,242,209,218,393,247,660,145,102,106,189,118,649,97,107,112,204,129
E01000346,Bexley 021A,E02000085,Bexley 021,E09000004,Bexley,1634,349,292,318,394,281,788,186,135,155,181,131,846,163,157,163,213,150
E01000347,Bexley 021B,E02000085,Bexley 021,E09000004,Bexley,1462,276,257,272,377,280,702,146,116,145,172,123,760,130,141,127,205,157
E01000348,Bexley 020A,E02000084,Bexley 020,E09000004,Bexley,1535,310,233,249,459,284,807,172,125,140,227,143,728,138,108,109,232,141
E01000349,Bexley 020B,E02000084,Bexley 020,E09000004,Bexley,1626,311,219,278,439,379,777,157,111,134,198,177,849,154,108,144,241,202
E01000350,Bexley 021C,E02000085,Bexley 021,E09000004,Bexley,1507,282,278,286,420,241,737,142,132,148,200,115,770,140,146,138,220,126
E01000351,Bexley 024A,E02000088,Bexley 024,E09000004,Bexley,1625,281,296,274,444,330,779,131,147,136,217,148,846,150,149,138,227,182
E01000352,Bexley 021D,E02000085,Bexley 021,E09000004,Bexley,1678,331,256,356,430,305,773,154,126,172,203,118,905,177,130,184,227,187
E01000353,Bexley 011A,E02000075,Bexley 011,E09000004,Bexley,1683,276,208,261,464,474,808,146,111,115,225,211,875,130,97,146,239,263
E01000354,Bexley 011B,E02000075,Bexley 011,E09000004,Bexley,1489,274,231,302,417,265,714,150,124,153,187,100,775,124,107,149,230,165
E01000355,Bexley 011C,E02000075,Bexley 011,E09000004,Bexley,1599,241,208,269,456,425,806,144,114,126,223,199,793,97,94,143,233,226
E01000356,Bexley 009A,E02000073,Bexley 009,E09000004,Bexley,1618,301,192,303,404,418,784,150,98,143,208,185,834,151,94,160,196,233
E01000357,Bexley 009B,E02000073,Bexley 009,E09000004,Bexley,1468,286,233,293,412,244,707,153,106,138,198,112,761,133,127,155,214,132
E01000358,Bexley 011D,E02000075,Bexley 011,E09000004,Bexley,1666,289,231,320,463,363,820,150,114,175,213,168,846,139,117,145,250,195
E01000359,Bexley 009C,E02000073,Bexley 009,E09000004,Bexley,1256,209,197,203,355,292,607,104,93,98,174,138,649,105,104,105,181,154
E01000360,Bexley 015A,E02000079,Bexley 015,E09000004,Bexley,1922,358,343,439,461,321,958,203,182,208,241,124,964,155,161,231,220,197
E01000361,Bexley 020C,E02000084,Bexley 020,E09000004,Bexley,1648,327,243,380,461,237,811,169,123,195,222,102,837,158,120,185,239,135
E01000362,Bexley 015B,E02000079,Bexley 015,E09000004,Bexley,1641,298,214,335,421,373,765,153,102,161,212,137,876,145,112,174,209,236
E01000363,Bexley 020D,E02000084,Bexley 020,E09000004,Bexley,1565,299,216,309,420,321,795,153,121,171,197,153,770,146,95,138,223,168
E01000364,Bexley 023A,E02000087,Bexley 023,E09000004,Bexley,1664,298,239,359,458,310,810,154,107,181,231,137,854,144,132,178,227,173
E01000365,Bexley 015C,E02000079,Bexley 015,E09000004,Bexley,1833,343,300,372,395,423,839,164,145,186,188,156,994,179,155,186,207,267
E01000366,Bexley 015D,E02000079,Bexley 015,E09000004,Bexley,1683,351,255,439,424,214,826,200,118,220,191,97,857,151,137,219,233,117
E01000367,Bexley 010A,E02000074,Bexley 010,E09000004,Bexley,2167,542,336,481,566,242,1011,268,156,200,275,112,1156,274,180,281,291,130
E01000368,Bexley 010B,E02000074,Bexley 010,E09000004,Bexley,1671,438,262,358,437,176,784,227,127,157,195,78,887,211,135,201,242,98
E01000369,Bexley 014C,E02000078,Bexley 014,E09000004,Bexley,1710,297,238,360,481,334,840,161,131,183,225,140,870,136,107,177,256,194
E01000370,Bexley 014D,E02000078,Bexley 014,E09000004,Bexley,1604,272,205,294,431,402,805,154,108,150,210,183,799,118,97,144,221,219
E01000371,Bexley 014E,E02000078,Bexley 014,E09000004,Bexley,1609,332,235,404,367,271,799,175,126,204,173,121,810,157,109,200,194,150
E01000372,Bexley 010C,E02000074,Bexley 010,E09000004,Bexley,1659,389,279,339,418,234,804,195,136,153,201,119,855,194,143,186,217,115
E01000373,Bexley 008A,E02000072,Bexley 008,E09000004,Bexley,1297,430,241,347,204,75,602,223,100,150,101,28,695,207,141,197,103,47
E01000374,Bexley 019A,E02000083,Bexley 019,E09000004,Bexley,1640,479,326,296,388,151,796,239,180,126,189,62,844,240,146,170,199,89
E01000375,Bexley 019B,E02000083,Bexley 019,E09000004,Bexley,2105,499,320,603,467,216,1070,252,182,297,235,104,1035,247,138,306,232,112
E01000376,Bexley 019C,E02000083,Bexley 019,E09000004,Bexley,1633,356,266,355,421,235,785,185,126,174,203,97,848,171,140,181,218,138
E01000377,Bexley 019D,E02000083,Bexley 019,E09000004,Bexley,1455,242,209,339,359,306,741,110,111,192,183,145,714,132,98,147,176,161
E01000378,Bexley 019E,E02000083,Bexley 019,E09000004,Bexley,2961,600,582,714,679,386,1480,297,266,392,355,170,1481,303,316,322,324,216
E01000379,Bexley 019F,E02000083,Bexley 019,E09000004,Bexley,1774,351,323,368,480,252,905,185,182,194,219,125,869,166,141,174,261,127
E01000380,Bexley 010D,E02000074,Bexley 010,E09000004,Bexley,1728,258,283,407,462,318,819,127,146,191,205,150,909,131,137,216,257,168
E01000381,Bexley 028A,E02000092,Bexley 028,E09000004,Bexley,1710,382,286,342,444,256,792,184,125,171,204,108,918,198,161,171,240,148
E01000382,Bexley 027A,E02000091,Bexley 027,E09000004,Bexley,1552,315,221,264,449,303,754,181,110,127,201,135,798,134,111,137,248,168
E01000383,Bexley 028B,E02000092,Bexley 028,E09000004,Bexley,1488,248,222,222,435,361,716,138,113,93,218,154,772,110,109,129,217,207
E01000384,Bexley 027B,E02000091,Bexley 027,E09000004,Bexley,1708,324,280,338,423,343,806,184,137,150,206,129,902,140,143,188,217,214
E01000385,Bexley 028C,E02000092,Bexley 028,E09000004,Bexley,2046,525,370,492,441,218,957,266,189,210,194,98,1089,259,181,282,247,120
E01000386,Bexley 028D,E02000092,Bexley 028,E09000004,Bexley,1539,341,272,292,379,255,661,166,115,115,177,88,878,175,157,177,202,167
E01000387,Bexley 027C,E02000091,Bexley 027,E09000004,Bexley,1577,297,233,271,456,320,734,139,126,120,208,141,843,158,107,151,248,179
E01000388,Bexley 016A,E02000080,Bexley 016,E09000004,Bexley,1553,272,208,270,414,389,732,148,107,119,203,155,821,124,101,151,211,234
E01000389,Bexley 020E,E02000084,Bexley 020,E09000004,Bexley,1750,306,241,418,392,393,874,158,122,203,207,184,876,148,119,215,185,209
E01000390,Bexley 020F,E02000084,Bexley 020,E09000004,Bexley,1259,241,176,216,351,275,610,126,86,109,167,122,649,115,90,107,184,153
E01000391,Bexley 021E,E02000085,Bexley 021,E09000004,Bexley,1763,353,336,399,422,253,831,166,148,209,194,114,932,187,188,190,228,139
E01000392,Bexley 016B,E02000080,Bexley 016,E09000004,Bexley,2146,543,381,569,489,164,1003,265,179,267,207,85,1143,278,202,302,282,79
E01000393,Bexley 020G,E02000084,Bexley 020,E09000004,Bexley,1698,368,263,404,429,234,855,217,137,195,209,97,843,151,126,209,220,137
E01000394,Bexley 015E,E02000079,Bexley 015,E09000004,Bexley,1689,311,256,338,400,384,760,142,133,160,184,141,929,169,123,178,216,243
E01000395,Bexley 018B,E02000082,Bexley 018,E09000004,Bexley,1533,298,240,328,398,269,768,132,131,172,205,128,765,166,109,156,193,141
E01000396,Bexley 018C,E02000082,Bexley 018,E09000004,Bexley,1371,278,222,261,366,244,710,155,124,131,180,120,661,123,98,130,186,124
E01000398,Bexley 029A,E02006785,Bexley 029,E09000004,Bexley,1646,328,280,312,454,272,799,171,166,149,205,108,847,157,114,163,249,164
E01000399,Bexley 029B,E02006785,Bexley 029,E09000004,Bexley,1582,292,221,328,368,373,746,143,100,168,173,162,836,149,121,160,195,211
E01000400,Bexley 029C,E02006785,Bexley 029,E09000004,Bexley,1570,289,267,315,427,272,767,163,137,143,200,124,803,126,130,172,227,148
E01000401,Bexley 013A,E02000077,Bexley 013,E09000004,Bexley,1850,332,320,402,465,331,830,172,141,188,199,130,1020,160,179,214,266,201
E01000402,Bexley 005B,E02000069,Bexley 005,E09000004,Bexley,1614,380,269,331,395,239,763,189,113,144,207,110,851,191,156,187,188,129
E01000403,Bexley 004A,E02000068,Bexley 004,E09000004,Bexley,2266,526,360,489,479,412,1103,300,168,239,220,176,1163,226,192,250,259,236
E01000404,Bexley 004B,E02000068,Bexley 004,E09000004,Bexley,2533,701,579,645,514,94,1281,382,289,299,265,46,1252,319,290,346,249,48
E01000405,Bexley 004C,E02000068,Bexley 004,E09000004,Bexley,1552,403,302,368,391,88,780,186,162,186,208,38,772,217,140,182,183,50
E01000406,Bexley 005C,E02000069,Bexley 005,E09000004,Bexley,1988,538,373,504,433,140,1008,299,169,262,210,68,980,239,204,242,223,72
E01000407,Bexley 005D,E02000069,Bexley 005,E09000004,Bexley,1714,309,262,347,401,395,830,171,136,166,195,162,884,138,126,181,206,233
E01000408,Bexley 004D,E02000068,Bexley 004,E09000004,Bexley,1852,456,356,415,460,165,924,236,195,189,233,71,928,220,161,226,227,94
E01000409,Bexley 016C,E02000080,Bexley 016,E09000004,Bexley,1741,324,255,341,483,338,856,185,129,157,215,170,885,139,126,184,268,168
E01000410,Bexley 018D,E02000082,Bexley 018,E09000004,Bexley,1660,328,274,367,440,251,839,179,144,175,224,117,821,149,130,192,216,134
E01000411,Bexley 016D,E02000080,Bexley 016,E09000004,Bexley,1466,250,264,294,390,268,683,118,132,144,173,116,783,132,132,150,217,152
E01000412,Bexley 018E,E02000082,Bexley 018,E09000004,Bexley,1802,392,286,461,451,212,885,200,135,212,236,102,917,192,151,249,215,110
E01000413,Bexley 018F,E02000082,Bexley 018,E09000004,Bexley,1380,260,258,267,356,239,660,136,129,136,164,95,720,124,129,131,192,144
E01000414,Bexley 016E,E02000080,Bexley 016,E09000004,Bexley,1975,399,376,458,449,293,1000,230,196,244,223,107,975,169,180,214,226,186
E01000415,Bexley 016F,E02000080,Bexley 016,E09000004,Bexley,1457,216,265,250,443,283,753,134,147,124,228,120,704,82,118,126,215,163
E01000416,Bexley 002A,E02000066,Bexley 002,E09000004,Bexley,1774,408,365,371,420,210,852,206,163,183,206,94,922,202,202,188,214,116
E01000417,Bexley 006B,E02000070,Bexley 006,E09000004,Bexley,1837,337,293,403,506,298,867,168,130,182,258,129,970,169,163,221,248,169
E01000418,Bexley 002B,E02000066,Bexley 002,E09000004,Bexley,2065,435,353,495,503,279,985,211,182,229,250,113,1080,224,171,266,253,166
E01000419,Bexley 006C,E02000070,Bexley 006,E09000004,Bexley,1357,233,199,240,355,330,655,129,101,104,179,142,702,104,98,136,176,188
E01000420,Bexley 006D,E02000070,Bexley 006,E09000004,Bexley,1520,268,290,225,434,303,726,132,163,101,196,134,794,136,127,124,238,169
E01000421,Bexley 009D,E02000073,Bexley 009,E09000004,Bexley,1477,216,191,244,437,389,719,115,104,110,212,178,758,101,87,134,225,211
E01000422,Bexley 002C,E02000066,Bexley 002,E09000004,Bexley,1567,427,305,339,380,116,789,207,160,154,204,64,778,220,145,185,176,52
E01000423,Bexley 025C,E02000089,Bexley 025,E09000004,Bexley,1637,318,210,315,431,363,807,160,125,151,216,155,830,158,85,164,215,208
E01000424,Bexley 026A,E02000090,Bexley 026,E09000004,Bexley,1671,242,290,297,453,389,829,136,157,143,217,176,842,106,133,154,236,213
E01000425,Bexley 025D,E02000089,Bexley 025,E09000004,Bexley,1725,322,213,279,454,457,822,164,119,119,238,182,903,158,94,160,216,275
E01000426,Bexley 026B,E02000090,Bexley 026,E09000004,Bexley,1594,297,259,374,414,250,781,153,135,175,205,113,813,144,124,199,209,137
E01000427,Bexley 026C,E02000090,Bexley 026,E09000004,Bexley,2225,427,381,409,515,493,1010,212,161,209,239,189,1215,215,220,200,276,304
E01000428,Bexley 027D,E02000091,Bexley 027,E09000004,Bexley,1860,232,414,365,391,458,814,130,191,163,191,139,1046,102,223,202,200,319
E01000429,Bexley 008B,E02000072,Bexley 008,E09000004,Bexley,1718,498,302,433,348,137,838,277,130,188,175,68,880,221,172,245,173,69
E01000430,Bexley 008C,E02000072,Bexley 008,E09000004,Bexley,2238,592,443,516,542,145,1071,303,229,245,244,50,1167,289,214,271,298,95
E01000431,Bexley 008D,E02000072,Bexley 008,E09000004,Bexley,1502,351,299,314,396,142,770,173,165,147,206,79,732,178,134,167,190,63
E01000432,Bexley 008E,E02000072,Bexley 008,E09000004,Bexley,2456,684,374,632,545,221,1153,334,176,259,280,104,1303,350,198,373,265,117
E01000433,Bexley 008F,E02000072,Bexley 008,E09000004,Bexley,2073,567,459,411,457,179,996,307,211,178,235,65,1077,260,248,233,222,114
E01000434,Bexley 008G,E02000072,Bexley 008,E09000004,Bexley,1755,457,353,295,461,189,772,227,176,97,194,78,983,230,177,198,267,111
E01000435,Bexley 010E,E02000074,Bexley 010,E09000004,Bexley,1458,352,239,291,355,221,670,172,111,122,179,86,788,180,128,169,176,135
E01000436,Bexley 011E,E02000075,Bexley 011,E09000004,Bexley,1784,329,266,318,455,416,898,170,146,160,218,204,886,159,120,158,237,212
E01000437,Bexley 007A,E02000071,Bexley 007,E09000004,Bexley,1340,234,248,234,412,212,656,132,120,118,192,94,684,102,128,116,220,118
E01000438,Bexley 007B,E02000071,Bexley 007,E09000004,Bexley,1751,412,341,349,430,219,872,205,186,175,209,97,879,207,155,174,221,122
E01000439,Bexley 007C,E02000071,Bexley 007,E09000004,Bexley,1420,326,225,327,375,167,717,158,125,163,197,74,703,168,100,164,178,93
E01000440,Bexley 007D,E02000071,Bexley 007,E09000004,Bexley,1423,234,234,229,410,316,694,114,133,109,199,139,729,120,101,120,211,177
E01000441,Bexley 007E,E02000071,Bexley 007,E09000004,Bexley,1712,417,302,395,421,177,828,233,125,192,212,66,884,184,177,203,209,111
E01000442,Bexley 006E,E02000070,Bexley 006,E09000004,Bexley,1663,330,246,303,467,317,777,156,116,154,212,139,886,174,130,149,255,178
E01000443,Bexley 024B,E02000088,Bexley 024,E09000004,Bexley,1323,265,230,279,330,219,619,143,122,124,139,91,704,122,108,155,191,128
E01000444,Bexley 023B,E02000087,Bexley 023,E09000004,Bexley,1678,278,255,251,485,409,816,152,129,112,240,183,862,126,126,139,245,226
E01000445,Bexley 024C,E02000088,Bexley 024,E09000004,Bexley,1684,334,214,309,416,411,811,182,113,148,211,157,873,152,101,161,205,254
E01000446,Bexley 024D,E02000088,Bexley 024,E09000004,Bexley,1564,321,267,362,382,232,739,160,116,178,179,106,825,161,151,184,203,126
E01000447,Bexley 023C,E02000087,Bexley 023,E09000004,Bexley,1901,348,366,462,444,281,882,175,152,207,227,121,1019,173,214,255,217,160
E01000448,Bexley 023D,E02000087,Bexley 023,E09000004,Bexley,1324,200,183,186,427,328,659,103,103,79,217,157,665,97,80,107,210,171
E01000449,Bexley 023E,E02000087,Bexley 023,E09000004,Bexley,1466,256,169,242,395,404,689,133,78,106,197,175,777,123,91,136,198,229
E01000450,Bexley 009E,E02000073,Bexley 009,E09000004,Bexley,1870,413,327,397,487,246,913,219,152,193,242,107,957,194,175,204,245,139
E01000451,Bexley 009F,E02000073,Bexley 009,E09000004,Bexley,1734,337,286,366,452,293,854,163,150,178,222,141,880,174,136,188,230,152
E01000452,Bexley 009G,E02000073,Bexley 009,E09000004,Bexley,1436,316,236,276,404,204,693,157,120,131,188,97,743,159,116,145,216,107
E01000453,Bexley 013B,E02000077,Bexley 013,E09000004,Bexley,1474,286,251,320,380,237,713,144,120,148,190,111,761,142,131,172,190,126
E01000454,Bexley 013C,E02000077,Bexley 013,E09000004,Bexley,1682,332,267,388,427,268,779,148,140,182,199,110,903,184,127,206,228,158
E01000455,Bexley 013D,E02000077,Bexley 013,E09000004,Bexley,1761,331,295,394,459,282,842,153,146,200,212,131,919,178,149,194,247,151
E01000456,Bexley 013E,E02000077,Bexley 013,E09000004,Bexley,1447,288,234,286,416,223,691,137,128,131,184,111,756,151,106,155,232,112
E01000457,Bexley 026D,E02000090,Bexley 026,E09000004,Bexley,2118,336,464,547,420,351,949,172,201,254,201,121,1169,164,263,293,219,230
E01000458,Bexley 027E,E02000091,Bexley 027,E09000004,Bexley,1457,191,239,200,388,439,643,84,112,88,184,175,814,107,127,112,204,264
E01000459,Bexley 027F,E02000091,Bexley 027,E09000004,Bexley,1823,298,337,331,438,419,870,160,167,169,222,152,953,138,170,162,216,267
E01000460,Bexley 022E,E02000086,Bexley 022,E09000004,Bexley,1255,210,173,223,392,257,625,108,85,115,186,131,630,102,88,108,206,126
E01000461,Bexley 024E,E02000088,Bexley 024,E09000004,Bexley,1602,307,245,281,450,319,778,143,130,137,211,157,824,164,115,144,239,162
E01000462,Bexley 026E,E02000090,Bexley 026,E09000004,Bexley,1875,266,493,339,353,424,833,139,227,151,165,151,1042,127,266,188,188,273
E01000463,Bexley 025E,E02000089,Bexley 025,E09000004,Bexley,1236,246,192,233,374,191,629,125,113,122,176,93,607,121,79,111,198,98
E01000464,Bexley 002D,E02000066,Bexley 002,E09000004,Bexley,1635,388,311,301,445,190,812,184,164,142,225,97,823,204,147,159,220,93
E01000465,Bexley 002E,E02000066,Bexley 002,E09000004,Bexley,1785,410,314,363,482,216,935,208,178,174,265,110,850,202,136,189,217,106
E01000466,Bexley 001A,E02000065,Bexley 001,E09000004,Bexley,1926,506,370,392,489,169,956,279,169,176,253,79,970,227,201,216,236,90
E01000467,Bexley 001B,E02000065,Bexley 001,E09000004,Bexley,1986,512,348,395,479,252,921,245,168,176,247,85,1065,267,180,219,232,167
E01000468,Bexley 001C,E02000065,Bexley 001,E09000004,Bexley,3134,917,605,702,787,123,1538,467,304,300,417,50,1596,450,301,402,370,73
E01000469,Bexley 001D,E02000065,Bexley 001,E09000004,Bexley,1905,458,319,403,562,163,938,224,159,183,287,85,967,234,160,220,275,78
E01000470,Bexley 002F,E02000066,Bexley 002,E09000004,Bexley,1356,378,258,297,293,130,629,206,113,128,131,51,727,172,145,169,162,79
E01000471,Brent 026A,E02000118,Brent 026,E09000005,Brent,1571,273,270,378,449,201,823,142,144,210,233,94,748,131,126,168,216,107
E01000472,Brent 029A,E02000121,Brent 029,E09000005,Brent,1902,431,335,632,355,149,1006,248,188,316,192,62,896,183,147,316,163,87
E01000473,Brent 029B,E02000121,Brent 029,E09000005,Brent,2345,549,404,580,526,286,1205,293,221,296,257,138,1140,256,183,284,269,148
E01000474,Brent 026B,E02000118,Brent 026,E09000005,Brent,2178,486,399,491,566,236,1137,253,217,271,266,130,1041,233,182,220,300,106
E01000475,Brent 029C,E02000121,Brent 029,E09000005,Brent,2035,424,332,572,448,259,1050,214,162,315,229,130,985,210,170,257,219,129
E01000476,Brent 026C,E02000118,Brent 026,E09000005,Brent,1728,299,342,365,461,261,882,150,195,193,233,111,846,149,147,172,228,150
E01000477,Brent 026D,E02000118,Brent 026,E09000005,Brent,2269,589,413,567,516,184,1215,320,224,297,278,96,1054,269,189,270,238,88
E01000478,Brent 029D,E02000121,Brent 029,E09000005,Brent,2116,511,361,496,485,263,1063,251,187,256,238,131,1053,260,174,240,247,132
E01000479,Brent 009A,E02000101,Brent 009,E09000005,Brent,1637,302,267,319,433,316,822,144,147,180,202,149,815,158,120,139,231,167
E01000480,Brent 006A,E02000098,Brent 006,E09000005,Brent,1732,328,344,367,427,266,893,151,193,191,222,136,839,177,151,176,205,130
E01000481,Brent 009B,E02000101,Brent 009,E09000005,Brent,1560,399,236,384,330,211,779,209,113,194,169,94,781,190,123,190,161,117
E01000482,Brent 009C,E02000101,Brent 009,E09000005,Brent,2954,669,513,764,631,377,1483,345,272,407,298,161,1471,324,241,357,333,216
E01000483,Brent 009D,E02000101,Brent 009,E09000005,Brent,1820,513,268,384,460,195,928,266,139,203,232,88,892,247,129,181,228,107
E01000484,Brent 006B,E02000098,Brent 006,E09000005,Brent,1540,378,276,304,410,172,747,221,154,144,170,58,793,157,122,160,240,114
E01000485,Brent 006C,E02000098,Brent 006,E09000005,Brent,1389,307,223,308,315,236,734,178,123,156,166,111,655,129,100,152,149,125
E01000486,Brent 006D,E02000098,Brent 006,E09000005,Brent,1651,378,285,331,374,283,881,201,164,182,192,142,770,177,121,149,182,141
E01000487,Brent 006E,E02000098,Brent 006,E09000005,Brent,2035,454,370,514,391,306,1040,223,217,292,171,137,995,231,153,222,220,169
E01000488,Brent 022A,E02000114,Brent 022,E09000005,Brent,1613,312,343,390,375,193,822,147,201,195,182,97,791,165,142,195,193,96
E01000489,Brent 030A,E02000122,Brent 030,E09000005,Brent,1518,237,295,320,371,295,730,118,140,157,177,138,788,119,155,163,194,157
E01000490,Brent 023A,E02000115,Brent 023,E09000005,Brent,1821,251,406,640,382,142,863,116,182,325,177,63,958,135,224,315,205,79
E01000491,Brent 030B,E02000122,Brent 030,E09000005,Brent,1928,392,357,466,486,227,964,195,196,253,218,102,964,197,161,213,268,125
E01000492,Brent 030C,E02000122,Brent 030,E09000005,Brent,1293,222,198,276,370,227,637,131,85,149,176,96,656,91,113,127,194,131
E01000493,Brent 030D,E02000122,Brent 030,E09000005,Brent,1545,290,250,353,394,258,737,136,139,165,172,125,808,154,111,188,222,133
E01000494,Brent 023B,E02000115,Brent 023,E09000005,Brent,1778,254,400,462,386,276,885,121,212,246,191,115,893,133,188,216,195,161
E01000495,Brent 023C,E02000115,Brent 023,E09000005,Brent,1624,221,356,460,337,250,867,116,203,237,178,133,757,105,153,223,159,117
E01000497,Brent 011A,E02000103,Brent 011,E09000005,Brent,1672,285,350,345,448,244,836,131,188,186,202,129,836,154,162,159,246,115
E01000498,Brent 010B,E02000102,Brent 010,E09000005,Brent,1588,388,314,286,400,200,810,192,173,158,197,90,778,196,141,128,203,110
E01000499,Brent 011B,E02000103,Brent 011,E09000005,Brent,1935,491,430,405,422,187,951,235,231,194,203,88,984,256,199,211,219,99
E01000501,Brent 011C,E02000103,Brent 011,E09000005,Brent,1863,475,320,364,443,261,891,206,168,191,211,115,972,269,152,173,232,146
E01000502,Brent 011D,E02000103,Brent 011,E09000005,Brent,1759,504,259,363,397,236,845,222,136,177,206,104,914,282,123,186,191,132
E01000503,Brent 011E,E02000103,Brent 011,E09000005,Brent,2003,441,321,449,499,293,1044,241,174,239,256,134,959,200,147,210,243,159
E01000504,Brent 018A,E02000110,Brent 018,E09000005,Brent,1798,339,384,426,405,244,901,187,194,211,191,118,897,152,190,215,214,126
E01000505,Brent 018B,E02000110,Brent 018,E09000005,Brent,1712,333,387,387,392,213,899,162,221,208,201,107,813,171,166,179,191,106
E01000506,Brent 014A,E02000106,Brent 014,E09000005,Brent,1925,424,435,499,405,162,1020,232,254,245,211,78,905,192,181,254,194,84
E01000507,Brent 018C,E02000110,Brent 018,E09000005,Brent,1685,296,339,410,394,246,885,164,197,223,184,117,800,132,142,187,210,129
E01000508,Brent 025A,E02000117,Brent 025,E09000005,Brent,2296,574,396,498,537,291,1151,271,217,252,271,140,1145,303,179,246,266,151
E01000509,Brent 014B,E02000106,Brent 014,E09000005,Brent,1471,309,269,321,376,196,788,145,146,190,209,98,683,164,123,131,167,98
E01000510,Brent 014C,E02000106,Brent 014,E09000005,Brent,1785,451,291,448,382,213,947,240,145,254,212,96,838,211,146,194,170,117
E01000511,Brent 014D,E02000106,Brent 014,E09000005,Brent,1586,411,253,316,391,215,795,204,117,172,201,101,791,207,136,144,190,114
E01000512,Brent 018D,E02000110,Brent 018,E09000005,Brent,1833,348,358,503,408,216,971,184,206,289,209,83,862,164,152,214,199,133
E01000513,Brent 002A,E02000094,Brent 002,E09000005,Brent,1582,316,300,320,391,255,800,169,167,153,208,103,782,147,133,167,183,152
E01000514,Brent 002B,E02000094,Brent 002,E09000005,Brent,1489,336,252,388,338,175,797,176,149,207,176,89,692,160,103,181,162,86
E01000515,Brent 003A,E02000095,Brent 003,E09000005,Brent,1961,516,331,475,446,193,978,273,177,244,201,83,983,243,154,231,245,110
E01000516,Brent 002C,E02000094,Brent 002,E09000005,Brent,1894,420,332,471,429,242,970,205,172,259,219,115,924,215,160,212,210,127
E01000517,Brent 003B,E02000095,Brent 003,E09000005,Brent,1442,284,212,339,357,250,740,132,123,176,191,118,702,152,89,163,166,132
E01000518,Brent 005A,E02000097,Brent 005,E09000005,Brent,1590,317,314,295,436,228,813,165,188,157,214,89,777,152,126,138,222,139
E01000519,Brent 005B,E02000097,Brent 005,E09000005,Brent,1927,485,329,378,495,240,966,260,183,187,235,101,961,225,146,191,260,139
E01000520,Brent 002D,E02000094,Brent 002,E09000005,Brent,1792,415,267,392,419,299,903,226,117,220,219,121,889,189,150,172,200,178
E01000521,Brent 025B,E02000117,Brent 025,E09000005,Brent,2317,559,389,516,648,205,1182,285,186,270,358,83,1135,274,203,246,290,122
E01000522,Brent 025C,E02000117,Brent 025,E09000005,Brent,2027,542,368,401,515,201,989,292,190,168,244,95,1038,250,178,233,271,106
E01000523,Brent 031A,E02000123,Brent 031,E09000005,Brent,2711,669,463,702,654,223,1405,360,252,364,331,98,1306,309,211,338,323,125
E01000524,Brent 031B,E02000123,Brent 031,E09000005,Brent,2739,652,587,586,682,232,1448,362,317,297,362,110,1291,290,270,289,320,122
E01000525,Brent 031C,E02000123,Brent 031,E09000005,Brent,2053,464,366,441,586,196,1020,243,194,204,290,89,1033,221,172,237,296,107
E01000526,Brent 025D,E02000117,Brent 025,E09000005,Brent,2438,594,515,419,615,295,1180,307,301,206,233,133,1258,287,214,213,382,162
E01000527,Brent 025E,E02000117,Brent 025,E09000005,Brent,2195,611,367,450,522,245,1082,283,180,220,292,107,1113,328,187,230,230,138
E01000528,Brent 025F,E02000117,Brent 025,E09000005,Brent,1595,394,300,354,383,164,820,190,172,200,178,80,775,204,128,154,205,84
E01000530,Brent 033A,E02000125,Brent 033,E09000005,Brent,1712,317,248,409,478,260,822,139,139,195,236,113,890,178,109,214,242,147
E01000531,Brent 033B,E02000125,Brent 033,E09000005,Brent,1974,368,378,502,499,227,984,185,189,246,249,115,990,183,189,256,250,112
E01000532,Brent 033C,E02000125,Brent 033,E09000005,Brent,1534,245,268,412,395,214,803,115,161,227,202,98,731,130,107,185,193,116
E01000533,Brent 031E,E02000123,Brent 031,E09000005,Brent,2271,518,411,523,642,177,1237,268,237,297,352,83,1034,250,174,226,290,94
E01000534,Brent 033D,E02000125,Brent 033,E09000005,Brent,1606,348,258,369,431,200,762,159,142,180,192,89,844,189,116,189,239,111
E01000535,Brent 031F,E02000123,Brent 031,E09000005,Brent,2134,460,420,566,521,167,1076,216,234,306,239,81,1058,244,186,260,282,86
E01000536,Brent 004A,E02000096,Brent 004,E09000005,Brent,1594,299,217,345,365,368,816,162,122,198,173,161,778,137,95,147,192,207
E01000538,Brent 004B,E02000096,Brent 004,E09000005,Brent,1512,320,206,299,334,353,773,165,105,168,166,169,739,155,101,131,168,184
E01000539,Brent 004C,E02000096,Brent 004,E09000005,Brent,1580,305,223,318,351,383,785,161,118,168,167,171,795,144,105,150,184,212
E01000540,Brent 004D,E02000096,Brent 004,E09000005,Brent,1401,235,244,258,305,359,682,116,125,131,145,165,719,119,119,127,160,194
E01000541,Brent 004E,E02000096,Brent 004,E09000005,Brent,1367,308,204,304,305,246,696,166,107,162,148,113,671,142,97,142,157,133
E01000543,Brent 003E,E02000095,Brent 003,E09000005,Brent,1497,316,214,353,348,266,777,151,118,213,176,119,720,165,96,140,172,147
E01000544,Brent 034A,E02000126,Brent 034,E09000005,Brent,1681,374,340,389,435,143,843,197,164,209,214,59,838,177,176,180,221,84
E01000545,Brent 028A,E02000120,Brent 028,E09000005,Brent,1886,340,373,544,430,199,956,185,195,247,229,100,930,155,178,297,201,99
E01000546,Brent 028B,E02000120,Brent 028,E09000005,Brent,1691,317,314,459,403,198,826,172,157,226,184,87,865,145,157,233,219,111
E01000547,Brent 028C,E02000120,Brent 028,E09000005,Brent,1651,317,348,480,357,149,795,149,185,238,157,66,856,168,163,242,200,83
E01000548,Brent 028D,E02000120,Brent 028,E09000005,Brent,2184,302,530,687,446,219,1179,154,310,347,254,114,1005,148,220,340,192,105
E01000549,Brent 028E,E02000120,Brent 028,E09000005,Brent,1835,343,304,563,399,226,888,186,156,273,182,91,947,157,148,290,217,135
E01000550,Brent 034B,E02000126,Brent 034,E09000005,Brent,1929,372,396,452,444,265,928,188,204,216,196,124,1001,184,192,236,248,141
E01000551,Brent 034C,E02000126,Brent 034,E09000005,Brent,2600,674,479,536,653,258,1340,364,264,250,339,123,1260,310,215,286,314,135
E01000552,Brent 034D,E02000126,Brent 034,E09000005,Brent,1550,486,259,325,341,139,747,249,148,129,167,54,803,237,111,196,174,85
E01000553,Brent 015A,E02000107,Brent 015,E09000005,Brent,2185,421,451,601,507,205,1152,193,264,326,255,114,1033,228,187,275,252,91
E01000554,Brent 015B,E02000107,Brent 015,E09000005,Brent,2050,406,431,527,428,258,1068,199,248,276,231,114,982,207,183,251,197,144
E01000555,Brent 015C,E02000107,Brent 015,E09000005,Brent,1645,315,361,354,356,259,881,182,208,198,170,123,764,133,153,156,186,136
E01000556,Brent 015D,E02000107,Brent 015,E09000005,Brent,2163,340,517,663,482,161,1178,155,274,407,264,78,985,185,243,256,218,83
E01000557,Brent 015E,E02000107,Brent 015,E09000005,Brent,1949,316,482,557,405,189,1010,172,243,310,193,92,939,144,239,247,212,97
E01000558,Brent 015F,E02000107,Brent 015,E09000005,Brent,1559,251,366,404,364,174,792,136,206,211,169,70,767,115,160,193,195,104
E01000559,Brent 018E,E02000110,Brent 018,E09000005,Brent,1550,194,387,460,327,182,788,80,226,250,158,74,762,114,161,210,169,108
E01000560,Brent 023D,E02000115,Brent 023,E09000005,Brent,1657,207,491,358,430,171,891,117,267,205,223,79,766,90,224,153,207,92
E01000561,Brent 023E,E02000115,Brent 023,E09000005,Brent,1836,344,406,499,391,196,1017,177,259,289,196,96,819,167,147,210,195,100
E01000562,Brent 008A,E02000100,Brent 008,E09000005,Brent,1452,244,198,257,398,355,720,127,115,121,189,168,732,117,83,136,209,187
E01000563,Brent 008B,E02000100,Brent 008,E09000005,Brent,1419,226,199,240,418,336,727,110,102,140,197,178,692,116,97,100,221,158
E01000564,Brent 013A,E02000105,Brent 013,E09000005,Brent,1691,386,295,449,385,176,901,211,144,252,198,96,790,175,151,197,187,80
E01000565,Brent 013B,E02000105,Brent 013,E09000005,Brent,1617,337,256,348,399,277,809,159,140,188,203,119,808,178,116,160,196,158
E01000566,Brent 008C,E02000100,Brent 008,E09000005,Brent,1507,309,222,338,355,283,765,160,124,177,173,131,742,149,98,161,182,152
E01000567,Brent 016A,E02000108,Brent 016,E09000005,Brent,1308,282,187,297,304,238,641,140,97,154,146,104,667,142,90,143,158,134
E01000568,Brent 008D,E02000100,Brent 008,E09000005,Brent,2930,348,1399,602,387,194,1344,174,586,317,174,93,1586,174,813,285,213,101
E01000569,Brent 008E,E02000100,Brent 008,E09000005,Brent,1417,197,212,249,443,316,702,111,119,129,207,136,715,86,93,120,236,180
E01000570,Brent 012A,E02000104,Brent 012,E09000005,Brent,1681,333,273,380,432,263,844,164,144,211,202,123,837,169,129,169,230,140
E01000571,Brent 012B,E02000104,Brent 012,E09000005,Brent,1677,295,328,340,426,288,891,156,174,211,205,145,786,139,154,129,221,143
E01000572,Brent 007A,E02000099,Brent 007,E09000005,Brent,1389,307,227,277,348,230,674,153,106,147,163,105,715,154,121,130,185,125
E01000573,Brent 007B,E02000099,Brent 007,E09000005,Brent,1610,352,290,367,367,234,784,163,158,201,173,89,826,189,132,166,194,145
E01000574,Brent 007C,E02000099,Brent 007,E09000005,Brent,1451,345,227,340,331,208,754,183,120,196,162,93,697,162,107,144,169,115
E01000575,Brent 007D,E02000099,Brent 007,E09000005,Brent,1984,390,418,491,466,219,1049,208,216,285,240,100,935,182,202,206,226,119
E01000576,Brent 012C,E02000104,Brent 012,E09000005,Brent,1724,325,293,397,408,301,888,172,174,206,201,135,836,153,119,191,207,166
E01000577,Brent 007E,E02000099,Brent 007,E09000005,Brent,2438,675,462,585,499,217,1231,338,230,316,233,114,1207,337,232,269,266,103
E01000578,Brent 012D,E02000104,Brent 012,E09000005,Brent,2173,518,292,537,442,384,1135,295,153,298,223,166,1038,223,139,239,219,218
E01000579,Brent 032A,E02000124,Brent 032,E09000005,Brent,1530,287,294,426,349,174,739,136,148,204,169,82,791,151,146,222,180,92
E01000580,Brent 032B,E02000124,Brent 032,E09000005,Brent,2045,457,329,469,517,273,996,211,167,236,262,120,1049,246,162,233,255,153
E01000581,Brent 030E,E02000122,Brent 030,E09000005,Brent,1426,321,237,293,412,163,641,157,112,145,158,69,785,164,125,148,254,94
E01000582,Brent 032C,E02000124,Brent 032,E09000005,Brent,1712,422,261,384,416,229,818,211,135,170,209,93,894,211,126,214,207,136
E01000583,Brent 032D,E02000124,Brent 032,E09000005,Brent,2128,391,403,604,518,212,1068,209,211,298,255,95,1060,182,192,306,263,117
E01000584,Brent 033E,E02000125,Brent 033,E09000005,Brent,1613,351,260,388,406,208,809,207,139,187,195,81,804,144,121,201,211,127
E01000585,Brent 033F,E02000125,Brent 033,E09000005,Brent,1717,379,292,493,380,173,861,210,138,245,181,87,856,169,154,248,199,86
E01000586,Brent 032E,E02000124,Brent 032,E09000005,Brent,2591,463,564,838,534,192,1321,240,292,436,254,99,1270,223,272,402,280,93
E01000587,Brent 001A,E02000093,Brent 001,E09000005,Brent,1605,354,258,337,344,312,799,178,141,172,163,145,806,176,117,165,181,167
E01000588,Brent 002E,E02000094,Brent 002,E09000005,Brent,2520,556,516,559,602,287,1244,296,269,262,291,126,1276,260,247,297,311,161
E01000589,Brent 001B,E02000093,Brent 001,E09000005,Brent,2182,505,365,488,535,289,1104,251,187,243,290,133,1078,254,178,245,245,156
E01000590,Brent 001C,E02000093,Brent 001,E09000005,Brent,1764,335,272,395,469,293,882,173,143,205,229,132,882,162,129,190,240,161
E01000591,Brent 003F,E02000095,Brent 003,E09000005,Brent,2166,487,360,551,486,282,1161,258,191,305,271,136,1005,229,169,246,215,146
E01000592,Brent 001D,E02000093,Brent 001,E09000005,Brent,1546,301,263,336,384,262,788,163,127,182,187,129,758,138,136,154,197,133
E01000593,Brent 001E,E02000093,Brent 001,E09000005,Brent,2165,572,366,507,467,253,1095,301,220,271,187,116,1070,271,146,236,280,137
E01000594,Brent 001F,E02000093,Brent 001,E09000005,Brent,1797,429,294,444,392,238,937,211,157,250,202,117,860,218,137,194,190,121
E01000595,Brent 027A,E02000119,Brent 027,E09000005,Brent,1688,497,337,291,408,155,842,277,184,121,194,66,846,220,153,170,214,89
E01000596,Brent 021A,E02000113,Brent 021,E09000005,Brent,1728,495,317,334,391,191,868,236,183,177,180,92,860,259,134,157,211,99
E01000599,Brent 027D,E02000119,Brent 027,E09000005,Brent,1255,346,205,248,319,137,583,164,110,126,131,52,672,182,95,122,188,85
E01000600,Brent 027E,E02000119,Brent 027,E09000005,Brent,3686,978,711,859,794,344,1860,510,358,429,388,175,1826,468,353,430,406,169
E01000601,Brent 021B,E02000113,Brent 021,E09000005,Brent,1449,435,268,293,339,114,668,215,128,138,144,43,781,220,140,155,195,71
E01000602,Brent 021C,E02000113,Brent 021,E09000005,Brent,1511,360,310,230,422,189,773,206,178,98,200,91,738,154,132,132,222,98
E01000603,Brent 021D,E02000113,Brent 021,E09000005,Brent,1583,465,246,335,365,172,738,234,113,160,154,77,845,231,133,175,211,95
E01000604,Brent 021E,E02000113,Brent 021,E09000005,Brent,1739,419,394,264,453,209,818,195,209,116,188,110,921,224,185,148,265,99
E01000605,Brent 021F,E02000113,Brent 021,E09000005,Brent,1636,426,327,281,426,176,811,233,186,142,173,77,825,193,141,139,253,99
E01000606,Brent 016B,E02000108,Brent 016,E09000005,Brent,1715,357,285,423,417,233,890,181,142,242,223,102,825,176,143,181,194,131
E01000607,Brent 013C,E02000105,Brent 013,E09000005,Brent,2196,489,346,591,504,266,1150,272,195,322,255,106,1046,217,151,269,249,160
E01000608,Brent 013D,E02000105,Brent 013,E09000005,Brent,2426,533,359,702,539,293,1277,266,204,385,276,146,1149,267,155,317,263,147
E01000609,Brent 016C,E02000108,Brent 016,E09000005,Brent,1953,460,314,467,446,266,1006,247,172,255,234,98,947,213,142,212,212,168
E01000610,Brent 019A,E02000111,Brent 019,E09000005,Brent,2125,481,265,543,506,330,1117,249,140,320,246,162,1008,232,125,223,260,168
E01000611,Brent 016D,E02000108,Brent 016,E09000005,Brent,1580,366,270,424,339,181,783,184,147,224,161,67,797,182,123,200,178,114
E01000612,Brent 019B,E02000111,Brent 019,E09000005,Brent,1651,341,265,441,391,213,811,145,137,229,194,106,840,196,128,212,197,107
E01000613,Brent 013E,E02000105,Brent 013,E09000005,Brent,1816,469,274,495,409,169,924,245,139,265,199,76,892,224,135,230,210,93
E01000615,Brent 017B,E02000109,Brent 017,E09000005,Brent,2107,410,606,508,362,221,1003,207,243,262,181,110,1104,203,363,246,181,111
E01000616,Brent 020A,E02000112,Brent 020,E09000005,Brent,1832,322,324,527,467,192,972,181,146,301,253,91,860,141,178,226,214,101
E01000617,Brent 017C,E02000109,Brent 017,E09000005,Brent,1704,319,227,410,451,297,887,161,119,233,224,150,817,158,108,177,227,147
E01000618,Brent 017D,E02000109,Brent 017,E09000005,Brent,1442,303,203,263,411,262,697,141,107,142,194,113,745,162,96,121,217,149
E01000619,Brent 017E,E02000109,Brent 017,E09000005,Brent,1405,295,175,266,397,272,686,156,79,145,194,112,719,139,96,121,203,160
E01000620,Brent 020B,E02000112,Brent 020,E09000005,Brent,1706,276,277,358,450,345,873,121,151,199,237,165,833,155,126,159,213,180
E01000621,Brent 020C,E02000112,Brent 020,E09000005,Brent,1728,360,275,451,461,181,930,178,154,277,235,86,798,182,121,174,226,95
E01000622,Brent 010D,E02000102,Brent 010,E09000005,Brent,1656,403,301,412,398,142,833,211,163,209,189,61,823,192,138,203,209,81
E01000623,Brent 005C,E02000097,Brent 005,E09000005,Brent,1723,382,278,395,424,244,889,201,138,207,224,119,834,181,140,188,200,125
E01000624,Brent 005D,E02000097,Brent 005,E09000005,Brent,1745,377,283,334,415,336,851,175,146,182,199,149,894,202,137,152,216,187
E01000625,Brent 009E,E02000101,Brent 009,E09000005,Brent,1591,318,277,310,387,299,809,153,168,149,195,144,782,165,109,161,192,155
E01000626,Brent 010E,E02000102,Brent 010,E09000005,Brent,1443,373,255,298,325,192,678,192,137,132,145,72,765,181,118,166,180,120
E01000627,Brent 014E,E02000106,Brent 014,E09000005,Brent,2035,457,372,439,551,216,1025,225,185,247,275,93,1010,232,187,192,276,123
E01000628,Brent 014F,E02000106,Brent 014,E09000005,Brent,1892,401,366,474,440,211,1010,219,190,259,245,97,882,182,176,215,195,114
E01000629,Brent 005E,E02000097,Brent 005,E09000005,Brent,2042,427,350,488,517,260,1092,212,187,281,285,127,950,215,163,207,232,133
E01000630,Brent 026E,E02000118,Brent 026,E09000005,Brent,2699,612,410,731,674,272,1415,331,205,426,341,112,1284,281,205,305,333,160
E01000631,Brent 019C,E02000111,Brent 019,E09000005,Brent,2111,453,304,492,541,321,1092,236,151,289,273,143,1019,217,153,203,268,178
E01000632,Brent 029E,E02000121,Brent 029,E09000005,Brent,2363,457,408,553,615,330,1250,245,210,330,303,162,1113,212,198,223,312,168
E01000633,Brent 019D,E02000111,Brent 019,E09000005,Brent,2333,517,362,610,605,239,1272,268,180,363,354,107,1061,249,182,247,251,132
E01000634,Brent 019E,E02000111,Brent 019,E09000005,Brent,2726,620,430,728,711,237,1460,333,220,434,356,117,1266,287,210,294,355,120
E01000635,Brent 020D,E02000112,Brent 020,E09000005,Brent,3010,650,471,885,763,241,1631,355,237,516,416,107,1379,295,234,369,347,134
E01000636,Brent 020E,E02000112,Brent 020,E09000005,Brent,2254,392,403,535,633,291,1215,196,233,292,356,138,1039,196,170,243,277,153
E01000637,Brent 022B,E02000114,Brent 022,E09000005,Brent,1772,344,385,487,359,197,890,162,223,257,168,80,882,182,162,230,191,117
E01000638,Brent 024A,E02000116,Brent 024,E09000005,Brent,2249,513,457,596,520,163,1201,257,285,317,266,76,1048,256,172,279,254,87
E01000639,Brent 022C,E02000114,Brent 022,E09000005,Brent,1995,310,556,611,341,177,1088,156,308,372,175,77,907,154,248,239,166,100
E01000640,Brent 024B,E02000116,Brent 024,E09000005,Brent,2703,577,641,719,595,171,1490,306,376,422,300,86,1213,271,265,297,295,85
E01000641,Brent 024C,E02000116,Brent 024,E09000005,Brent,2114,497,496,514,431,176,1119,277,285,288,188,81,995,220,211,226,243,95
E01000642,Brent 022D,E02000114,Brent 022,E09000005,Brent,2500,336,687,796,472,209,1328,179,359,456,239,95,1172,157,328,340,233,114
E01000643,Brent 024D,E02000116,Brent 024,E09000005,Brent,2341,514,450,539,589,249,1139,266,233,266,265,109,1202,248,217,273,324,140
E01000644,Brent 022E,E02000114,Brent 022,E09000005,Brent,2088,355,469,559,456,249,1124,195,251,300,246,132,964,160,218,259,210,117
E01000645,Bromley 007A,E02000133,Bromley 007,E09000006,Bromley,1465,275,183,201,498,308,692,117,81,94,257,143,773,158,102,107,241,165
E01000646,Bromley 016A,E02000142,Bromley 016,E09000006,Bromley,1846,328,242,435,450,391,900,177,125,233,230,135,946,151,117,202,220,256
E01000647,Bromley 016B,E02000142,Bromley 016,E09000006,Bromley,1672,421,193,415,421,222,754,180,92,192,190,100,918,241,101,223,231,122
E01000648,Bromley 016C,E02000142,Bromley 016,E09000006,Bromley,1834,401,242,402,502,287,875,212,100,192,246,125,959,189,142,210,256,162
E01000649,Bromley 007B,E02000133,Bromley 007,E09000006,Bromley,1981,364,249,415,549,404,930,164,120,199,270,177,1051,200,129,216,279,227
E01000650,Bromley 022A,E02000148,Bromley 022,E09000006,Bromley,1968,406,241,340,534,447,968,211,123,165,261,208,1000,195,118,175,273,239
E01000651,Bromley 020A,E02000146,Bromley 020,E09000006,Bromley,1662,287,188,310,444,433,723,134,84,156,201,148,939,153,104,154,243,285
E01000652,Bromley 022B,E02000148,Bromley 022,E09000006,Bromley,1592,269,208,244,492,379,766,138,105,113,228,182,826,131,103,131,264,197
E01000653,Bromley 016D,E02000142,Bromley 016,E09000006,Bromley,1584,307,208,221,429,419,742,145,92,97,203,205,842,162,116,124,226,214
E01000654,Bromley 039A,E02000165,Bromley 039,E09000006,Bromley,1205,269,149,248,321,218,618,154,75,117,151,121,587,115,74,131,170,97
E01000655,Bromley 039B,E02000165,Bromley 039,E09000006,Bromley,1284,287,198,256,343,200,642,158,91,120,168,105,642,129,107,136,175,95
E01000656,Bromley 039C,E02000165,Bromley 039,E09000006,Bromley,1507,245,236,232,471,323,760,127,124,118,224,167,747,118,112,114,247,156
E01000657,Bromley 039D,E02000165,Bromley 039,E09000006,Bromley,1526,309,211,303,434,269,735,160,106,150,214,105,791,149,105,153,220,164
E01000658,Bromley 042A,E02006789,Bromley 042,E09000006,Bromley,1232,182,123,157,363,407,600,93,63,81,173,190,632,89,60,76,190,217
E01000659,Bromley 039E,E02000165,Bromley 039,E09000006,Bromley,1455,293,233,267,437,225,740,139,127,138,225,111,715,154,106,129,212,114
E01000661,Bromley 026A,E02000152,Bromley 026,E09000006,Bromley,2720,800,414,689,571,246,1264,411,210,315,230,98,1456,389,204,374,341,148
E01000662,Bromley 026B,E02000152,Bromley 026,E09000006,Bromley,1874,399,344,355,541,235,936,212,188,165,270,101,938,187,156,190,271,134
E01000663,Bromley 026C,E02000152,Bromley 026,E09000006,Bromley,1716,400,210,350,453,303,809,222,94,160,220,113,907,178,116,190,233,190
E01000664,Bromley 026D,E02000152,Bromley 026,E09000006,Bromley,1693,380,251,321,448,293,846,217,141,161,193,134,847,163,110,160,255,159
E01000665,Bromley 033A,E02000159,Bromley 033,E09000006,Bromley,1834,365,289,359,501,320,874,180,161,167,239,127,960,185,128,192,262,193
E01000666,Bromley 033B,E02000159,Bromley 033,E09000006,Bromley,1856,274,236,257,550,539,875,130,105,120,275,245,981,144,131,137,275,294
E01000667,Bromley 033C,E02000159,Bromley 033,E09000006,Bromley,1641,291,244,192,513,401,788,140,134,90,244,180,853,151,110,102,269,221
E01000668,Bromley 020B,E02000146,Bromley 020,E09000006,Bromley,2109,424,280,621,500,284,1057,222,146,307,255,127,1052,202,134,314,245,157
E01000669,Bromley 020C,E02000146,Bromley 020,E09000006,Bromley,1672,340,211,438,476,207,782,169,102,201,223,87,890,171,109,237,253,120
E01000670,Bromley 018A,E02000144,Bromley 018,E09000006,Bromley,2135,368,336,566,522,343,1092,193,158,320,274,147,1043,175,178,246,248,196
E01000671,Bromley 020D,E02000146,Bromley 020,E09000006,Bromley,2385,477,372,678,515,343,1172,249,188,324,252,159,1213,228,184,354,263,184
E01000672,Bromley 011A,E02000137,Bromley 011,E09000006,Bromley,1741,324,222,415,427,353,838,170,99,188,232,149,903,154,123,227,195,204
E01000673,Bromley 011B,E02000137,Bromley 011,E09000006,Bromley,1576,335,214,372,437,218,785,167,109,186,217,106,791,168,105,186,220,112
E01000674,Bromley 008A,E02000134,Bromley 008,E09000006,Bromley,1810,347,298,508,395,262,894,176,172,251,192,103,916,171,126,257,203,159
E01000675,Bromley 018B,E02000144,Bromley 018,E09000006,Bromley,2332,384,484,671,499,294,1170,210,259,340,256,105,1162,174,225,331,243,189
E01000676,Bromley 008B,E02000134,Bromley 008,E09000006,Bromley,2135,418,399,697,414,207,1097,220,197,380,213,87,1038,198,202,317,201,120
E01000677,Bromley 018C,E02000144,Bromley 018,E09000006,Bromley,1975,432,268,645,459,171,951,214,131,297,230,79,1024,218,137,348,229,92
E01000678,Bromley 016E,E02000142,Bromley 016,E09000006,Bromley,1916,431,285,466,477,257,926,232,129,219,231,115,990,199,156,247,246,142
E01000679,Bromley 020E,E02000146,Bromley 020,E09000006,Bromley,1796,426,248,449,487,186,892,226,134,214,247,71,904,200,114,235,240,115
E01000680,Bromley 037A,E02000163,Bromley 037,E09000006,Bromley,1632,305,186,216,500,425,812,161,110,90,241,210,820,144,76,126,259,215
E01000681,Bromley 035A,E02000161,Bromley 035,E09000006,Bromley,1812,378,231,378,527,298,841,171,103,187,242,138,971,207,128,191,285,160
E01000682,Bromley 035B,E02000161,Bromley 035,E09000006,Bromley,1589,337,155,309,418,370,797,184,87,153,217,156,792,153,68,156,201,214
E01000683,Bromley 035C,E02000161,Bromley 035,E09000006,Bromley,1634,350,214,431,415,224,761,194,103,190,183,91,873,156,111,241,232,133
E01000684,Bromley 035D,E02000161,Bromley 035,E09000006,Bromley,2175,551,223,515,533,353,1067,288,106,234,272,167,1108,263,117,281,261,186
E01000685,Bromley 037B,E02000163,Bromley 037,E09000006,Bromley,1576,341,225,317,467,226,781,183,112,155,233,98,795,158,113,162,234,128
E01000686,Bromley 037C,E02000163,Bromley 037,E09000006,Bromley,1524,289,181,248,401,405,744,146,91,130,191,186,780,143,90,118,210,219
E01000687,Bromley 037D,E02000163,Bromley 037,E09000006,Bromley,1622,283,202,288,449,400,792,145,99,149,207,192,830,138,103,139,242,208
E01000688,Bromley 037E,E02000163,Bromley 037,E09000006,Bromley,1367,262,160,232,423,290,659,142,76,104,204,133,708,120,84,128,219,157
E01000689,Bromley 002A,E02000128,Bromley 002,E09000006,Bromley,1482,288,269,299,374,252,761,164,153,138,206,100,721,124,116,161,168,152
E01000690,Bromley 002B,E02000128,Bromley 002,E09000006,Bromley,1400,282,168,302,377,271,685,147,78,140,191,129,715,135,90,162,186,142
E01000691,Bromley 002C,E02000128,Bromley 002,E09000006,Bromley,1608,328,223,347,416,294,751,151,115,168,192,125,857,177,108,179,224,169
E01000692,Bromley 002D,E02000128,Bromley 002,E09000006,Bromley,1657,345,213,390,403,306,799,174,99,186,203,137,858,171,114,204,200,169
E01000693,Bromley 010A,E02000136,Bromley 010,E09000006,Bromley,1635,269,241,217,371,537,798,151,144,97,195,211,837,118,97,120,176,326
E01000694,Bromley 007C,E02000133,Bromley 007,E09000006,Bromley,2218,508,201,475,593,441,1061,265,102,204,299,191,1157,243,99,271,294,250
E01000695,Bromley 007D,E02000133,Bromley 007,E09000006,Bromley,1644,299,228,254,497,366,762,145,109,121,237,150,882,154,119,133,260,216
E01000696,Bromley 007E,E02000133,Bromley 007,E09000006,Bromley,1562,283,185,242,444,408,765,157,93,121,219,175,797,126,92,121,225,233
E01000697,Bromley 007F,E02000133,Bromley 007,E09000006,Bromley,1750,311,210,471,487,271,857,140,105,234,258,120,893,171,105,237,229,151
E01000698,Bromley 010B,E02000136,Bromley 010,E09000006,Bromley,1108,183,137,156,325,307,571,104,79,76,168,144,537,79,58,80,157,163
E01000699,Bromley 015A,E02000141,Bromley 015,E09000006,Bromley,1591,327,271,472,379,142,778,183,124,222,182,67,813,144,147,250,197,75
E01000700,Bromley 013A,E02000139,Bromley 013,E09000006,Bromley,1619,349,183,506,409,172,745,180,81,241,181,62,874,169,102,265,228,110
E01000701,Bromley 015B,E02000141,Bromley 015,E09000006,Bromley,1386,305,167,440,344,130,695,159,89,210,185,52,691,146,78,230,159,78
E01000702,Bromley 013B,E02000139,Bromley 013,E09000006,Bromley,1507,313,207,480,368,139,720,166,91,220,173,70,787,147,116,260,195,69
E01000703,Bromley 013C,E02000139,Bromley 013,E09000006,Bromley,1773,403,230,497,427,216,821,196,105,218,211,91,952,207,125,279,216,125
E01000704,Bromley 015C,E02000141,Bromley 015,E09000006,Bromley,1443,274,227,324,431,187,690,146,110,140,211,83,753,128,117,184,220,104
E01000705,Bromley 015D,E02000141,Bromley 015,E09000006,Bromley,1399,305,176,363,370,185,678,169,80,165,196,68,721,136,96,198,174,117
E01000706,Bromley 013D,E02000139,Bromley 013,E09000006,Bromley,1356,257,173,353,383,190,634,118,73,172,194,77,722,139,100,181,189,113
E01000707,Bromley 041A,E02006787,Bromley 041,E09000006,Bromley,1593,453,124,389,459,168,762,235,71,177,220,59,831,218,53,212,239,109
E01000708,Bromley 041B,E02006787,Bromley 041,E09000006,Bromley,1700,381,211,404,436,268,835,200,101,190,225,119,865,181,110,214,211,149
E01000709,Bromley 006A,E02000132,Bromley 006,E09000006,Bromley,1387,191,167,402,313,314,702,116,95,198,161,132,685,75,72,204,152,182
E01000710,Bromley 006B,E02000132,Bromley 006,E09000006,Bromley,2157,344,304,710,483,316,1019,175,149,320,261,114,1138,169,155,390,222,202
E01000711,Bromley 006C,E02000132,Bromley 006,E09000006,Bromley,2055,267,284,688,489,327,1016,141,130,333,264,148,1039,126,154,355,225,179
E01000712,Bromley 012A,E02000138,Bromley 012,E09000006,Bromley,1824,259,249,533,449,334,899,151,111,258,232,147,925,108,138,275,217,187
E01000713,Bromley 012B,E02000138,Bromley 012,E09000006,Bromley,1849,238,263,491,530,327,928,127,127,255,258,161,921,111,136,236,272,166
E01000714,Bromley 006D,E02000132,Bromley 006,E09000006,Bromley,2392,408,397,807,474,306,1159,225,162,410,241,121,1233,183,235,397,233,185
E01000715,Bromley 012C,E02000138,Bromley 012,E09000006,Bromley,1799,269,184,500,464,382,861,124,84,268,225,160,938,145,100,232,239,222
E01000716,Bromley 011C,E02000137,Bromley 011,E09000006,Bromley,1666,284,186,352,411,433,789,133,110,158,202,186,877,151,76,194,209,247
E01000717,Bromley 011D,E02000137,Bromley 011,E09000006,Bromley,1746,268,272,475,445,286,875,143,129,254,227,122,871,125,143,221,218,164
E01000718,Bromley 006E,E02000132,Bromley 006,E09000006,Bromley,2272,554,358,655,477,228,1107,292,184,292,235,104,1165,262,174,363,242,124
E01000719,Bromley 019A,E02000145,Bromley 019,E09000006,Bromley,2088,528,349,497,472,242,983,274,154,216,229,110,1105,254,195,281,243,132
E01000720,Bromley 019B,E02000145,Bromley 019,E09000006,Bromley,1883,551,302,392,425,213,837,252,142,161,189,93,1046,299,160,231,236,120
E01000721,Bromley 019C,E02000145,Bromley 019,E09000006,Bromley,1575,450,270,342,351,162,709,227,114,140,167,61,866,223,156,202,184,101
E01000722,Bromley 023A,E02000149,Bromley 023,E09000006,Bromley,1823,395,268,421,480,259,873,198,130,213,228,104,950,197,138,208,252,155
E01000723,Bromley 029A,E02000155,Bromley 029,E09000006,Bromley,1204,148,143,136,390,387,590,80,70,72,196,172,614,68,73,64,194,215
E01000724,Bromley 019D,E02000145,Bromley 019,E09000006,Bromley,1967,589,405,392,390,191,947,307,196,168,188,88,1020,282,209,224,202,103
E01000725,Bromley 023B,E02000149,Bromley 023,E09000006,Bromley,1790,378,340,402,410,260,822,178,166,181,201,96,968,200,174,221,209,164
E01000726,Bromley 029B,E02000155,Bromley 029,E09000006,Bromley,1291,216,185,232,355,303,634,130,92,127,158,127,657,86,93,105,197,176
E01000727,Bromley 028A,E02000154,Bromley 028,E09000006,Bromley,1683,303,212,318,461,389,794,144,116,153,223,158,889,159,96,165,238,231
E01000728,Bromley 019E,E02000145,Bromley 019,E09000006,Bromley,1609,315,235,324,414,321,749,157,102,158,190,142,860,158,133,166,224,179
E01000729,Bromley 014A,E02000140,Bromley 014,E09000006,Bromley,2099,601,386,469,466,177,953,300,169,191,211,82,1146,301,217,278,255,95
E01000730,Bromley 014B,E02000140,Bromley 014,E09000006,Bromley,1847,537,379,351,423,157,849,259,201,142,181,66,998,278,178,209,242,91
E01000731,Bromley 023C,E02000149,Bromley 023,E09000006,Bromley,1468,376,222,292,369,209,707,208,112,121,168,98,761,168,110,171,201,111
E01000732,Bromley 023D,E02000149,Bromley 023,E09000006,Bromley,1471,281,195,260,473,262,714,141,108,113,240,112,757,140,87,147,233,150
E01000733,Bromley 023E,E02000149,Bromley 023,E09000006,Bromley,1631,345,233,332,433,288,796,188,118,142,220,128,835,157,115,190,213,160
E01000734,Bromley 028B,E02000154,Bromley 028,E09000006,Bromley,1407,342,220,312,333,200,682,196,103,135,154,94,725,146,117,177,179,106
E01000735,Bromley 014C,E02000140,Bromley 014,E09000006,Bromley,1539,377,283,310,372,197,723,189,139,130,179,86,816,188,144,180,193,111
E01000736,Bromley 010C,E02000136,Bromley 010,E09000006,Bromley,1704,394,291,350,446,223,828,214,138,171,210,95,876,180,153,179,236,128
E01000737,Bromley 010D,E02000136,Bromley 010,E09000006,Bromley,1341,276,182,287,355,241,621,151,85,125,164,96,720,125,97,162,191,145
E01000738,Bromley 014D,E02000140,Bromley 014,E09000006,Bromley,1649,340,242,292,429,346,788,167,128,148,199,146,861,173,114,144,230,200
E01000739,Bromley 014E,E02000140,Bromley 014,E09000006,Bromley,1699,464,275,351,377,232,778,243,138,130,172,95,921,221,137,221,205,137
E01000740,Bromley 005A,E02000131,Bromley 005,E09000006,Bromley,2246,457,458,785,457,89,1082,215,211,387,230,39,1164,242,247,398,227,50
E01000741,Bromley 005B,E02000131,Bromley 005,E09000006,Bromley,1917,267,318,783,406,143,966,127,151,395,219,74,951,140,167,388,187,69
E01000742,Bromley 005C,E02000131,Bromley 005,E09000006,Bromley,2342,421,390,888,496,147,1187,213,186,429,279,80,1155,208,204,459,217,67
E01000743,Bromley 009A,E02000135,Bromley 009,E09000006,Bromley,1961,340,333,499,485,304,941,195,160,236,227,123,1020,145,173,263,258,181
E01000744,Bromley 009B,E02000135,Bromley 009,E09000006,Bromley,1633,298,308,414,402,211,806,162,155,201,181,107,827,136,153,213,221,104
E01000745,Bromley 005D,E02000131,Bromley 005,E09000006,Bromley,2057,390,292,797,422,156,980,182,132,380,212,74,1077,208,160,417,210,82
E01000746,Bromley 005E,E02000131,Bromley 005,E09000006,Bromley,2125,367,326,701,520,211,1047,172,155,327,277,116,1078,195,171,374,243,95
E01000747,Bromley 042B,E02006789,Bromley 042,E09000006,Bromley,2069,442,251,365,640,371,1023,218,138,166,318,183,1046,224,113,199,322,188
E01000748,Bromley 042C,E02006789,Bromley 042,E09000006,Bromley,1559,206,187,180,470,516,781,106,103,83,235,254,778,100,84,97,235,262
E01000749,Bromley 036A,E02000162,Bromley 036,E09000006,Bromley,1735,292,200,242,484,517,859,147,120,124,231,237,876,145,80,118,253,280
E01000750,Bromley 036B,E02000162,Bromley 036,E09000006,Bromley,1462,269,225,233,394,341,610,147,108,92,157,106,852,122,117,141,237,235
E01000751,Bromley 036C,E02000162,Bromley 036,E09000006,Bromley,2084,461,288,406,546,383,971,229,155,170,268,149,1113,232,133,236,278,234
E01000752,Bromley 036D,E02000162,Bromley 036,E09000006,Bromley,1722,312,181,264,446,519,792,156,87,127,207,215,930,156,94,137,239,304
E01000753,Bromley 031A,E02000157,Bromley 031,E09000006,Bromley,1927,418,208,310,500,491,948,232,111,138,251,216,979,186,97,172,249,275
E01000754,Bromley 031B,E02000157,Bromley 031,E09000006,Bromley,1718,350,210,349,462,347,793,184,108,158,219,124,925,166,102,191,243,223
E01000755,Bromley 031C,E02000157,Bromley 031,E09000006,Bromley,1566,289,201,235,474,367,748,137,115,103,233,160,818,152,86,132,241,207
E01000756,Bromley 033D,E02000159,Bromley 033,E09000006,Bromley,1629,313,216,227,478,395,785,166,108,103,220,188,844,147,108,124,258,207
E01000757,Bromley 031D,E02000157,Bromley 031,E09000006,Bromley,1524,297,156,220,442,409,759,156,90,97,228,188,765,141,66,123,214,221
E01000758,Bromley 031E,E02000157,Bromley 031,E09000006,Bromley,1474,307,198,257,411,301,714,153,104,112,207,138,760,154,94,145,204,163
E01000759,Bromley 034A,E02000160,Bromley 034,E09000006,Bromley,1594,317,235,219,516,307,781,149,133,95,261,143,813,168,102,124,255,164
E01000760,Bromley 034B,E02000160,Bromley 034,E09000006,Bromley,1523,270,208,235,447,363,691,139,108,101,214,129,832,131,100,134,233,234
E01000761,Bromley 034C,E02000160,Bromley 034,E09000006,Bromley,1586,304,222,236,514,310,807,177,115,113,249,153,779,127,107,123,265,157
E01000762,Bromley 018D,E02000144,Bromley 018,E09000006,Bromley,1672,339,226,371,407,329,814,159,120,191,217,127,858,180,106,180,190,202
E01000763,Bromley 027A,E02000153,Bromley 027,E09000006,Bromley,1430,299,195,212,430,294,686,146,103,95,201,141,744,153,92,117,229,153
E01000764,Bromley 027B,E02000153,Bromley 027,E09000006,Bromley,1749,377,260,349,465,298,838,216,120,168,198,136,911,161,140,181,267,162
E01000765,Bromley 034D,E02000160,Bromley 034,E09000006,Bromley,1829,386,249,330,543,321,897,192,148,159,262,136,932,194,101,171,281,185
E01000766,Bromley 027C,E02000153,Bromley 027,E09000006,Bromley,1762,420,170,319,492,361,844,198,88,159,240,159,918,222,82,160,252,202
E01000767,Bromley 027D,E02000153,Bromley 027,E09000006,Bromley,1577,304,197,241,499,336,778,166,117,121,233,141,799,138,80,120,266,195
E01000768,Bromley 034E,E02000160,Bromley 034,E09000006,Bromley,1496,261,202,221,465,347,717,128,104,101,217,167,779,133,98,120,248,180
E01000769,Bromley 024A,E02000150,Bromley 024,E09000006,Bromley,1451,268,272,249,455,207,748,153,146,152,211,86,703,115,126,97,244,121
E01000770,Bromley 012D,E02000138,Bromley 012,E09000006,Bromley,1480,225,167,244,384,460,697,104,82,121,193,197,783,121,85,123,191,263
E01000771,Bromley 041C,E02006787,Bromley 041,E09000006,Bromley,1814,397,206,382,486,343,855,207,90,176,235,147,959,190,116,206,251,196
E01000772,Bromley 012E,E02000138,Bromley 012,E09000006,Bromley,1599,255,145,273,436,490,725,120,62,145,206,192,874,135,83,128,230,298
E01000773,Bromley 024B,E02000150,Bromley 024,E09000006,Bromley,1631,379,197,275,422,358,757,196,104,120,191,146,874,183,93,155,231,212
E01000774,Bromley 041D,E02006787,Bromley 041,E09000006,Bromley,1473,320,173,303,444,233,717,162,87,144,211,113,756,158,86,159,233,120
E01000775,Bromley 024C,E02000150,Bromley 024,E09000006,Bromley,2348,480,351,398,704,415,1146,261,166,192,335,192,1202,219,185,206,369,223
E01000777,Bromley 024D,E02000150,Bromley 024,E09000006,Bromley,1640,366,228,284,500,262,797,183,119,126,247,122,843,183,109,158,253,140
E01000778,Bromley 024E,E02000150,Bromley 024,E09000006,Bromley,1633,344,254,295,535,205,770,172,136,135,244,83,863,172,118,160,291,122
E01000779,Bromley 001A,E02000127,Bromley 001,E09000006,Bromley,1278,205,162,262,336,313,604,113,76,130,153,132,674,92,86,132,183,181
E01000780,Bromley 001B,E02000127,Bromley 001,E09000006,Bromley,1589,332,251,366,388,252,751,163,134,155,186,113,838,169,117,211,202,139
E01000781,Bromley 001C,E02000127,Bromley 001,E09000006,Bromley,1550,429,244,351,353,173,708,223,112,157,152,64,842,206,132,194,201,109
E01000782,Bromley 001D,E02000127,Bromley 001,E09000006,Bromley,1619,420,245,409,388,157,762,200,105,192,204,61,857,220,140,217,184,96
E01000783,Bromley 001E,E02000127,Bromley 001,E09000006,Bromley,1769,456,330,409,413,161,831,236,167,176,186,66,938,220,163,233,227,95
E01000784,Bromley 002E,E02000128,Bromley 002,E09000006,Bromley,1616,383,205,399,422,207,791,201,99,185,203,103,825,182,106,214,219,104
E01000785,Bromley 001F,E02000127,Bromley 001,E09000006,Bromley,1591,387,230,389,405,180,743,196,105,155,213,74,848,191,125,234,192,106
E01000786,Bromley 032A,E02000158,Bromley 032,E09000006,Bromley,1453,190,169,214,377,503,702,100,86,100,181,235,751,90,83,114,196,268
E01000787,Bromley 029C,E02000155,Bromley 029,E09000006,Bromley,1456,264,197,280,371,344,679,124,94,138,175,148,777,140,103,142,196,196
E01000788,Bromley 029D,E02000155,Bromley 029,E09000006,Bromley,1547,314,224,260,475,274,754,165,116,111,235,127,793,149,108,149,240,147
E01000789,Bromley 032B,E02000158,Bromley 032,E09000006,Bromley,2040,692,344,424,430,150,929,332,178,143,214,62,1111,360,166,281,216,88
E01000790,Bromley 028C,E02000154,Bromley 028,E09000006,Bromley,2401,449,445,581,582,344,1177,236,208,277,303,153,1224,213,237,304,279,191
E01000791,Bromley 029E,E02000155,Bromley 029,E09000006,Bromley,1432,220,188,191,441,392,689,120,91,97,207,174,743,100,97,94,234,218
E01000792,Bromley 032C,E02000158,Bromley 032,E09000006,Bromley,1494,362,193,291,382,266,708,175,107,134,176,116,786,187,86,157,206,150
E01000793,Bromley 032D,E02000158,Bromley 032,E09000006,Bromley,1473,233,175,224,434,407,716,114,91,103,213,195,757,119,84,121,221,212
E01000794,Bromley 035E,E02000161,Bromley 035,E09000006,Bromley,1578,289,156,264,422,447,737,141,80,126,202,188,841,148,76,138,220,259
E01000795,Bromley 032E,E02000158,Bromley 032,E09000006,Bromley,1403,333,143,284,376,267,663,168,74,132,176,113,740,165,69,152,200,154
E01000796,Bromley 009C,E02000135,Bromley 009,E09000006,Bromley,1681,420,358,358,417,128,815,222,177,166,197,53,866,198,181,192,220,75
E01000797,Bromley 013E,E02000139,Bromley 013,E09000006,Bromley,1737,384,201,411,530,211,844,174,92,211,276,91,893,210,109,200,254,120
E01000798,Bromley 009D,E02000135,Bromley 009,E09000006,Bromley,1548,256,301,411,421,159,762,137,154,195,215,61,786,119,147,216,206,98
E01000799,Bromley 004A,E02000130,Bromley 004,E09000006,Bromley,1862,410,327,475,477,173,921,214,172,208,245,82,941,196,155,267,232,91
E01000800,Bromley 009E,E02000135,Bromley 009,E09000006,Bromley,1848,390,312,585,444,117,911,213,158,288,196,56,937,177,154,297,248,61
E01000801,Bromley 015E,E02000141,Bromley 015,E09000006,Bromley,1630,294,233,444,420,239,762,130,119,212,196,105,868,164,114,232,224,134
E01000802,Bromley 004B,E02000130,Bromley 004,E09000006,Bromley,1792,371,217,547,460,197,827,178,85,251,226,87,965,193,132,296,234,110
E01000803,Bromley 004C,E02000130,Bromley 004,E09000006,Bromley,1707,327,252,487,423,218,774,169,127,204,179,95,933,158,125,283,244,123
E01000804,Bromley 004D,E02000130,Bromley 004,E09000006,Bromley,1543,316,187,291,444,305,747,151,113,133,216,134,796,165,74,158,228,171
E01000805,Bromley 004E,E02000130,Bromley 004,E09000006,Bromley,1853,381,249,514,439,270,851,194,118,232,196,111,1002,187,131,282,243,159
E01000806,Bromley 009F,E02000135,Bromley 009,E09000006,Bromley,2019,484,365,612,432,126,988,254,199,269,216,50,1031,230,166,343,216,76
E01000807,Bromley 022C,E02000148,Bromley 022,E09000006,Bromley,1657,379,254,320,424,280,777,183,104,156,219,115,880,196,150,164,205,165
E01000808,Bromley 025A,E02000151,Bromley 025,E09000006,Bromley,1585,332,156,311,443,343,763,162,84,155,207,155,822,170,72,156,236,188
E01000809,Bromley 022D,E02000148,Bromley 022,E09000006,Bromley,1532,312,159,276,416,369,729,175,85,129,202,138,803,137,74,147,214,231
E01000810,Bromley 025B,E02000151,Bromley 025,E09000006,Bromley,1518,326,125,314,381,372,777,178,64,165,194,176,741,148,61,149,187,196
E01000811,Bromley 025C,E02000151,Bromley 025,E09000006,Bromley,1358,298,151,324,359,226,656,149,89,156,169,93,702,149,62,168,190,133
E01000812,Bromley 028D,E02000154,Bromley 028,E09000006,Bromley,1588,289,197,329,436,337,809,165,110,169,206,159,779,124,87,160,230,178
E01000813,Bromley 025D,E02000151,Bromley 025,E09000006,Bromley,1655,358,181,316,415,385,790,188,79,146,209,168,865,170,102,170,206,217
E01000814,Bromley 028E,E02000154,Bromley 028,E09000006,Bromley,1438,255,171,198,455,359,708,124,87,104,221,172,730,131,84,94,234,187
E01000815,Bromley 025E,E02000151,Bromley 025,E09000006,Bromley,1531,305,174,212,482,358,754,165,95,96,226,172,777,140,79,116,256,186
E01000816,Bromley 040A,E02006782,Bromley 040,E09000006,Bromley,1526,325,188,306,437,270,756,166,107,141,215,127,770,159,81,165,222,143
E01000818,Bromley 040B,E02006782,Bromley 040,E09000006,Bromley,1614,273,216,293,500,332,792,153,109,138,234,158,822,120,107,155,266,174
E01000819,Bromley 040C,E02006782,Bromley 040,E09000006,Bromley,1743,365,283,409,475,211,816,182,135,194,223,82,927,183,148,215,252,129
E01000820,Bromley 008C,E02000134,Bromley 008,E09000006,Bromley,1632,314,222,381,422,293,827,184,116,174,214,139,805,130,106,207,208,154
E01000822,Bromley 008D,E02000134,Bromley 008,E09000006,Bromley,1737,394,238,478,403,224,839,220,115,208,199,97,898,174,123,270,204,127
E01000823,Bromley 008E,E02000134,Bromley 008,E09000006,Bromley,1718,350,225,441,469,233,810,148,98,212,237,115,908,202,127,229,232,118
E01000824,Bromley 008F,E02000134,Bromley 008,E09000006,Bromley,1343,271,203,367,387,115,662,134,99,167,205,57,681,137,104,200,182,58
E01000825,Bromley 008G,E02000134,Bromley 008,E09000006,Bromley,1724,313,233,502,451,225,832,143,111,258,229,91,892,170,122,244,222,134
E01000826,Bromley 021A,E02000147,Bromley 021,E09000006,Bromley,1604,345,245,193,512,309,800,188,123,90,246,153,804,157,122,103,266,156
E01000827,Bromley 021B,E02000147,Bromley 021,E09000006,Bromley,1968,364,277,427,461,439,955,179,150,219,224,183,1013,185,127,208,237,256
E01000828,Bromley 011E,E02000137,Bromley 011,E09000006,Bromley,1810,355,230,422,434,369,844,174,90,198,216,166,966,181,140,224,218,203
E01000829,Bromley 018E,E02000144,Bromley 018,E09000006,Bromley,1910,424,233,513,463,277,939,220,110,264,223,122,971,204,123,249,240,155
E01000830,Bromley 021C,E02000147,Bromley 021,E09000006,Bromley,1518,298,209,182,491,338,789,171,117,81,239,181,729,127,92,101,252,157
E01000831,Bromley 021D,E02000147,Bromley 021,E09000006,Bromley,1747,352,216,314,491,374,861,193,98,152,246,172,886,159,118,162,245,202
E01000832,Bromley 030A,E02000156,Bromley 030,E09000006,Bromley,1497,294,203,201,445,354,751,159,117,98,211,166,746,135,86,103,234,188
E01000833,Bromley 021E,E02000147,Bromley 021,E09000006,Bromley,1415,314,203,188,494,216,710,174,116,92,236,92,705,140,87,96,258,124
E01000834,Bromley 027E,E02000153,Bromley 027,E09000006,Bromley,1328,279,194,219,408,228,632,136,107,99,190,100,696,143,87,120,218,128
E01000835,Bromley 030B,E02000156,Bromley 030,E09000006,Bromley,1734,406,277,300,477,274,820,210,137,142,229,102,914,196,140,158,248,172
E01000836,Bromley 030C,E02000156,Bromley 030,E09000006,Bromley,1419,300,215,223,451,230,698,159,109,116,202,112,721,141,106,107,249,118
E01000837,Bromley 030D,E02000156,Bromley 030,E09000006,Bromley,1540,331,201,246,436,326,756,194,110,105,206,141,784,137,91,141,230,185
E01000838,Bromley 030E,E02000156,Bromley 030,E09000006,Bromley,1465,269,199,241,403,353,685,129,103,109,202,142,780,140,96,132,201,211
E01000839,Bromley 030F,E02000156,Bromley 030,E09000006,Bromley,1416,245,208,214,403,346,691,122,113,93,198,165,725,123,95,121,205,181
E01000840,Bromley 030G,E02000156,Bromley 030,E09000006,Bromley,1491,186,164,177,437,527,687,105,83,84,197,218,804,81,81,93,240,309
E01000841,Bromley 030H,E02000156,Bromley 030,E09000006,Bromley,1655,323,216,265,465,386,786,157,111,125,210,183,869,166,105,140,255,203
E01000842,Camden 011A,E02000176,Camden 011,E09000007,Camden,1754,290,179,515,436,334,851,144,89,254,211,153,903,146,90,261,225,181
E01000843,Camden 014A,E02000179,Camden 014,E09000007,Camden,1989,447,260,615,409,258,987,233,108,321,202,123,1002,214,152,294,207,135
E01000844,Camden 011B,E02000176,Camden 011,E09000007,Camden,2129,457,254,755,444,219,1156,261,129,430,227,109,973,196,125,325,217,110
E01000845,Camden 014B,E02000179,Camden 014,E09000007,Camden,1849,315,290,574,397,273,949,167,141,305,208,128,900,148,149,269,189,145
E01000846,Camden 014C,E02000179,Camden 014,E09000007,Camden,1749,422,275,332,438,282,841,226,149,122,225,119,908,196,126,210,213,163
E01000847,Camden 014D,E02000179,Camden 014,E09000007,Camden,2009,434,367,441,487,280,1007,220,192,225,251,119,1002,214,175,216,236,161
E01000848,Camden 011C,E02000176,Camden 011,E09000007,Camden,2105,338,261,613,614,279,1113,170,151,301,364,127,992,168,110,312,250,152
E01000849,Camden 011D,E02000176,Camden 011,E09000007,Camden,1952,295,335,691,369,262,947,143,183,344,171,106,1005,152,152,347,198,156
E01000850,Camden 026A,E02000191,Camden 026,E09000007,Camden,2253,109,1055,519,398,172,1334,51,583,365,241,94,919,58,472,154,157,78
E01000851,Camden 026B,E02000191,Camden 026,E09000007,Camden,2559,182,1266,519,423,169,1486,75,718,340,253,100,1073,107,548,179,170,69
E01000852,Camden 026C,E02000191,Camden 026,E09000007,Camden,2037,84,1225,325,228,175,1044,51,575,196,137,85,993,33,650,129,91,90
E01000853,Camden 025A,E02000190,Camden 025,E09000007,Camden,1767,303,306,345,416,397,846,131,152,180,221,162,921,172,154,165,195,235
E01000854,Camden 026D,E02000191,Camden 026,E09000007,Camden,2036,311,865,357,315,188,1098,162,489,195,173,79,938,149,376,162,142,109
E01000855,Camden 028A,E02000193,Camden 028,E09000007,Camden,1747,84,474,496,409,284,897,40,206,302,234,115,850,44,268,194,175,169
E01000856,Camden 019A,E02000184,Camden 019,E09000007,Camden,1908,405,480,489,388,146,963,209,223,282,179,70,945,196,257,207,209,76
E01000857,Camden 018A,E02000183,Camden 018,E09000007,Camden,1648,342,216,385,441,264,827,182,105,212,213,115,821,160,111,173,228,149
E01000858,Camden 018B,E02000183,Camden 018,E09000007,Camden,2169,402,509,567,458,233,1124,208,266,316,222,112,1045,194,243,251,236,121
E01000859,Camden 018C,E02000183,Camden 018,E09000007,Camden,1778,308,210,483,494,283,845,136,98,250,228,133,933,172,112,233,266,150
E01000860,Camden 018D,E02000183,Camden 018,E09000007,Camden,1438,200,140,289,413,396,722,113,55,159,199,196,716,87,85,130,214,200
E01000861,Camden 019B,E02000184,Camden 019,E09000007,Camden,1747,194,534,466,369,184,951,94,302,267,187,101,796,100,232,199,182,83
E01000862,Camden 018E,E02000183,Camden 018,E09000007,Camden,1852,329,276,463,502,282,938,155,135,256,251,141,914,174,141,207,251,141
E01000863,Camden 021A,E02000186,Camden 021,E09000007,Camden,1917,188,667,559,387,116,1069,90,356,334,231,58,848,98,311,225,156,58
E01000864,Camden 015A,E02000180,Camden 015,E09000007,Camden,1870,275,427,556,438,174,909,130,198,299,203,79,961,145,229,257,235,95
E01000865,Camden 015B,E02000180,Camden 015,E09000007,Camden,1889,184,883,390,267,165,1034,92,474,252,132,84,855,92,409,138,135,81
E01000866,Camden 009A,E02000174,Camden 009,E09000007,Camden,2815,413,900,557,606,339,1270,209,369,234,300,158,1545,204,531,323,306,181
E01000867,Camden 015C,E02000180,Camden 015,E09000007,Camden,2079,308,706,531,351,183,1078,145,385,288,174,86,1001,163,321,243,177,97
E01000868,Camden 015D,E02000180,Camden 015,E09000007,Camden,1857,526,313,457,391,170,968,287,158,230,209,84,889,239,155,227,182,86
E01000869,Camden 015E,E02000180,Camden 015,E09000007,Camden,2466,351,762,654,433,266,1235,172,396,334,228,105,1231,179,366,320,205,161
E01000870,Camden 009B,E02000174,Camden 009,E09000007,Camden,1898,320,440,429,502,207,882,143,198,223,219,99,1016,177,242,206,283,108
E01000871,Camden 005A,E02000170,Camden 005,E09000007,Camden,2067,469,388,450,486,274,1017,207,218,252,225,115,1050,262,170,198,261,159
E01000872,Camden 005B,E02000170,Camden 005,E09000007,Camden,2238,347,526,661,517,187,1148,180,284,341,272,71,1090,167,242,320,245,116
E01000873,Camden 005C,E02000170,Camden 005,E09000007,Camden,1893,334,415,507,388,249,938,183,226,255,176,98,955,151,189,252,212,151
E01000874,Camden 005D,E02000170,Camden 005,E09000007,Camden,1909,373,331,526,393,286,921,177,142,286,183,133,988,196,189,240,210,153
E01000875,Camden 013A,E02000178,Camden 013,E09000007,Camden,1939,331,497,615,312,184,1015,172,267,327,165,84,924,159,230,288,147,100
E01000876,Camden 013B,E02000178,Camden 013,E09000007,Camden,2229,434,541,588,446,220,1076,222,281,263,205,105,1153,212,260,325,241,115
E01000877,Camden 005E,E02000170,Camden 005,E09000007,Camden,1886,329,391,583,387,196,986,160,210,316,201,99,900,169,181,267,186,97
E01000878,Camden 004A,E02000169,Camden 004,E09000007,Camden,2380,533,653,463,383,348,1093,215,328,240,164,146,1287,318,325,223,219,202
E01000879,Camden 004B,E02000169,Camden 004,E09000007,Camden,1745,408,226,433,426,252,914,236,129,236,200,113,831,172,97,197,226,139
E01000880,Camden 004C,E02000169,Camden 004,E09000007,Camden,1980,530,229,425,543,253,1046,320,114,220,287,105,934,210,115,205,256,148
E01000881,Camden 008A,E02000173,Camden 008,E09000007,Camden,2051,507,420,462,486,176,1110,298,252,230,254,76,941,209,168,232,232,100
E01000882,Camden 008B,E02000173,Camden 008,E09000007,Camden,2040,406,250,606,503,275,1027,204,118,328,253,124,1013,202,132,278,250,151
E01000883,Camden 008C,E02000173,Camden 008,E09000007,Camden,1880,320,405,672,280,203,963,164,236,322,156,85,917,156,169,350,124,118
E01000884,Camden 004D,E02000169,Camden 004,E09000007,Camden,1858,470,222,353,526,287,951,253,112,187,269,130,907,217,110,166,257,157
E01000885,Camden 004E,E02000169,Camden 004,E09000007,Camden,1808,399,221,334,446,408,876,194,110,162,218,192,932,205,111,172,228,216
E01000886,Camden 006A,E02000171,Camden 006,E09000007,Camden,1716,342,254,439,413,268,876,198,145,225,172,136,840,144,109,214,241,132
E01000887,Camden 006B,E02000171,Camden 006,E09000007,Camden,1795,302,330,523,426,214,854,139,153,261,205,96,941,163,177,262,221,118
E01000888,Camden 006C,E02000171,Camden 006,E09000007,Camden,1862,398,282,450,478,254,987,208,154,256,228,141,875,190,128,194,250,113
E01000889,Camden 007A,E02000172,Camden 007,E09000007,Camden,2124,492,428,466,508,230,1013,235,211,229,251,87,1111,257,217,237,257,143
E01000890,Camden 007B,E02000172,Camden 007,E09000007,Camden,1764,410,308,367,431,248,897,208,149,201,222,117,867,202,159,166,209,131
E01000891,Camden 007C,E02000172,Camden 007,E09000007,Camden,1776,340,426,393,371,246,882,192,191,207,187,105,894,148,235,186,184,141
E01000892,Camden 006D,E02000171,Camden 006,E09000007,Camden,2353,468,364,677,528,316,1168,228,183,340,274,143,1185,240,181,337,254,173
E01000893,Camden 002A,E02000167,Camden 002,E09000007,Camden,1801,311,248,403,482,357,864,143,126,197,239,159,937,168,122,206,243,198
E01000894,Camden 002B,E02000167,Camden 002,E09000007,Camden,1725,440,152,398,445,290,853,220,66,203,240,124,872,220,86,195,205,166
E01000895,Camden 002C,E02000167,Camden 002,E09000007,Camden,2007,387,260,576,424,360,1015,182,132,325,205,171,992,205,128,251,219,189
E01000896,Camden 002D,E02000167,Camden 002,E09000007,Camden,2067,419,263,527,513,345,1053,196,123,294,276,164,1014,223,140,233,237,181
E01000897,Camden 008D,E02000173,Camden 008,E09000007,Camden,1971,468,204,505,474,320,1012,244,91,287,253,137,959,224,113,218,221,183
E01000898,Camden 008E,E02000173,Camden 008,E09000007,Camden,2288,365,449,740,463,271,1158,181,229,404,237,107,1130,184,220,336,226,164
E01000899,Camden 002E,E02000167,Camden 002,E09000007,Camden,2084,457,239,415,556,417,1029,239,116,213,257,204,1055,218,123,202,299,213
E01000900,Camden 012A,E02000177,Camden 012,E09000007,Camden,2070,407,466,531,404,262,1017,205,216,303,172,121,1053,202,250,228,232,141
E01000901,Camden 007D,E02000172,Camden 007,E09000007,Camden,2675,644,715,622,508,186,1340,371,354,295,225,95,1335,273,361,327,283,91
E01000902,Camden 012B,E02000177,Camden 012,E09000007,Camden,1744,400,339,380,347,278,838,204,169,178,179,108,906,196,170,202,168,170
E01000903,Camden 006E,E02000171,Camden 006,E09000007,Camden,1787,295,313,425,439,315,862,130,156,217,230,129,925,165,157,208,209,186
E01000904,Camden 012C,E02000177,Camden 012,E09000007,Camden,2738,420,775,680,574,289,1403,221,421,343,272,146,1335,199,354,337,302,143
E01000905,Camden 012D,E02000177,Camden 012,E09000007,Camden,2257,533,489,442,479,314,1105,269,252,212,241,131,1152,264,237,230,238,183
E01000906,Camden 012E,E02000177,Camden 012,E09000007,Camden,1649,204,372,512,311,250,797,110,189,262,147,89,852,94,183,250,164,161
E01000907,Camden 001A,E02000166,Camden 001,E09000007,Camden,1664,385,225,400,446,208,808,224,106,193,200,85,856,161,119,207,246,123
E01000908,Camden 001B,E02000166,Camden 001,E09000007,Camden,1943,368,315,391,526,343,922,198,188,202,184,150,1021,170,127,189,342,193
E01000909,Camden 001C,E02000166,Camden 001,E09000007,Camden,1903,320,304,357,483,439,873,161,146,164,208,194,1030,159,158,193,275,245
E01000910,Camden 003A,E02000168,Camden 003,E09000007,Camden,1778,310,333,335,466,334,886,179,155,175,221,156,892,131,178,160,245,178
E01000911,Camden 003B,E02000168,Camden 003,E09000007,Camden,1781,329,274,400,472,306,907,178,160,218,208,143,874,151,114,182,264,163
E01000912,Camden 001D,E02000166,Camden 001,E09000007,Camden,1882,315,367,387,530,283,864,162,178,191,241,92,1018,153,189,196,289,191
E01000913,Camden 001E,E02000166,Camden 001,E09000007,Camden,1928,347,237,296,519,529,940,173,122,135,238,272,988,174,115,161,281,257
E01000914,Camden 028B,E02000193,Camden 028,E09000007,Camden,2444,188,939,514,499,304,1323,97,509,275,298,144,1121,91,430,239,201,160
E01000915,Camden 027A,E02000192,Camden 027,E09000007,Camden,1744,335,412,370,411,216,903,150,224,200,234,95,841,185,188,170,177,121
E01000916,Camden 027B,E02000192,Camden 027,E09000007,Camden,2547,274,724,770,543,236,1403,125,367,474,336,101,1144,149,357,296,207,135
E01000917,Camden 027C,E02000192,Camden 027,E09000007,Camden,2301,425,504,470,647,255,1218,222,256,248,381,111,1083,203,248,222,266,144
E01000918,Camden 028C,E02000193,Camden 028,E09000007,Camden,2381,242,675,644,536,284,1316,134,329,410,312,131,1065,108,346,234,224,153
E01000919,Camden 028D,E02000193,Camden 028,E09000007,Camden,2166,252,551,662,484,217,1157,83,287,373,295,119,1009,169,264,289,189,98
E01000920,Camden 027D,E02000192,Camden 027,E09000007,Camden,2404,304,538,613,635,314,1342,136,283,378,366,179,1062,168,255,235,269,135
E01000921,Camden 003C,E02000168,Camden 003,E09000007,Camden,2422,359,544,884,458,177,1261,193,262,496,228,82,1161,166,282,388,230,95
E01000922,Camden 007E,E02000172,Camden 007,E09000007,Camden,1952,384,521,501,388,158,975,219,224,268,203,61,977,165,297,233,185,97
E01000923,Camden 003D,E02000168,Camden 003,E09000007,Camden,1681,273,271,443,456,238,794,142,136,211,212,93,887,131,135,232,244,145
E01000924,Camden 009C,E02000174,Camden 009,E09000007,Camden,2017,303,431,613,438,232,951,130,191,329,223,78,1066,173,240,284,215,154
E01000925,Camden 009D,E02000174,Camden 009,E09000007,Camden,1686,424,355,322,388,197,789,237,154,131,183,84,897,187,201,191,205,113
E01000926,Camden 009E,E02000174,Camden 009,E09000007,Camden,2051,258,500,795,343,155,1010,127,250,382,173,78,1041,131,250,413,170,77
E01000927,Camden 007F,E02000172,Camden 007,E09000007,Camden,2111,355,459,601,419,277,1052,159,243,331,205,114,1059,196,216,270,214,163
E01000928,Camden 003E,E02000168,Camden 003,E09000007,Camden,2025,378,350,543,495,259,1011,190,181,294,242,104,1014,188,169,249,253,155
E01000929,Camden 020A,E02000185,Camden 020,E09000007,Camden,2264,584,414,515,546,205,1140,317,202,270,275,76,1124,267,212,245,271,129
E01000930,Camden 020B,E02000185,Camden 020,E09000007,Camden,2386,399,454,571,499,463,1193,224,223,269,264,213,1193,175,231,302,235,250
E01000931,Camden 013C,E02000178,Camden 013,E09000007,Camden,2434,490,448,733,485,278,1191,229,230,403,209,120,1243,261,218,330,276,158
E01000932,Camden 013D,E02000178,Camden 013,E09000007,Camden,2024,223,511,681,420,189,1030,88,272,390,211,69,994,135,239,291,209,120
E01000933,Camden 020C,E02000185,Camden 020,E09000007,Camden,2165,279,543,628,442,273,1115,131,275,361,221,127,1050,148,268,267,221,146
E01000934,Camden 020D,E02000185,Camden 020,E09000007,Camden,1853,356,334,428,444,291,932,183,154,234,230,131,921,173,180,194,214,160
E01000935,Camden 020E,E02000185,Camden 020,E09000007,Camden,1523,391,228,364,377,163,723,196,104,182,178,63,800,195,124,182,199,100
E01000936,Camden 024A,E02000189,Camden 024,E09000007,Camden,2003,257,799,439,321,187,1005,137,376,228,178,86,998,120,423,211,143,101
E01000937,Camden 025B,E02000190,Camden 025,E09000007,Camden,2230,291,1169,438,228,104,1059,149,547,188,115,60,1171,142,622,250,113,44
E01000938,Camden 024B,E02000189,Camden 024,E09000007,Camden,2077,468,648,525,325,111,1061,251,367,231,174,38,1016,217,281,294,151,73
E01000939,Camden 024C,E02000189,Camden 024,E09000007,Camden,1583,330,529,329,256,139,757,161,230,164,140,62,826,169,299,165,116,77
E01000940,Camden 024D,E02000189,Camden 024,E09000007,Camden,1564,237,467,428,277,155,806,113,239,230,155,69,758,124,228,198,122,86
E01000941,Camden 025C,E02000190,Camden 025,E09000007,Camden,1360,275,278,303,359,145,714,146,130,150,208,80,646,129,148,153,151,65
E01000942,Camden 025D,E02000190,Camden 025,E09000007,Camden,2473,132,1514,409,253,165,1167,64,619,234,164,86,1306,68,895,175,89,79
E01000943,Camden 025E,E02000190,Camden 025,E09000007,Camden,1144,62,385,303,235,159,577,27,178,171,119,82,567,35,207,132,116,77
E01000944,Camden 023A,E02000188,Camden 023,E09000007,Camden,2205,376,933,346,350,200,1275,200,629,180,179,87,930,176,304,166,171,113
E01000945,Camden 023B,E02000188,Camden 023,E09000007,Camden,1786,294,882,301,179,130,805,147,380,132,82,64,981,147,502,169,97,66
E01000946,Camden 021B,E02000186,Camden 021,E09000007,Camden,2269,379,672,519,444,255,1083,166,340,250,202,125,1186,213,332,269,242,130
E01000947,Camden 021C,E02000186,Camden 021,E09000007,Camden,2308,261,697,761,410,179,1328,130,372,516,234,76,980,131,325,245,176,103
E01000948,Camden 021D,E02000186,Camden 021,E09000007,Camden,2006,284,439,456,515,312,1036,139,223,245,277,152,970,145,216,211,238,160
E01000949,Camden 023C,E02000188,Camden 023,E09000007,Camden,1925,370,419,443,475,218,900,202,199,197,215,87,1025,168,220,246,260,131
E01000950,Camden 023D,E02000188,Camden 023,E09000007,Camden,1309,295,362,238,290,124,654,145,173,124,155,57,655,150,189,114,135,67
E01000951,Camden 023E,E02000188,Camden 023,E09000007,Camden,1835,401,565,375,311,183,906,196,271,202,160,77,929,205,294,173,151,106
E01000952,Camden 022A,E02000187,Camden 022,E09000007,Camden,1904,360,553,394,399,198,950,190,284,200,196,80,954,170,269,194,203,118
E01000953,Camden 022B,E02000187,Camden 022,E09000007,Camden,3943,705,1568,774,544,352,1761,367,613,354,257,170,2182,338,955,420,287,182
E01000954,Camden 022C,E02000187,Camden 022,E09000007,Camden,1922,547,439,384,356,196,924,276,218,165,169,96,998,271,221,219,187,100
E01000955,Camden 022D,E02000187,Camden 022,E09000007,Camden,1797,386,452,368,376,215,901,202,238,196,182,83,896,184,214,172,194,132
E01000956,Camden 022E,E02000187,Camden 022,E09000007,Camden,2032,397,678,478,350,129,1100,202,382,274,176,66,932,195,296,204,174,63
E01000957,Camden 019C,E02000184,Camden 019,E09000007,Camden,1687,225,433,510,338,181,866,116,219,272,169,90,821,109,214,238,169,91
E01000958,Camden 019D,E02000184,Camden 019,E09000007,Camden,3614,513,1519,953,504,125,1729,254,659,549,217,50,1885,259,860,404,287,75
E01000959,Camden 019E,E02000184,Camden 019,E09000007,Camden,1863,333,615,330,396,189,921,175,285,183,193,85,942,158,330,147,203,104
E01000960,Camden 017A,E02000182,Camden 017,E09000007,Camden,2256,449,481,685,407,234,1111,239,216,344,213,99,1145,210,265,341,194,135
E01000961,Camden 017B,E02000182,Camden 017,E09000007,Camden,2103,466,386,532,471,248,1029,251,196,243,216,123,1074,215,190,289,255,125
E01000962,Camden 016A,E02000181,Camden 016,E09000007,Camden,1958,324,401,679,387,167,1010,191,205,352,211,51,948,133,196,327,176,116
E01000963,Camden 017C,E02000182,Camden 017,E09000007,Camden,2900,587,554,825,544,390,1445,313,252,450,274,156,1455,274,302,375,270,234
E01000964,Camden 016B,E02000181,Camden 016,E09000007,Camden,1893,389,322,544,392,246,921,199,155,271,181,115,972,190,167,273,211,131
E01000965,Camden 016C,E02000181,Camden 016,E09000007,Camden,2016,414,475,600,350,177,1027,213,271,305,164,74,989,201,204,295,186,103
E01000966,Camden 016D,E02000181,Camden 016,E09000007,Camden,1826,342,311,578,388,207,939,179,157,313,193,97,887,163,154,265,195,110
E01000967,Camden 017D,E02000182,Camden 017,E09000007,Camden,1815,393,251,365,499,307,894,226,114,185,236,133,921,167,137,180,263,174
E01000968,Camden 016E,E02000181,Camden 016,E09000007,Camden,1793,285,371,645,297,195,872,143,177,322,137,93,921,142,194,323,160,102
E01000969,Camden 010A,E02000175,Camden 010,E09000007,Camden,2449,294,558,960,396,241,1261,153,276,530,194,108,1188,141,282,430,202,133
E01000970,Camden 010B,E02000175,Camden 010,E09000007,Camden,1864,182,477,775,284,146,977,98,236,450,137,56,887,84,241,325,147,90
E01000971,Camden 010C,E02000175,Camden 010,E09000007,Camden,1756,323,330,471,425,207,892,159,194,256,198,85,864,164,136,215,227,122
E01000972,Camden 010D,E02000175,Camden 010,E09000007,Camden,2478,389,569,695,501,324,1249,220,284,351,237,157,1229,169,285,344,264,167
E01000973,Camden 010E,E02000175,Camden 010,E09000007,Camden,3154,437,1062,1022,410,223,1544,227,505,518,197,97,1610,210,557,504,213,126
E01000974,Camden 013E,E02000178,Camden 013,E09000007,Camden,2047,323,492,646,417,169,1018,143,240,389,188,58,1029,180,252,257,229,111
E01000975,Croydon 022A,E02000215,Croydon 022,E09000008,Croydon,2087,412,468,641,429,137,987,208,217,317,184,61,1100,204,251,324,245,76
E01000976,Croydon 022B,E02000215,Croydon 022,E09000008,Croydon,2083,440,373,585,474,211,1099,209,198,305,284,103,984,231,175,280,190,108
E01000977,Croydon 022C,E02000215,Croydon 022,E09000008,Croydon,1861,315,304,553,434,255,958,177,138,303,224,116,903,138,166,250,210,139
E01000978,Croydon 022D,E02000215,Croydon 022,E09000008,Croydon,1799,309,373,523,386,208,983,164,216,277,218,108,816,145,157,246,168,100
E01000979,Croydon 022E,E02000215,Croydon 022,E09000008,Croydon,1801,354,302,551,402,192,946,165,155,324,216,86,855,189,147,227,186,106
E01000980,Croydon 017A,E02000210,Croydon 017,E09000008,Croydon,1274,279,195,294,374,132,610,144,98,140,163,65,664,135,97,154,211,67
E01000981,Croydon 017B,E02000210,Croydon 017,E09000008,Croydon,1744,391,239,440,496,178,847,195,131,213,230,78,897,196,108,227,266,100
E01000982,Croydon 017C,E02000210,Croydon 017,E09000008,Croydon,1610,361,255,466,365,163,812,200,119,229,186,78,798,161,136,237,179,85
E01000983,Croydon 017D,E02000210,Croydon 017,E09000008,Croydon,1713,332,264,385,515,217,856,177,128,201,246,104,857,155,136,184,269,113
E01000984,Croydon 022F,E02000215,Croydon 022,E09000008,Croydon,1957,400,318,484,469,286,958,196,164,255,241,102,999,204,154,229,228,184
E01000985,Croydon 021A,E02000214,Croydon 021,E09000008,Croydon,1427,257,192,208,453,317,689,123,109,94,212,151,738,134,83,114,241,166
E01000986,Croydon 021B,E02000214,Croydon 021,E09000008,Croydon,1719,309,271,317,500,322,841,146,155,137,258,145,878,163,116,180,242,177
E01000987,Croydon 021C,E02000214,Croydon 021,E09000008,Croydon,1365,227,212,200,463,263,680,134,102,99,221,124,685,93,110,101,242,139
E01000989,Croydon 018A,E02000211,Croydon 018,E09000008,Croydon,1676,323,256,288,487,322,795,165,133,124,232,141,881,158,123,164,255,181
E01000990,Croydon 045A,E02006788,Croydon 045,E09000008,Croydon,1445,316,269,264,397,199,691,164,144,118,183,82,754,152,125,146,214,117
E01000991,Croydon 018B,E02000211,Croydon 018,E09000008,Croydon,1650,224,230,238,495,463,834,126,145,123,236,204,816,98,85,115,259,259
E01000992,Croydon 014A,E02000207,Croydon 014,E09000008,Croydon,1976,432,374,425,554,191,965,197,205,212,252,99,1011,235,169,213,302,92
E01000993,Croydon 021D,E02000214,Croydon 021,E09000008,Croydon,1706,395,240,397,448,226,834,213,143,174,195,109,872,182,97,223,253,117
E01000994,Croydon 009A,E02000202,Croydon 009,E09000008,Croydon,1552,348,242,325,433,204,730,181,124,159,178,88,822,167,118,166,255,116
E01000995,Croydon 009B,E02000202,Croydon 009,E09000008,Croydon,1646,359,269,378,417,223,832,189,145,212,192,94,814,170,124,166,225,129
E01000996,Croydon 009C,E02000202,Croydon 009,E09000008,Croydon,1189,214,199,250,361,165,580,85,105,133,180,77,609,129,94,117,181,88
E01000997,Croydon 009D,E02000202,Croydon 009,E09000008,Croydon,1419,321,213,243,412,230,659,142,103,112,194,108,760,179,110,131,218,122
E01000998,Croydon 010A,E02000203,Croydon 010,E09000008,Croydon,1603,368,244,398,408,185,821,174,128,203,230,86,782,194,116,195,178,99
E01000999,Croydon 009E,E02000202,Croydon 009,E09000008,Croydon,1302,258,199,287,344,214,674,133,105,163,176,97,628,125,94,124,168,117
E01001000,Croydon 010B,E02000203,Croydon 010,E09000008,Croydon,1418,343,247,338,359,131,719,174,110,204,174,57,699,169,137,134,185,74
E01001001,Croydon 013A,E02000206,Croydon 013,E09000008,Croydon,1273,293,202,262,388,128,646,150,100,136,202,58,627,143,102,126,186,70
E01001002,Croydon 009F,E02000202,Croydon 009,E09000008,Croydon,1375,349,211,299,389,127,674,174,117,139,184,60,701,175,94,160,205,67
E01001003,Croydon 010C,E02000203,Croydon 010,E09000008,Croydon,1625,393,216,390,435,191,773,192,98,166,232,85,852,201,118,224,203,106
E01001004,Croydon 015A,E02000208,Croydon 015,E09000008,Croydon,2210,549,424,588,498,151,1037,278,222,277,205,55,1173,271,202,311,293,96
E01001005,Croydon 019A,E02000212,Croydon 019,E09000008,Croydon,1700,464,260,438,399,139,851,246,118,219,198,70,849,218,142,219,201,69
E01001006,Croydon 016A,E02000209,Croydon 016,E09000008,Croydon,1598,484,252,409,365,88,768,266,137,157,169,39,830,218,115,252,196,49
E01001007,Croydon 016B,E02000209,Croydon 016,E09000008,Croydon,2013,478,356,443,528,208,991,229,189,215,266,92,1022,249,167,228,262,116
E01001008,Croydon 019B,E02000212,Croydon 019,E09000008,Croydon,1721,477,251,389,469,135,803,239,114,177,216,57,918,238,137,212,253,78
E01001009,Croydon 019C,E02000212,Croydon 019,E09000008,Croydon,2004,566,349,461,486,142,973,269,165,229,247,63,1031,297,184,232,239,79
E01001010,Croydon 019D,E02000212,Croydon 019,E09000008,Croydon,1634,451,290,330,406,157,772,227,159,139,184,63,862,224,131,191,222,94
E01001011,Croydon 019E,E02000212,Croydon 019,E09000008,Croydon,2308,582,404,608,556,158,1144,312,183,305,265,79,1164,270,221,303,291,79
E01001012,Croydon 020A,E02000213,Croydon 020,E09000008,Croydon,2076,513,404,557,458,144,1056,226,216,305,250,59,1020,287,188,252,208,85
E01001013,Croydon 020B,E02000213,Croydon 020,E09000008,Croydon,2146,514,476,491,473,192,1053,233,260,243,229,88,1093,281,216,248,244,104
E01001014,Croydon 024A,E02000217,Croydon 024,E09000008,Croydon,4494,1201,891,1496,728,178,2133,562,441,690,356,84,2361,639,450,806,372,94
E01001015,Croydon 041A,E02000234,Croydon 041,E09000008,Croydon,1487,344,205,283,431,224,702,177,116,129,180,100,785,167,89,154,251,124
E01001016,Croydon 041B,E02000234,Croydon 041,E09000008,Croydon,1780,369,224,312,486,389,890,199,113,149,237,192,890,170,111,163,249,197
E01001017,Croydon 043A,E02000236,Croydon 043,E09000008,Croydon,1612,323,185,323,454,327,832,186,124,140,233,149,780,137,61,183,221,178
E01001018,Croydon 044A,E02000237,Croydon 044,E09000008,Croydon,1609,307,183,318,447,354,750,135,77,158,223,157,859,172,106,160,224,197
E01001019,Croydon 044B,E02000237,Croydon 044,E09000008,Croydon,1496,244,173,270,411,398,752,132,97,139,203,181,744,112,76,131,208,217
E01001020,Croydon 044C,E02000237,Croydon 044,E09000008,Croydon,1679,356,173,308,466,376,774,168,92,139,218,157,905,188,81,169,248,219
E01001021,Croydon 044D,E02000237,Croydon 044,E09000008,Croydon,1392,339,213,220,330,290,634,168,108,90,158,110,758,171,105,130,172,180
E01001022,Croydon 044E,E02000237,Croydon 044,E09000008,Croydon,1413,223,150,184,434,422,699,119,93,95,200,192,714,104,57,89,234,230
E01001023,Croydon 041C,E02000234,Croydon 041,E09000008,Croydon,1903,441,276,527,415,244,902,239,123,237,211,92,1001,202,153,290,204,152
E01001024,Croydon 043B,E02000236,Croydon 043,E09000008,Croydon,1331,254,165,289,380,243,668,128,82,143,191,124,663,126,83,146,189,119
E01001025,Croydon 043C,E02000236,Croydon 043,E09000008,Croydon,1264,269,139,248,344,264,626,142,77,113,171,123,638,127,62,135,173,141
E01001026,Croydon 043D,E02000236,Croydon 043,E09000008,Croydon,1869,460,236,407,464,302,867,229,125,171,206,136,1002,231,111,236,258,166
E01001027,Croydon 043E,E02000236,Croydon 043,E09000008,Croydon,2060,547,237,518,495,263,1022,278,116,253,245,130,1038,269,121,265,250,133
E01001028,Croydon 038A,E02000231,Croydon 038,E09000008,Croydon,1552,268,206,224,442,412,764,137,102,117,210,198,788,131,104,107,232,214
E01001029,Croydon 038B,E02000231,Croydon 038,E09000008,Croydon,1658,304,235,307,478,334,806,152,110,151,244,149,852,152,125,156,234,185
E01001030,Croydon 038C,E02000231,Croydon 038,E09000008,Croydon,1357,255,189,225,442,246,657,125,100,100,218,114,700,130,89,125,224,132
E01001031,Croydon 038D,E02000231,Croydon 038,E09000008,Croydon,1448,240,204,248,464,292,733,132,109,127,231,134,715,108,95,121,233,158
E01001032,Croydon 035A,E02000228,Croydon 035,E09000008,Croydon,1422,298,156,267,347,354,720,180,86,127,175,152,702,118,70,140,172,202
E01001033,Croydon 031A,E02000224,Croydon 031,E09000008,Croydon,1631,380,239,413,400,199,837,209,143,196,195,94,794,171,96,217,205,105
E01001034,Croydon 031B,E02000224,Croydon 031,E09000008,Croydon,1661,336,256,490,396,183,815,149,137,248,197,84,846,187,119,242,199,99
E01001035,Croydon 027A,E02000220,Croydon 027,E09000008,Croydon,1915,344,368,599,379,225,944,175,144,329,199,97,971,169,224,270,180,128
E01001036,Croydon 029A,E02000222,Croydon 029,E09000008,Croydon,1546,230,216,323,422,355,789,126,99,173,224,167,757,104,117,150,198,188
E01001037,Croydon 029B,E02000222,Croydon 029,E09000008,Croydon,1449,341,293,423,293,99,681,175,151,183,134,38,768,166,142,240,159,61
E01001038,Croydon 029C,E02000222,Croydon 029,E09000008,Croydon,2003,378,342,672,458,153,987,193,161,321,238,74,1016,185,181,351,220,79
E01001039,Croydon 029D,E02000222,Croydon 029,E09000008,Croydon,1526,339,161,307,439,280,757,159,96,141,226,135,769,180,65,166,213,145
E01001040,Croydon 029E,E02000222,Croydon 029,E09000008,Croydon,1814,399,296,560,390,169,888,184,147,291,187,79,926,215,149,269,203,90
E01001041,Croydon 031C,E02000224,Croydon 031,E09000008,Croydon,1804,459,312,487,390,156,892,238,133,228,218,75,912,221,179,259,172,81
E01001042,Croydon 024B,E02000217,Croydon 024,E09000008,Croydon,2288,516,447,707,481,137,1095,240,210,359,240,46,1193,276,237,348,241,91
E01001043,Croydon 027B,E02000220,Croydon 027,E09000008,Croydon,3780,825,860,1353,597,145,1935,455,379,722,308,71,1845,370,481,631,289,74
E01001044,Croydon 023A,E02000216,Croydon 023,E09000008,Croydon,2003,425,214,519,451,394,981,207,105,251,246,172,1022,218,109,268,205,222
E01001045,Croydon 027C,E02000220,Croydon 027,E09000008,Croydon,3637,561,906,1342,574,254,1866,271,423,726,333,113,1771,290,483,616,241,141
E01001046,Croydon 023B,E02000216,Croydon 023,E09000008,Croydon,1782,420,229,558,338,237,891,204,99,284,190,114,891,216,130,274,148,123
E01001047,Croydon 027D,E02000220,Croydon 027,E09000008,Croydon,1873,394,298,656,368,157,960,222,154,335,180,69,913,172,144,321,188,88
E01001048,Croydon 020C,E02000213,Croydon 020,E09000008,Croydon,3237,818,599,1103,575,142,1521,396,230,537,299,59,1716,422,369,566,276,83
E01001049,Croydon 023C,E02000216,Croydon 023,E09000008,Croydon,1553,254,233,296,392,378,753,122,114,151,193,173,800,132,119,145,199,205
E01001050,Croydon 023D,E02000216,Croydon 023,E09000008,Croydon,1758,364,225,477,304,388,863,189,109,248,151,166,895,175,116,229,153,222
E01001051,Croydon 030A,E02000223,Croydon 030,E09000008,Croydon,1625,500,293,247,347,238,718,219,133,96,163,107,907,281,160,151,184,131
E01001052,Croydon 030B,E02000223,Croydon 030,E09000008,Croydon,1382,397,262,282,289,152,595,188,121,112,111,63,787,209,141,170,178,89
E01001053,Croydon 032A,E02000225,Croydon 032,E09000008,Croydon,1561,374,274,260,434,219,763,197,137,108,203,118,798,177,137,152,231,101
E01001054,Croydon 030C,E02000223,Croydon 030,E09000008,Croydon,1749,468,322,286,454,219,807,213,176,115,203,100,942,255,146,171,251,119
E01001055,Croydon 032B,E02000225,Croydon 032,E09000008,Croydon,1577,361,260,253,472,231,773,204,138,124,205,102,804,157,122,129,267,129
E01001056,Croydon 030D,E02000223,Croydon 030,E09000008,Croydon,1837,629,365,359,383,101,808,307,178,119,165,39,1029,322,187,240,218,62
E01001057,Croydon 030E,E02000223,Croydon 030,E09000008,Croydon,1992,787,383,373,358,91,871,432,136,129,137,37,1121,355,247,244,221,54
E01001058,Croydon 034A,E02000227,Croydon 034,E09000008,Croydon,1291,293,180,241,345,232,561,132,81,96,146,106,730,161,99,145,199,126
E01001059,Croydon 034B,E02000227,Croydon 034,E09000008,Croydon,1427,301,247,276,361,242,643,132,116,121,177,97,784,169,131,155,184,145
E01001060,Croydon 034C,E02000227,Croydon 034,E09000008,Croydon,1635,372,203,342,442,276,781,212,97,140,215,117,854,160,106,202,227,159
E01001061,Croydon 034D,E02000227,Croydon 034,E09000008,Croydon,1507,301,283,287,435,201,694,145,126,124,215,84,813,156,157,163,220,117
E01001062,Croydon 026A,E02000219,Croydon 026,E09000008,Croydon,1463,183,193,185,399,503,712,90,106,89,201,226,751,93,87,96,198,277
E01001063,Croydon 026B,E02000219,Croydon 026,E09000008,Croydon,1558,276,231,237,516,298,737,129,120,107,247,134,821,147,111,130,269,164
E01001064,Croydon 026C,E02000219,Croydon 026,E09000008,Croydon,1575,249,229,171,478,448,777,136,124,66,247,204,798,113,105,105,231,244
E01001065,Croydon 034E,E02000227,Croydon 034,E09000008,Croydon,1373,224,170,318,369,292,676,100,96,173,180,127,697,124,74,145,189,165
E01001066,Croydon 034F,E02000227,Croydon 034,E09000008,Croydon,1429,379,247,249,382,172,625,187,108,106,158,66,804,192,139,143,224,106
E01001067,Croydon 041D,E02000234,Croydon 041,E09000008,Croydon,1675,329,224,266,535,321,868,172,143,127,270,156,807,157,81,139,265,165
E01001068,Croydon 042A,E02000235,Croydon 042,E09000008,Croydon,1922,399,310,361,511,341,957,235,153,157,244,168,965,164,157,204,267,173
E01001069,Croydon 040A,E02000233,Croydon 040,E09000008,Croydon,1380,266,166,293,378,277,656,129,89,132,189,117,724,137,77,161,189,160
E01001070,Croydon 040B,E02000233,Croydon 040,E09000008,Croydon,1823,397,266,358,498,304,894,225,138,158,232,141,929,172,128,200,266,163
E01001071,Croydon 042B,E02000235,Croydon 042,E09000008,Croydon,1933,406,291,418,561,257,929,182,159,206,260,122,1004,224,132,212,301,135
E01001072,Croydon 042C,E02000235,Croydon 042,E09000008,Croydon,1467,238,153,241,422,413,725,142,83,104,206,190,742,96,70,137,216,223
E01001073,Croydon 037A,E02000230,Croydon 037,E09000008,Croydon,1499,301,228,376,390,204,755,142,137,197,187,92,744,159,91,179,203,112
E01001074,Croydon 041E,E02000234,Croydon 041,E09000008,Croydon,2103,458,348,516,512,269,1038,242,159,271,246,120,1065,216,189,245,266,149
E01001075,Croydon 040C,E02000233,Croydon 040,E09000008,Croydon,1672,392,241,444,351,244,817,210,106,222,162,117,855,182,135,222,189,127
E01001076,Croydon 036A,E02000229,Croydon 036,E09000008,Croydon,1774,528,254,354,443,195,839,277,118,150,212,82,935,251,136,204,231,113
E01001077,Croydon 032C,E02000225,Croydon 032,E09000008,Croydon,1334,285,180,268,368,233,605,132,79,136,167,91,729,153,101,132,201,142
E01001078,Croydon 032D,E02000225,Croydon 032,E09000008,Croydon,1504,415,235,286,402,166,730,216,132,115,191,76,774,199,103,171,211,90
E01001079,Croydon 036B,E02000229,Croydon 036,E09000008,Croydon,1767,489,284,291,487,216,809,247,123,124,209,106,958,242,161,167,278,110
E01001080,Croydon 036C,E02000229,Croydon 036,E09000008,Croydon,1721,422,256,333,407,303,825,224,134,137,198,132,896,198,122,196,209,171
E01001081,Croydon 036D,E02000229,Croydon 036,E09000008,Croydon,1467,355,260,262,407,183,716,177,144,101,197,97,751,178,116,161,210,86
E01001082,Croydon 032E,E02000225,Croydon 032,E09000008,Croydon,1553,385,274,299,400,195,721,193,136,127,189,76,832,192,138,172,211,119
E01001083,Croydon 003A,E02000196,Croydon 003,E09000008,Croydon,1683,333,231,325,434,360,865,177,127,169,209,183,818,156,104,156,225,177
E01001084,Croydon 002A,E02000195,Croydon 002,E09000008,Croydon,1922,313,323,382,553,351,1004,168,179,203,292,162,918,145,144,179,261,189
E01001085,Croydon 004A,E02000197,Croydon 004,E09000008,Croydon,1793,369,268,438,437,281,910,209,136,215,233,117,883,160,132,223,204,164
E01001086,Croydon 003B,E02000196,Croydon 003,E09000008,Croydon,1727,308,256,364,515,284,846,162,133,185,239,127,881,146,123,179,276,157
E01001087,Croydon 003C,E02000196,Croydon 003,E09000008,Croydon,2909,592,565,765,674,313,1438,286,280,393,338,141,1471,306,285,372,336,172
E01001088,Croydon 004B,E02000197,Croydon 004,E09000008,Croydon,1754,362,321,373,477,221,864,190,162,184,226,102,890,172,159,189,251,119
E01001089,Croydon 004C,E02000197,Croydon 004,E09000008,Croydon,2010,502,325,474,463,246,940,256,149,208,227,100,1070,246,176,266,236,146
E01001090,Croydon 004D,E02000197,Croydon 004,E09000008,Croydon,2425,585,379,666,514,281,1154,295,189,323,224,123,1271,290,190,343,290,158
E01001091,Croydon 004E,E02000197,Croydon 004,E09000008,Croydon,1660,313,239,364,448,296,848,176,130,187,229,126,812,137,109,177,219,170
E01001092,Croydon 037B,E02000230,Croydon 037,E09000008,Croydon,1853,318,255,313,515,452,875,181,121,156,240,177,978,137,134,157,275,275
E01001093,Croydon 037C,E02000230,Croydon 037,E09000008,Croydon,1842,405,292,388,500,257,911,222,150,179,248,112,931,183,142,209,252,145
E01001094,Croydon 038E,E02000231,Croydon 038,E09000008,Croydon,1568,260,230,198,473,407,728,131,115,90,218,174,840,129,115,108,255,233
E01001095,Croydon 031D,E02000224,Croydon 031,E09000008,Croydon,1548,374,236,435,330,173,771,208,118,212,151,82,777,166,118,223,179,91
E01001096,Croydon 037D,E02000230,Croydon 037,E09000008,Croydon,1414,246,174,218,429,347,702,122,89,106,202,183,712,124,85,112,227,164
E01001097,Croydon 037E,E02000230,Croydon 037,E09000008,Croydon,2569,540,401,760,512,356,1255,270,185,386,268,146,1314,270,216,374,244,210
E01001098,Croydon 037F,E02000230,Croydon 037,E09000008,Croydon,1441,273,180,238,475,275,714,146,76,120,253,119,727,127,104,118,222,156
E01001099,Croydon 040D,E02000233,Croydon 040,E09000008,Croydon,1503,358,229,365,362,189,720,195,95,160,173,97,783,163,134,205,189,92
E01001100,Croydon 031E,E02000224,Croydon 031,E09000008,Croydon,1448,280,209,338,365,256,731,151,128,149,175,128,717,129,81,189,190,128
E01001101,Croydon 035B,E02000228,Croydon 035,E09000008,Croydon,1338,260,178,222,423,255,668,144,91,98,213,122,670,116,87,124,210,133
E01001102,Croydon 035C,E02000228,Croydon 035,E09000008,Croydon,1610,280,171,271,403,485,776,148,86,126,201,215,834,132,85,145,202,270
E01001103,Croydon 039A,E02000232,Croydon 039,E09000008,Croydon,1668,294,212,247,467,448,802,154,122,105,236,185,866,140,90,142,231,263
E01001104,Croydon 042D,E02000235,Croydon 042,E09000008,Croydon,1644,306,242,298,513,285,767,142,127,133,243,122,877,164,115,165,270,163
E01001105,Croydon 039B,E02000232,Croydon 039,E09000008,Croydon,1728,372,269,318,502,267,831,208,151,135,226,111,897,164,118,183,276,156
E01001106,Croydon 039C,E02000232,Croydon 039,E09000008,Croydon,1542,344,217,265,427,289,765,176,119,125,215,130,777,168,98,140,212,159
E01001107,Croydon 035D,E02000228,Croydon 035,E09000008,Croydon,1639,297,177,336,442,387,806,148,92,160,223,183,833,149,85,176,219,204
E01001108,Croydon 035E,E02000228,Croydon 035,E09000008,Croydon,1774,341,206,269,523,435,866,175,122,121,249,199,908,166,84,148,274,236
E01001109,Croydon 013B,E02000206,Croydon 013,E09000008,Croydon,2268,502,380,441,509,436,1103,269,194,208,249,183,1165,233,186,233,260,253
E01001110,Croydon 020D,E02000213,Croydon 020,E09000008,Croydon,1971,505,374,526,481,85,973,260,179,266,229,39,998,245,195,260,252,46
E01001111,Croydon 010D,E02000203,Croydon 010,E09000008,Croydon,1601,369,265,362,449,156,782,203,148,149,213,69,819,166,117,213,236,87
E01001112,Croydon 013C,E02000206,Croydon 013,E09000008,Croydon,1994,523,298,544,429,200,948,281,144,247,191,85,1046,242,154,297,238,115
E01001113,Croydon 013D,E02000206,Croydon 013,E09000008,Croydon,1865,454,335,441,495,140,905,210,139,244,249,63,960,244,196,197,246,77
E01001114,Croydon 013E,E02000206,Croydon 013,E09000008,Croydon,1489,427,251,382,330,99,744,242,128,166,172,36,745,185,123,216,158,63
E01001115,Croydon 015B,E02000208,Croydon 015,E09000008,Croydon,1654,424,287,325,410,208,798,211,151,151,180,105,856,213,136,174,230,103
E01001116,Croydon 013F,E02000206,Croydon 013,E09000008,Croydon,1335,328,206,319,356,126,682,188,101,146,190,57,653,140,105,173,166,69
E01001117,Croydon 015C,E02000208,Croydon 015,E09000008,Croydon,3392,825,592,990,770,215,1664,417,286,460,419,82,1728,408,306,530,351,133
E01001118,Croydon 020E,E02000213,Croydon 020,E09000008,Croydon,2045,558,318,465,486,218,978,265,160,226,227,100,1067,293,158,239,259,118
E01001119,Croydon 034G,E02000227,Croydon 034,E09000008,Croydon,1352,246,179,254,368,305,669,129,83,124,188,145,683,117,96,130,180,160
E01001120,Croydon 033A,E02000226,Croydon 033,E09000008,Croydon,1268,224,198,215,399,232,665,124,122,106,199,114,603,100,76,109,200,118
E01001121,Croydon 039D,E02000232,Croydon 039,E09000008,Croydon,1329,180,146,194,360,449,639,94,78,87,172,208,690,86,68,107,188,241
E01001122,Croydon 033B,E02000226,Croydon 033,E09000008,Croydon,1585,255,365,196,442,327,804,140,204,89,228,143,781,115,161,107,214,184
E01001123,Croydon 033C,E02000226,Croydon 033,E09000008,Croydon,1536,256,209,240,478,353,749,123,114,108,236,168,787,133,95,132,242,185
E01001124,Croydon 033D,E02000226,Croydon 033,E09000008,Croydon,1492,211,186,197,438,460,726,101,101,105,199,220,766,110,85,92,239,240
E01001125,Croydon 033E,E02000226,Croydon 033,E09000008,Croydon,1646,312,225,310,450,349,831,166,114,158,215,178,815,146,111,152,235,171
E01001126,Croydon 034H,E02000227,Croydon 034,E09000008,Croydon,1443,249,207,245,402,340,697,124,103,130,200,140,746,125,104,115,202,200
E01001127,Croydon 025A,E02000218,Croydon 025,E09000008,Croydon,1479,230,217,195,484,353,720,120,100,99,230,171,759,110,117,96,254,182
E01001128,Croydon 025B,E02000218,Croydon 025,E09000008,Croydon,1641,447,295,298,434,167,740,245,142,108,174,71,901,202,153,190,260,96
E01001129,Croydon 026D,E02000219,Croydon 026,E09000008,Croydon,1357,216,196,191,441,313,648,102,111,91,195,149,709,114,85,100,246,164
E01001130,Croydon 025C,E02000218,Croydon 025,E09000008,Croydon,1830,676,328,334,390,102,814,336,150,112,165,51,1016,340,178,222,225,51
E01001131,Croydon 018C,E02000211,Croydon 018,E09000008,Croydon,1566,316,221,346,371,312,709,163,109,156,166,115,857,153,112,190,205,197
E01001132,Croydon 018D,E02000211,Croydon 018,E09000008,Croydon,1499,238,209,223,419,410,729,123,118,116,196,176,770,115,91,107,223,234
E01001133,Croydon 026E,E02000219,Croydon 026,E09000008,Croydon,1509,176,183,218,439,493,689,85,97,107,211,189,820,91,86,111,228,304
E01001134,Croydon 018E,E02000211,Croydon 018,E09000008,Croydon,1677,270,265,316,506,320,822,144,130,174,227,147,855,126,135,142,279,173
E01001135,Croydon 025D,E02000218,Croydon 025,E09000008,Croydon,1656,272,262,245,484,393,778,149,118,126,219,166,878,123,144,119,265,227
E01001136,Croydon 007A,E02000200,Croydon 007,E09000008,Croydon,2157,437,365,556,535,264,1054,235,176,252,272,119,1103,202,189,304,263,145
E01001137,Croydon 001A,E02000194,Croydon 001,E09000008,Croydon,2104,402,305,620,511,266,1084,203,154,321,284,122,1020,199,151,299,227,144
E01001138,Croydon 001B,E02000194,Croydon 001,E09000008,Croydon,1523,320,185,471,374,173,766,163,83,222,194,104,757,157,102,249,180,69
E01001139,Croydon 007B,E02000200,Croydon 007,E09000008,Croydon,1657,345,242,410,458,202,737,171,135,153,205,73,920,174,107,257,253,129
E01001140,Croydon 007C,E02000200,Croydon 007,E09000008,Croydon,1638,333,247,486,430,142,797,169,126,220,201,81,841,164,121,266,229,61
E01001141,Croydon 008A,E02000201,Croydon 008,E09000008,Croydon,1272,291,229,295,333,124,597,135,104,134,159,65,675,156,125,161,174,59
E01001142,Croydon 007D,E02000200,Croydon 007,E09000008,Croydon,1868,383,252,429,514,290,874,198,108,176,270,122,994,185,144,253,244,168
E01001143,Croydon 008B,E02000201,Croydon 008,E09000008,Croydon,2155,509,381,479,514,272,1018,235,183,237,224,139,1137,274,198,242,290,133
E01001144,Croydon 007E,E02000200,Croydon 007,E09000008,Croydon,1566,344,242,425,423,132,746,164,130,201,206,45,820,180,112,224,217,87
E01001145,Croydon 008C,E02000201,Croydon 008,E09000008,Croydon,2050,636,354,504,433,123,1017,344,165,211,229,68,1033,292,189,293,204,55
E01001146,Croydon 006A,E02000199,Croydon 006,E09000008,Croydon,1573,323,255,289,517,189,745,129,144,128,255,89,828,194,111,161,262,100
E01001147,Croydon 005A,E02000198,Croydon 005,E09000008,Croydon,1789,511,327,394,424,133,814,243,150,181,186,54,975,268,177,213,238,79
E01001148,Croydon 005B,E02000198,Croydon 005,E09000008,Croydon,1678,356,286,380,494,162,793,165,153,173,236,66,885,191,133,207,258,96
E01001149,Croydon 006B,E02000199,Croydon 006,E09000008,Croydon,1579,423,226,343,426,161,758,214,127,148,201,68,821,209,99,195,225,93
E01001150,Croydon 006C,E02000199,Croydon 006,E09000008,Croydon,1748,407,296,360,537,148,846,182,161,166,251,86,902,225,135,194,286,62
E01001151,Croydon 005C,E02000198,Croydon 005,E09000008,Croydon,1776,458,267,364,487,200,834,230,120,170,235,79,942,228,147,194,252,121
E01001152,Croydon 005D,E02000198,Croydon 005,E09000008,Croydon,1786,479,306,402,452,147,853,232,149,183,216,73,933,247,157,219,236,74
E01001153,Croydon 006D,E02000199,Croydon 006,E09000008,Croydon,1523,295,264,332,441,191,696,138,121,153,202,82,827,157,143,179,239,109
E01001154,Croydon 006E,E02000199,Croydon 006,E09000008,Croydon,1919,458,317,425,547,172,914,243,141,198,249,83,1005,215,176,227,298,89
E01001155,Croydon 010E,E02000203,Croydon 010,E09000008,Croydon,1859,438,318,349,466,288,889,190,146,175,228,150,970,248,172,174,238,138
E01001156,Croydon 001C,E02000194,Croydon 001,E09000008,Croydon,1810,386,252,429,498,245,886,197,131,222,245,91,924,189,121,207,253,154
E01001157,Croydon 002B,E02000195,Croydon 002,E09000008,Croydon,1776,358,302,357,499,260,913,202,157,182,253,119,863,156,145,175,246,141
E01001158,Croydon 005E,E02000198,Croydon 005,E09000008,Croydon,1728,408,278,414,443,185,871,230,150,191,209,91,857,178,128,223,234,94
E01001159,Croydon 002C,E02000195,Croydon 002,E09000008,Croydon,2031,450,241,480,546,314,1005,259,117,207,264,158,1026,191,124,273,282,156
E01001160,Croydon 002D,E02000195,Croydon 002,E09000008,Croydon,2116,441,404,392,539,340,989,210,196,193,248,142,1127,231,208,199,291,198
E01001161,Croydon 003D,E02000196,Croydon 003,E09000008,Croydon,1736,344,426,320,443,203,826,173,226,156,186,85,910,171,200,164,257,118
E01001162,Croydon 001D,E02000194,Croydon 001,E09000008,Croydon,1858,394,284,493,493,194,851,207,133,221,211,79,1007,187,151,272,282,115
E01001163,Croydon 002E,E02000195,Croydon 002,E09000008,Croydon,2027,412,299,513,540,263,999,204,165,249,264,117,1028,208,134,264,276,146
E01001164,Croydon 001E,E02000194,Croydon 001,E09000008,Croydon,2196,379,392,792,466,167,1125,183,224,397,238,83,1071,196,168,395,228,84
E01001165,Croydon 024C,E02000217,Croydon 024,E09000008,Croydon,1764,372,296,484,456,156,894,182,159,247,237,69,870,190,137,237,219,87
E01001166,Croydon 024D,E02000217,Croydon 024,E09000008,Croydon,2045,527,361,520,464,173,1001,264,153,246,256,82,1044,263,208,274,208,91
E01001167,Croydon 028A,E02000221,Croydon 028,E09000008,Croydon,2184,485,359,520,576,244,1067,253,183,239,297,95,1117,232,176,281,279,149
E01001168,Croydon 024E,E02000217,Croydon 024,E09000008,Croydon,1800,380,308,434,476,202,909,205,155,224,237,88,891,175,153,210,239,114
E01001169,Croydon 028B,E02000221,Croydon 028,E09000008,Croydon,1720,454,269,347,442,208,818,254,129,140,201,94,902,200,140,207,241,114
E01001170,Croydon 027E,E02000220,Croydon 027,E09000008,Croydon,2187,505,340,565,483,294,1075,259,165,276,265,110,1112,246,175,289,218,184
E01001171,Croydon 028C,E02000221,Croydon 028,E09000008,Croydon,1841,396,341,381,394,329,903,220,169,190,188,136,938,176,172,191,206,193
E01001172,Croydon 028D,E02000221,Croydon 028,E09000008,Croydon,2098,604,397,405,540,152,965,312,203,171,221,58,1133,292,194,234,319,94
E01001173,Croydon 028E,E02000221,Croydon 028,E09000008,Croydon,2937,716,539,668,694,320,1400,347,276,310,329,138,1537,369,263,358,365,182
E01001174,Croydon 011A,E02000204,Croydon 011,E09000008,Croydon,1599,348,281,290,436,244,792,177,133,148,217,117,807,171,148,142,219,127
E01001175,Croydon 011B,E02000204,Croydon 011,E09000008,Croydon,1694,393,334,348,442,177,859,209,168,173,231,78,835,184,166,175,211,99
E01001176,Croydon 011C,E02000204,Croydon 011,E09000008,Croydon,1941,505,308,502,427,199,981,260,179,233,208,101,960,245,129,269,219,98
E01001177,Croydon 016C,E02000209,Croydon 016,E09000008,Croydon,1613,389,298,371,421,134,788,205,159,185,187,52,825,184,139,186,234,82
E01001178,Croydon 015D,E02000208,Croydon 015,E09000008,Croydon,1530,421,312,350,351,96,774,223,154,189,180,28,756,198,158,161,171,68
E01001179,Croydon 016D,E02000209,Croydon 016,E09000008,Croydon,1673,380,260,377,449,207,768,186,120,166,209,87,905,194,140,211,240,120
E01001180,Croydon 016E,E02000209,Croydon 016,E09000008,Croydon,1884,488,286,449,476,185,961,266,142,215,254,84,923,222,144,234,222,101
E01001181,Croydon 015E,E02000208,Croydon 015,E09000008,Croydon,2158,679,386,451,485,157,1010,352,143,191,251,73,1148,327,243,260,234,84
E01001182,Croydon 011D,E02000204,Croydon 011,E09000008,Croydon,1420,303,244,285,369,219,710,160,138,145,176,91,710,143,106,140,193,128
E01001183,Croydon 011E,E02000204,Croydon 011,E09000008,Croydon,1780,441,303,417,425,194,923,235,168,216,215,89,857,206,135,201,210,105
E01001184,Croydon 011F,E02000204,Croydon 011,E09000008,Croydon,1277,248,222,233,383,191,613,123,111,113,175,91,664,125,111,120,208,100
E01001185,Croydon 014B,E02000207,Croydon 014,E09000008,Croydon,1608,347,244,435,410,172,780,172,129,204,190,85,828,175,115,231,220,87
E01001186,Croydon 014C,E02000207,Croydon 014,E09000008,Croydon,1862,441,283,457,453,228,899,233,130,215,222,99,963,208,153,242,231,129
E01001187,Croydon 017E,E02000210,Croydon 017,E09000008,Croydon,2113,504,348,520,542,199,1004,249,166,243,252,94,1109,255,182,277,290,105
E01001188,Croydon 014D,E02000207,Croydon 014,E09000008,Croydon,2037,534,330,497,510,166,959,273,138,227,239,82,1078,261,192,270,271,84
E01001189,Croydon 045B,E02006788,Croydon 045,E09000008,Croydon,1197,248,197,251,333,168,554,132,95,92,147,88,643,116,102,159,186,80
E01001190,Croydon 045C,E02006788,Croydon 045,E09000008,Croydon,1492,322,271,316,435,148,693,177,143,138,191,44,799,145,128,178,244,104
E01001191,Croydon 008D,E02000201,Croydon 008,E09000008,Croydon,2069,513,336,541,552,127,1014,251,184,245,280,54,1055,262,152,296,272,73
E01001192,Croydon 008E,E02000201,Croydon 008,E09000008,Croydon,1728,467,288,404,417,152,831,241,149,188,190,63,897,226,139,216,227,89
E01001193,Croydon 014E,E02000207,Croydon 014,E09000008,Croydon,1655,340,400,268,501,146,740,174,209,117,177,63,915,166,191,151,324,83
E01001194,Croydon 045D,E02006788,Croydon 045,E09000008,Croydon,1663,355,258,423,450,177,779,180,126,190,208,75,884,175,132,233,242,102
E01001195,Ealing 021A,E02000258,Ealing 021,E09000009,Ealing,1837,413,385,438,348,253,1027,235,252,229,178,133,810,178,133,209,170,120
E01001196,Ealing 015A,E02000252,Ealing 015,E09000009,Ealing,1759,390,309,428,393,239,872,198,160,226,176,112,887,192,149,202,217,127
E01001197,Ealing 021B,E02000258,Ealing 021,E09000009,Ealing,1900,460,319,458,419,244,982,233,194,232,213,110,918,227,125,226,206,134
E01001198,Ealing 021C,E02000258,Ealing 021,E09000009,Ealing,1545,285,296,449,349,166,741,130,143,229,173,66,804,155,153,220,176,100
E01001199,Ealing 021D,E02000258,Ealing 021,E09000009,Ealing,1748,322,358,496,403,169,881,156,204,258,190,73,867,166,154,238,213,96
E01001200,Ealing 025A,E02000262,Ealing 025,E09000009,Ealing,1455,319,229,399,359,149,734,168,121,188,175,82,721,151,108,211,184,67
E01001201,Ealing 025B,E02000262,Ealing 025,E09000009,Ealing,1561,249,324,399,411,178,747,130,135,200,200,82,814,119,189,199,211,96
E01001202,Ealing 025C,E02000262,Ealing 025,E09000009,Ealing,2272,560,426,546,518,222,1141,290,226,276,259,90,1131,270,200,270,259,132
E01001203,Ealing 025D,E02000262,Ealing 025,E09000009,Ealing,1635,279,289,445,453,169,867,132,157,234,255,89,768,147,132,211,198,80
E01001204,Ealing 018A,E02000255,Ealing 018,E09000009,Ealing,1473,266,240,270,390,307,719,130,110,136,186,157,754,136,130,134,204,150
E01001205,Ealing 018B,E02000255,Ealing 018,E09000009,Ealing,1582,435,249,351,364,183,761,230,127,168,158,78,821,205,122,183,206,105
E01001206,Ealing 018C,E02000255,Ealing 018,E09000009,Ealing,1369,405,275,257,331,101,655,221,142,110,141,41,714,184,133,147,190,60
E01001207,Ealing 018D,E02000255,Ealing 018,E09000009,Ealing,1689,347,252,489,423,178,847,183,138,248,209,69,842,164,114,241,214,109
E01001208,Ealing 018E,E02000255,Ealing 018,E09000009,Ealing,1316,313,168,188,366,281,600,156,71,85,160,128,716,157,97,103,206,153
E01001209,Ealing 013A,E02000250,Ealing 013,E09000009,Ealing,1609,347,212,288,491,271,770,184,107,144,228,107,839,163,105,144,263,164
E01001210,Ealing 016A,E02000253,Ealing 016,E09000009,Ealing,1717,427,257,300,433,300,850,239,138,138,206,129,867,188,119,162,227,171
E01001211,Ealing 013B,E02000250,Ealing 013,E09000009,Ealing,1663,334,232,334,461,302,801,163,127,161,219,131,862,171,105,173,242,171
E01001212,Ealing 018F,E02000255,Ealing 018,E09000009,Ealing,1704,265,219,298,480,442,853,153,109,155,237,199,851,112,110,143,243,243
E01001213,Ealing 023A,E02000260,Ealing 023,E09000009,Ealing,1977,395,279,451,535,317,1052,205,151,261,299,136,925,190,128,190,236,181
E01001214,Ealing 023B,E02000260,Ealing 023,E09000009,Ealing,1760,350,248,382,419,361,885,169,140,188,217,171,875,181,108,194,202,190
E01001215,Ealing 023C,E02000260,Ealing 023,E09000009,Ealing,1875,403,294,382,492,304,925,198,148,198,253,128,950,205,146,184,239,176
E01001216,Ealing 023D,E02000260,Ealing 023,E09000009,Ealing,1613,405,207,376,347,278,859,234,104,199,187,135,754,171,103,177,160,143
E01001217,Ealing 014A,E02000251,Ealing 014,E09000009,Ealing,1414,293,235,291,369,226,720,151,131,151,181,106,694,142,104,140,188,120
E01001218,Ealing 012A,E02000249,Ealing 012,E09000009,Ealing,1806,418,304,384,402,298,861,218,146,186,171,140,945,200,158,198,231,158
E01001219,Ealing 029A,E02000266,Ealing 029,E09000009,Ealing,1954,541,332,373,476,232,912,281,159,171,204,97,1042,260,173,202,272,135
E01001220,Ealing 029B,E02000266,Ealing 029,E09000009,Ealing,1328,365,241,243,319,160,611,195,105,119,128,64,717,170,136,124,191,96
E01001221,Ealing 020A,E02000257,Ealing 020,E09000009,Ealing,2845,386,667,858,606,328,1433,197,331,449,325,131,1412,189,336,409,281,197
E01001222,Ealing 019A,E02000256,Ealing 019,E09000009,Ealing,2695,543,524,922,578,128,1371,283,276,458,304,50,1324,260,248,464,274,78
E01001223,Ealing 020B,E02000257,Ealing 020,E09000009,Ealing,1463,239,282,387,312,243,708,112,113,209,150,124,755,127,169,178,162,119
E01001224,Ealing 019B,E02000256,Ealing 019,E09000009,Ealing,1497,277,265,239,453,263,735,124,140,137,224,110,762,153,125,102,229,153
E01001225,Ealing 020C,E02000257,Ealing 020,E09000009,Ealing,1655,252,326,412,411,254,830,137,172,213,198,110,825,115,154,199,213,144
E01001226,Ealing 019C,E02000256,Ealing 019,E09000009,Ealing,1416,283,211,364,308,250,697,154,112,156,169,106,719,129,99,208,139,144
E01001227,Ealing 019D,E02000256,Ealing 019,E09000009,Ealing,1476,266,226,330,416,238,760,145,115,183,196,121,716,121,111,147,220,117
E01001228,Ealing 019E,E02000256,Ealing 019,E09000009,Ealing,1801,300,363,504,404,230,944,173,190,286,196,99,857,127,173,218,208,131
E01001229,Ealing 031A,E02000268,Ealing 031,E09000009,Ealing,1461,293,253,348,354,213,708,166,132,172,145,93,753,127,121,176,209,120
E01001230,Ealing 031B,E02000268,Ealing 031,E09000009,Ealing,1382,191,300,313,402,176,704,105,180,158,189,72,678,86,120,155,213,104
E01001231,Ealing 027A,E02000264,Ealing 027,E09000009,Ealing,1910,271,423,480,383,353,1003,134,231,272,184,182,907,137,192,208,199,171
E01001232,Ealing 031C,E02000268,Ealing 031,E09000009,Ealing,1517,271,260,338,386,262,795,153,150,179,184,129,722,118,110,159,202,133
E01001233,Ealing 031D,E02000268,Ealing 031,E09000009,Ealing,1345,208,237,339,347,214,679,107,129,183,170,90,666,101,108,156,177,124
E01001234,Ealing 027B,E02000264,Ealing 027,E09000009,Ealing,1372,191,269,411,333,168,676,81,125,208,177,85,696,110,144,203,156,83
E01001235,Ealing 020D,E02000257,Ealing 020,E09000009,Ealing,1690,240,363,605,320,162,901,115,173,353,180,80,789,125,190,252,140,82
E01001236,Ealing 020E,E02000257,Ealing 020,E09000009,Ealing,1467,231,291,402,336,207,736,122,144,193,202,75,731,109,147,209,134,132
E01001237,Ealing 031E,E02000268,Ealing 031,E09000009,Ealing,1520,185,321,380,376,258,785,98,190,189,180,128,735,87,131,191,196,130
E01001238,Ealing 015B,E02000252,Ealing 015,E09000009,Ealing,4405,498,2137,1090,511,169,2451,240,1187,673,251,100,1954,258,950,417,260,69
E01001239,Ealing 015C,E02000252,Ealing 015,E09000009,Ealing,1486,278,315,407,341,145,794,143,187,230,164,70,692,135,128,177,177,75
E01001240,Ealing 024A,E02000261,Ealing 024,E09000009,Ealing,1673,234,444,423,356,216,867,119,230,219,192,107,806,115,214,204,164,109
E01001241,Ealing 024B,E02000261,Ealing 024,E09000009,Ealing,1615,248,474,407,289,197,855,134,269,216,157,79,760,114,205,191,132,118
E01001242,Ealing 024C,E02000261,Ealing 024,E09000009,Ealing,1398,263,274,310,360,191,682,125,132,169,165,91,716,138,142,141,195,100
E01001243,Ealing 024D,E02000261,Ealing 024,E09000009,Ealing,2482,653,488,613,522,206,1264,340,259,324,242,99,1218,313,229,289,280,107
E01001244,Ealing 024E,E02000261,Ealing 024,E09000009,Ealing,2876,606,670,773,572,255,1405,314,340,381,262,108,1471,292,330,392,310,147
E01001245,Ealing 024F,E02000261,Ealing 024,E09000009,Ealing,2056,466,328,681,412,169,1014,228,165,352,188,81,1042,238,163,329,224,88
E01001246,Ealing 015D,E02000252,Ealing 015,E09000009,Ealing,1668,312,385,425,384,162,815,146,214,209,189,57,853,166,171,216,195,105
E01001247,Ealing 015E,E02000252,Ealing 015,E09000009,Ealing,2348,456,524,647,447,274,1331,216,347,414,227,127,1017,240,177,233,220,147
E01001248,Ealing 035A,E02000272,Ealing 035,E09000009,Ealing,1448,274,228,313,362,271,725,149,123,163,165,125,723,125,105,150,197,146
E01001249,Ealing 028A,E02000265,Ealing 028,E09000009,Ealing,2301,521,444,687,438,211,1134,255,222,355,212,90,1167,266,222,332,226,121
E01001250,Ealing 028B,E02000265,Ealing 028,E09000009,Ealing,2019,425,308,574,494,218,1007,209,156,307,227,108,1012,216,152,267,267,110
E01001251,Ealing 030A,E02000267,Ealing 030,E09000009,Ealing,1621,391,208,400,424,198,735,177,88,203,183,84,886,214,120,197,241,114
E01001252,Ealing 030B,E02000267,Ealing 030,E09000009,Ealing,2153,482,329,569,545,228,1124,259,188,314,255,108,1029,223,141,255,290,120
E01001253,Ealing 030C,E02000267,Ealing 030,E09000009,Ealing,1841,473,255,453,469,191,885,233,128,210,221,93,956,240,127,243,248,98
E01001254,Ealing 030D,E02000267,Ealing 030,E09000009,Ealing,1607,387,168,353,477,222,794,228,90,172,218,86,813,159,78,181,259,136
E01001255,Ealing 028C,E02000265,Ealing 028,E09000009,Ealing,1534,385,205,326,417,201,748,200,111,150,196,91,786,185,94,176,221,110
E01001257,Ealing 008A,E02000245,Ealing 008,E09000009,Ealing,1674,494,261,356,394,169,819,248,139,170,182,80,855,246,122,186,212,89
E01001258,Ealing 010B,E02000247,Ealing 010,E09000009,Ealing,1619,370,214,361,411,263,800,198,98,179,205,120,819,172,116,182,206,143
E01001259,Ealing 014B,E02000251,Ealing 014,E09000009,Ealing,1377,310,177,337,343,210,692,171,89,181,161,90,685,139,88,156,182,120
E01001260,Ealing 012B,E02000249,Ealing 012,E09000009,Ealing,1814,367,294,400,488,265,923,197,162,209,237,118,891,170,132,191,251,147
E01001261,Ealing 012C,E02000249,Ealing 012,E09000009,Ealing,2187,482,397,522,529,257,1071,235,205,257,250,124,1116,247,192,265,279,133
E01001262,Ealing 010C,E02000247,Ealing 010,E09000009,Ealing,1570,358,258,290,375,289,727,169,130,151,166,111,843,189,128,139,209,178
E01001263,Ealing 010D,E02000247,Ealing 010,E09000009,Ealing,1732,472,260,374,386,240,859,241,147,163,194,114,873,231,113,211,192,126
E01001264,Ealing 010E,E02000247,Ealing 010,E09000009,Ealing,1631,383,237,343,397,271,782,191,130,154,175,132,849,192,107,189,222,139
E01001265,Ealing 006A,E02000243,Ealing 006,E09000009,Ealing,1691,411,260,479,361,180,845,198,132,264,179,72,846,213,128,215,182,108
E01001266,Ealing 006B,E02000243,Ealing 006,E09000009,Ealing,1752,303,282,408,452,307,896,144,159,221,229,143,856,159,123,187,223,164
E01001267,Ealing 006C,E02000243,Ealing 006,E09000009,Ealing,2008,459,300,407,472,370,978,249,156,199,206,168,1030,210,144,208,266,202
E01001268,Ealing 012D,E02000249,Ealing 012,E09000009,Ealing,1612,381,198,315,406,312,794,208,93,143,218,132,818,173,105,172,188,180
E01001269,Ealing 001A,E02000238,Ealing 001,E09000009,Ealing,1932,449,284,505,445,249,997,236,145,282,212,122,935,213,139,223,233,127
E01001270,Ealing 004A,E02000241,Ealing 004,E09000009,Ealing,1627,366,268,375,409,209,794,166,149,199,178,102,833,200,119,176,231,107
E01001271,Ealing 001B,E02000238,Ealing 001,E09000009,Ealing,1829,409,288,443,473,216,935,209,147,260,227,92,894,200,141,183,246,124
E01001272,Ealing 006D,E02000243,Ealing 006,E09000009,Ealing,1570,327,268,372,390,213,805,170,149,192,199,95,765,157,119,180,191,118
E01001273,Ealing 020F,E02000257,Ealing 020,E09000009,Ealing,1692,329,311,344,450,258,850,160,170,182,222,116,842,169,141,162,228,142
E01001274,Ealing 020G,E02000257,Ealing 020,E09000009,Ealing,1784,447,301,392,440,204,933,234,179,199,229,92,851,213,122,193,211,112
E01001275,Ealing 020H,E02000257,Ealing 020,E09000009,Ealing,2026,439,349,596,408,234,1057,249,206,278,212,112,969,190,143,318,196,122
E01001276,Ealing 011A,E02000248,Ealing 011,E09000009,Ealing,1880,336,381,504,451,208,980,175,184,294,234,93,900,161,197,210,217,115
E01001277,Ealing 011B,E02000248,Ealing 011,E09000009,Ealing,1970,361,364,598,384,263,1070,189,189,356,201,135,900,172,175,242,183,128
E01001278,Ealing 011C,E02000248,Ealing 011,E09000009,Ealing,2040,407,356,558,461,258,1007,195,182,266,255,109,1033,212,174,292,206,149
E01001279,Ealing 013C,E02000250,Ealing 013,E09000009,Ealing,1440,307,180,234,386,333,688,141,90,108,183,166,752,166,90,126,203,167
E01001280,Ealing 011D,E02000248,Ealing 011,E09000009,Ealing,1848,479,258,478,396,237,927,263,138,232,195,99,921,216,120,246,201,138
E01001281,Ealing 013D,E02000250,Ealing 013,E09000009,Ealing,1513,364,175,268,385,321,719,192,91,117,178,141,794,172,84,151,207,180
E01001282,Ealing 016B,E02000253,Ealing 016,E09000009,Ealing,1441,311,181,284,391,274,717,180,96,138,168,135,724,131,85,146,223,139
E01001283,Ealing 016C,E02000253,Ealing 016,E09000009,Ealing,1456,305,183,296,383,289,692,147,103,151,179,112,764,158,80,145,204,177
E01001284,Ealing 022A,E02000259,Ealing 022,E09000009,Ealing,1484,342,177,297,408,260,750,196,94,139,193,128,734,146,83,158,215,132
E01001285,Ealing 016D,E02000253,Ealing 016,E09000009,Ealing,1681,419,301,386,386,189,824,212,171,193,177,71,857,207,130,193,209,118
E01001286,Ealing 016E,E02000253,Ealing 016,E09000009,Ealing,1548,447,221,306,386,188,757,261,119,138,166,73,791,186,102,168,220,115
E01001287,Ealing 016F,E02000253,Ealing 016,E09000009,Ealing,1414,385,240,264,364,161,666,199,117,129,143,78,748,186,123,135,221,83
E01001288,Ealing 022B,E02000259,Ealing 022,E09000009,Ealing,1396,357,195,302,373,169,659,176,92,146,177,68,737,181,103,156,196,101
E01001289,Ealing 022C,E02000259,Ealing 022,E09000009,Ealing,1290,298,190,263,372,167,631,149,102,128,176,76,659,149,88,135,196,91
E01001290,Ealing 022D,E02000259,Ealing 022,E09000009,Ealing,1814,412,286,422,461,233,895,226,143,212,218,96,919,186,143,210,243,137
E01001291,Ealing 014C,E02000251,Ealing 014,E09000009,Ealing,1587,418,217,344,411,197,815,205,114,186,206,104,772,213,103,158,205,93
E01001292,Ealing 014D,E02000251,Ealing 014,E09000009,Ealing,1529,271,258,289,451,260,787,128,146,153,233,127,742,143,112,136,218,133
E01001293,Ealing 014E,E02000251,Ealing 014,E09000009,Ealing,1450,304,241,303,404,198,761,156,137,156,203,109,689,148,104,147,201,89
E01001294,Ealing 017A,E02000254,Ealing 017,E09000009,Ealing,1911,456,265,413,491,286,962,227,134,210,257,134,949,229,131,203,234,152
E01001295,Ealing 017B,E02000254,Ealing 017,E09000009,Ealing,1628,332,240,367,465,224,814,184,122,184,232,92,814,148,118,183,233,132
E01001296,Ealing 017C,E02000254,Ealing 017,E09000009,Ealing,1372,257,238,277,396,204,730,139,134,142,218,97,642,118,104,135,178,107
E01001297,Ealing 017D,E02000254,Ealing 017,E09000009,Ealing,1713,391,259,403,424,236,845,190,139,194,226,96,868,201,120,209,198,140
E01001298,Ealing 017E,E02000254,Ealing 017,E09000009,Ealing,1761,362,250,378,466,305,903,185,135,204,231,148,858,177,115,174,235,157
E01001299,Ealing 035B,E02000272,Ealing 035,E09000009,Ealing,1717,351,258,294,483,331,801,162,123,128,229,159,916,189,135,166,254,172
E01001300,Ealing 039A,E02000276,Ealing 039,E09000009,Ealing,1611,408,213,398,408,184,793,204,124,200,191,74,818,204,89,198,217,110
E01001301,Ealing 039B,E02000276,Ealing 039,E09000009,Ealing,1692,334,268,529,354,207,889,196,106,300,175,112,803,138,162,229,179,95
E01001302,Ealing 039C,E02000276,Ealing 039,E09000009,Ealing,1575,357,234,392,409,183,796,177,117,190,214,98,779,180,117,202,195,85
E01001303,Ealing 032A,E02000269,Ealing 032,E09000009,Ealing,1613,348,281,363,418,203,750,152,135,189,184,90,863,196,146,174,234,113
E01001304,Ealing 039D,E02000276,Ealing 039,E09000009,Ealing,1594,312,255,436,404,187,779,157,138,209,195,80,815,155,117,227,209,107
E01001305,Ealing 035C,E02000272,Ealing 035,E09000009,Ealing,1617,358,199,314,490,256,776,167,111,150,227,121,841,191,88,164,263,135
E01001306,Ealing 035D,E02000272,Ealing 035,E09000009,Ealing,1652,359,191,392,469,241,775,173,93,191,225,93,877,186,98,201,244,148
E01001307,Ealing 002A,E02000239,Ealing 002,E09000009,Ealing,1855,395,293,448,460,259,978,212,175,231,233,127,877,183,118,217,227,132
E01001308,Ealing 002B,E02000239,Ealing 002,E09000009,Ealing,1959,355,325,425,500,354,958,176,157,229,245,151,1001,179,168,196,255,203
E01001309,Ealing 001C,E02000238,Ealing 001,E09000009,Ealing,1760,383,310,401,458,208,890,198,168,205,219,100,870,185,142,196,239,108
E01001310,Ealing 001D,E02000238,Ealing 001,E09000009,Ealing,1782,399,303,423,439,218,884,194,157,222,220,91,898,205,146,201,219,127
E01001311,Ealing 001E,E02000238,Ealing 001,E09000009,Ealing,2061,511,372,442,500,236,1009,268,182,225,244,90,1052,243,190,217,256,146
E01001312,Ealing 002C,E02000239,Ealing 002,E09000009,Ealing,1791,363,306,390,452,280,883,179,151,197,227,129,908,184,155,193,225,151
E01001313,Ealing 002D,E02000239,Ealing 002,E09000009,Ealing,1627,304,279,378,410,256,811,142,143,196,200,130,816,162,136,182,210,126
E01001314,Ealing 002E,E02000239,Ealing 002,E09000009,Ealing,1535,313,236,381,387,218,775,151,126,196,205,97,760,162,110,185,182,121
E01001315,Ealing 003A,E02000240,Ealing 003,E09000009,Ealing,1377,317,210,316,373,161,665,158,107,152,172,76,712,159,103,164,201,85
E01001316,Ealing 003B,E02000240,Ealing 003,E09000009,Ealing,1516,374,248,369,363,162,752,193,128,187,166,78,764,181,120,182,197,84
E01001317,Ealing 003C,E02000240,Ealing 003,E09000009,Ealing,1931,504,312,501,437,177,935,249,165,245,201,75,996,255,147,256,236,102
E01001318,Ealing 003D,E02000240,Ealing 003,E09000009,Ealing,1685,441,238,361,413,232,838,228,112,172,199,127,847,213,126,189,214,105
E01001319,Ealing 004B,E02000241,Ealing 004,E09000009,Ealing,1476,342,252,330,343,209,718,172,138,146,163,99,758,170,114,184,180,110
E01001320,Ealing 003E,E02000240,Ealing 003,E09000009,Ealing,1488,431,273,262,355,167,653,207,137,106,138,65,835,224,136,156,217,102
E01001321,Ealing 003F,E02000240,Ealing 003,E09000009,Ealing,2044,501,314,463,444,322,1011,253,147,222,225,164,1033,248,167,241,219,158
E01001322,Ealing 004C,E02000241,Ealing 004,E09000009,Ealing,1829,406,277,420,484,242,930,208,150,204,251,117,899,198,127,216,233,125
E01001323,Ealing 004D,E02000241,Ealing 004,E09000009,Ealing,1778,406,251,480,423,218,877,182,136,280,198,81,901,224,115,200,225,137
E01001324,Ealing 008B,E02000245,Ealing 008,E09000009,Ealing,1687,438,286,399,402,162,830,208,141,185,211,85,857,230,145,214,191,77
E01001325,Ealing 009A,E02000246,Ealing 009,E09000009,Ealing,1704,431,271,287,455,260,822,216,146,118,210,132,882,215,125,169,245,128
E01001326,Ealing 008C,E02000245,Ealing 008,E09000009,Ealing,1743,470,265,342,439,227,839,249,127,138,211,114,904,221,138,204,228,113
E01001327,Ealing 009B,E02000246,Ealing 009,E09000009,Ealing,1774,433,309,339,471,222,895,227,150,176,233,109,879,206,159,163,238,113
E01001328,Ealing 009C,E02000246,Ealing 009,E09000009,Ealing,1732,481,300,369,385,197,843,253,160,159,173,98,889,228,140,210,212,99
E01001329,Ealing 009D,E02000246,Ealing 009,E09000009,Ealing,1731,476,259,344,420,232,835,246,138,145,195,111,896,230,121,199,225,121
E01001330,Ealing 008D,E02000245,Ealing 008,E09000009,Ealing,1756,538,252,384,408,174,858,275,114,177,197,95,898,263,138,207,211,79
E01001331,Ealing 009E,E02000246,Ealing 009,E09000009,Ealing,1604,498,293,337,359,117,773,258,153,152,161,49,831,240,140,185,198,68
E01001332,Ealing 008E,E02000245,Ealing 008,E09000009,Ealing,1449,403,231,318,344,153,650,197,109,129,140,75,799,206,122,189,204,78
E01001333,Ealing 038A,E02000275,Ealing 038,E09000009,Ealing,2285,569,354,536,539,287,1204,270,184,287,313,150,1081,299,170,249,226,137
E01001334,Ealing 029C,E02000266,Ealing 029,E09000009,Ealing,1551,368,278,321,398,186,745,176,135,149,201,84,806,192,143,172,197,102
E01001335,Ealing 038B,E02000275,Ealing 038,E09000009,Ealing,1745,328,246,312,477,382,888,178,133,147,241,189,857,150,113,165,236,193
E01001336,Ealing 038C,E02000275,Ealing 038,E09000009,Ealing,1573,359,207,310,396,301,773,186,101,151,196,139,800,173,106,159,200,162
E01001337,Ealing 029D,E02000266,Ealing 029,E09000009,Ealing,1611,348,328,411,392,132,757,169,152,197,177,62,854,179,176,214,215,70
E01001338,Ealing 029E,E02000266,Ealing 029,E09000009,Ealing,1731,376,242,424,426,263,898,176,117,258,229,118,833,200,125,166,197,145
E01001339,Ealing 029F,E02000266,Ealing 029,E09000009,Ealing,1457,364,250,294,385,164,666,179,115,125,175,72,791,185,135,169,210,92
E01001340,Ealing 029G,E02000266,Ealing 029,E09000009,Ealing,1893,329,349,509,530,176,1071,172,216,294,307,82,822,157,133,215,223,94
E01001341,Ealing 005A,E02000242,Ealing 005,E09000009,Ealing,1731,353,322,441,409,206,934,199,182,242,204,107,797,154,140,199,205,99
E01001342,Ealing 005B,E02000242,Ealing 005,E09000009,Ealing,1874,396,347,487,441,203,938,174,174,259,236,95,936,222,173,228,205,108
E01001343,Ealing 005C,E02000242,Ealing 005,E09000009,Ealing,1452,286,232,307,351,276,759,158,139,161,170,131,693,128,93,146,181,145
E01001344,Ealing 007A,E02000244,Ealing 007,E09000009,Ealing,2314,495,347,696,492,284,1182,255,180,372,247,128,1132,240,167,324,245,156
E01001345,Ealing 005D,E02000242,Ealing 005,E09000009,Ealing,1767,390,333,376,449,219,900,199,171,209,221,100,867,191,162,167,228,119
E01001346,Ealing 007B,E02000244,Ealing 007,E09000009,Ealing,1851,414,256,399,481,301,999,222,138,234,262,143,852,192,118,165,219,158
E01001347,Ealing 007C,E02000244,Ealing 007,E09000009,Ealing,1779,313,303,450,452,261,972,171,168,262,240,131,807,142,135,188,212,130
E01001348,Ealing 007D,E02000244,Ealing 007,E09000009,Ealing,1576,336,222,440,346,232,850,184,129,245,185,107,726,152,93,195,161,125
E01001349,Ealing 006E,E02000243,Ealing 006,E09000009,Ealing,1392,282,218,319,383,190,726,152,118,195,173,88,666,130,100,124,210,102
E01001350,Ealing 027C,E02000264,Ealing 027,E09000009,Ealing,1486,255,293,309,409,220,733,128,151,158,195,101,753,127,142,151,214,119
E01001351,Ealing 025E,E02000262,Ealing 025,E09000009,Ealing,1874,315,319,504,462,274,922,157,154,270,219,122,952,158,165,234,243,152
E01001352,Ealing 027D,E02000264,Ealing 027,E09000009,Ealing,1593,256,327,415,419,176,832,141,167,218,227,79,761,115,160,197,192,97
E01001353,Ealing 033A,E02000270,Ealing 033,E09000009,Ealing,1447,266,303,386,318,174,717,129,160,203,147,78,730,137,143,183,171,96
E01001354,Ealing 027E,E02000264,Ealing 027,E09000009,Ealing,2091,369,444,461,497,320,1035,189,223,226,257,140,1056,180,221,235,240,180
E01001355,Ealing 033B,E02000270,Ealing 033,E09000009,Ealing,1707,337,276,517,369,208,871,195,132,262,184,98,836,142,144,255,185,110
E01001356,Ealing 033C,E02000270,Ealing 033,E09000009,Ealing,1802,524,292,317,465,204,882,278,144,138,230,92,920,246,148,179,235,112
E01001357,Ealing 033D,E02000270,Ealing 033,E09000009,Ealing,1437,346,266,402,317,106,638,150,137,163,137,51,799,196,129,239,180,55
E01001358,Ealing 033E,E02000270,Ealing 033,E09000009,Ealing,1452,385,274,367,285,141,679,204,130,153,132,60,773,181,144,214,153,81
E01001359,Ealing 026A,E02000263,Ealing 026,E09000009,Ealing,2278,576,322,526,595,259,1194,306,162,282,328,116,1084,270,160,244,267,143
E01001360,Ealing 026B,E02000263,Ealing 026,E09000009,Ealing,2024,352,322,413,604,333,1073,180,171,218,329,175,951,172,151,195,275,158
E01001361,Ealing 023E,E02000260,Ealing 023,E09000009,Ealing,2198,614,289,506,581,208,1136,304,143,261,320,108,1062,310,146,245,261,100
E01001362,Ealing 026C,E02000263,Ealing 026,E09000009,Ealing,2142,540,293,517,555,237,1161,282,162,279,331,107,981,258,131,238,224,130
E01001363,Ealing 026D,E02000263,Ealing 026,E09000009,Ealing,1744,450,233,410,418,233,921,234,125,217,243,102,823,216,108,193,175,131
E01001364,Ealing 026E,E02000263,Ealing 026,E09000009,Ealing,1598,356,261,322,407,252,799,202,126,168,195,108,799,154,135,154,212,144
E01001365,Ealing 026F,E02000263,Ealing 026,E09000009,Ealing,2265,562,286,533,585,299,1236,304,164,287,348,133,1029,258,122,246,237,166
E01001366,Ealing 037A,E02000274,Ealing 037,E09000009,Ealing,1941,494,282,499,462,204,1062,267,146,274,275,100,879,227,136,225,187,104
E01001367,Ealing 037B,E02000274,Ealing 037,E09000009,Ealing,2282,592,347,525,623,195,1204,307,174,275,371,77,1078,285,173,250,252,118
E01001368,Ealing 037C,E02000274,Ealing 037,E09000009,Ealing,1708,372,260,387,435,254,908,189,153,215,238,113,800,183,107,172,197,141
E01001369,Ealing 038D,E02000275,Ealing 038,E09000009,Ealing,1975,471,269,498,504,233,1060,233,146,282,286,113,915,238,123,216,218,120
E01001370,Ealing 037D,E02000274,Ealing 037,E09000009,Ealing,1993,437,343,462,532,219,1099,220,191,278,296,114,894,217,152,184,236,105
E01001371,Ealing 037E,E02000274,Ealing 037,E09000009,Ealing,2265,633,336,526,534,236,1206,346,184,273,293,110,1059,287,152,253,241,126
E01001372,Ealing 037F,E02000274,Ealing 037,E09000009,Ealing,2192,617,318,551,526,180,1128,312,172,269,288,87,1064,305,146,282,238,93
E01001373,Ealing 037G,E02000274,Ealing 037,E09000009,Ealing,1810,442,289,479,438,162,983,233,168,248,250,84,827,209,121,231,188,78
E01001374,Ealing 040A,E02006791,Ealing 040,E09000009,Ealing,1888,362,301,542,478,205,914,191,151,262,230,80,974,171,150,280,248,125
E01001375,Ealing 034A,E02000271,Ealing 034,E09000009,Ealing,1625,355,206,349,494,221,813,194,122,153,235,109,812,161,84,196,259,112
E01001376,Ealing 040B,E02006791,Ealing 040,E09000009,Ealing,1625,313,256,402,442,212,811,168,140,191,204,108,814,145,116,211,238,104
E01001377,Ealing 034B,E02000271,Ealing 034,E09000009,Ealing,1699,351,268,286,507,287,825,182,134,128,237,144,874,169,134,158,270,143
E01001379,Ealing 034C,E02000271,Ealing 034,E09000009,Ealing,1603,368,197,356,485,197,762,183,88,174,234,83,841,185,109,182,251,114
E01001380,Ealing 040C,E02006791,Ealing 040,E09000009,Ealing,1820,333,275,494,452,266,917,164,156,250,214,133,903,169,119,244,238,133
E01001381,Ealing 034D,E02000271,Ealing 034,E09000009,Ealing,1965,363,329,580,465,228,1014,186,161,319,246,102,951,177,168,261,219,126
E01001382,Ealing 032B,E02000269,Ealing 032,E09000009,Ealing,1408,323,189,249,406,241,683,165,94,116,196,112,725,158,95,133,210,129
E01001383,Ealing 028D,E02000265,Ealing 028,E09000009,Ealing,1619,320,268,397,436,198,867,181,152,214,216,104,752,139,116,183,220,94
E01001384,Ealing 032C,E02000269,Ealing 032,E09000009,Ealing,1610,372,232,445,400,161,780,191,115,208,211,55,830,181,117,237,189,106
E01001385,Ealing 032D,E02000269,Ealing 032,E09000009,Ealing,1661,359,254,362,465,221,833,206,123,188,220,96,828,153,131,174,245,125
E01001386,Ealing 031F,E02000268,Ealing 031,E09000009,Ealing,1688,322,268,430,453,215,815,163,103,224,220,105,873,159,165,206,233,110
E01001387,Ealing 032E,E02000269,Ealing 032,E09000009,Ealing,1534,246,280,416,387,205,799,127,172,221,190,89,735,119,108,195,197,116
E01001388,Ealing 028E,E02000265,Ealing 028,E09000009,Ealing,1391,321,228,323,320,199,730,165,118,167,179,101,661,156,110,156,141,98
E01001389,Ealing 028F,E02000265,Ealing 028,E09000009,Ealing,1718,353,261,501,381,222,904,197,138,266,217,86,814,156,123,235,164,136
E01001390,Enfield 036A,E02000312,Enfield 036,E09000010,Enfield,2083,371,391,580,518,223,1076,198,206,292,282,98,1007,173,185,288,236,125
E01001391,Enfield 036B,E02000312,Enfield 036,E09000010,Enfield,2013,319,471,626,435,162,1124,174,309,374,208,59,889,145,162,252,227,103
E01001392,Enfield 032A,E02000308,Enfield 032,E09000010,Enfield,1905,380,287,519,451,268,972,180,158,285,231,118,933,200,129,234,220,150
E01001393,Enfield 036C,E02000312,Enfield 036,E09000010,Enfield,2137,390,409,716,441,181,1125,195,218,397,237,78,1012,195,191,319,204,103
E01001394,Enfield 035A,E02000311,Enfield 035,E09000010,Enfield,1899,333,353,503,429,281,924,159,177,275,193,120,975,174,176,228,236,161
E01001395,Enfield 035B,E02000311,Enfield 035,E09000010,Enfield,1689,372,312,399,424,182,801,182,169,193,184,73,888,190,143,206,240,109
E01001396,Enfield 036D,E02000312,Enfield 036,E09000010,Enfield,1615,233,280,424,423,255,793,100,150,234,212,97,822,133,130,190,211,158
E01001397,Enfield 035C,E02000311,Enfield 035,E09000010,Enfield,2337,518,478,594,511,236,1185,306,215,316,239,109,1152,212,263,278,272,127
E01001398,Enfield 021A,E02000297,Enfield 021,E09000010,Enfield,1341,301,160,285,368,227,687,173,95,143,171,105,654,128,65,142,197,122
E01001399,Enfield 021B,E02000297,Enfield 021,E09000010,Enfield,1410,210,242,230,416,312,702,101,144,91,207,159,708,109,98,139,209,153
E01001400,Enfield 021C,E02000297,Enfield 021,E09000010,Enfield,1647,268,237,267,414,461,726,128,103,114,184,197,921,140,134,153,230,264
E01001401,Enfield 016A,E02000292,Enfield 016,E09000010,Enfield,1338,292,215,266,343,222,652,141,127,125,160,99,686,151,88,141,183,123
E01001402,Enfield 021D,E02000297,Enfield 021,E09000010,Enfield,2005,336,312,491,535,331,997,167,167,249,246,168,1008,169,145,242,289,163
E01001403,Enfield 021E,E02000297,Enfield 021,E09000010,Enfield,1673,337,271,312,418,335,831,189,156,147,199,140,842,148,115,165,219,195
E01001404,Enfield 026A,E02000302,Enfield 026,E09000010,Enfield,1549,311,228,337,421,252,764,160,131,167,186,120,785,151,97,170,235,132
E01001405,Enfield 015A,E02000291,Enfield 015,E09000010,Enfield,1915,255,266,389,425,580,970,143,136,222,220,249,945,112,130,167,205,331
E01001406,Enfield 015B,E02000291,Enfield 015,E09000010,Enfield,1642,343,239,423,434,203,775,169,118,200,207,81,867,174,121,223,227,122
E01001407,Enfield 005A,E02000281,Enfield 005,E09000010,Enfield,1659,399,258,358,416,228,812,191,136,164,206,115,847,208,122,194,210,113
E01001408,Enfield 004A,E02000280,Enfield 004,E09000010,Enfield,1708,412,202,420,461,213,817,234,100,185,211,87,891,178,102,235,250,126
E01001409,Enfield 005B,E02000281,Enfield 005,E09000010,Enfield,1841,433,344,385,460,219,947,220,193,176,257,101,894,213,151,209,203,118
E01001410,Enfield 005C,E02000281,Enfield 005,E09000010,Enfield,2056,556,407,462,463,168,960,276,211,198,210,65,1096,280,196,264,253,103
E01001411,Enfield 004B,E02000280,Enfield 004,E09000010,Enfield,1917,480,226,449,485,277,919,248,113,207,237,114,998,232,113,242,248,163
E01001412,Enfield 004C,E02000280,Enfield 004,E09000010,Enfield,1769,324,350,286,480,329,870,154,218,140,209,149,899,170,132,146,271,180
E01001413,Enfield 004D,E02000280,Enfield 004,E09000010,Enfield,1529,296,166,262,459,346,727,163,73,134,214,143,802,133,93,128,245,203
E01001414,Enfield 004E,E02000280,Enfield 004,E09000010,Enfield,1584,363,238,308,369,306,776,191,127,148,162,148,808,172,111,160,207,158
E01001415,Enfield 011A,E02000287,Enfield 011,E09000010,Enfield,2013,380,324,496,422,391,996,210,163,255,208,160,1017,170,161,241,214,231
E01001416,Enfield 013A,E02000289,Enfield 013,E09000010,Enfield,1705,316,226,296,506,361,821,152,128,151,236,154,884,164,98,145,270,207
E01001417,Enfield 011B,E02000287,Enfield 011,E09000010,Enfield,1862,363,280,273,496,450,936,186,175,118,252,205,926,177,105,155,244,245
E01001418,Enfield 011C,E02000287,Enfield 011,E09000010,Enfield,1681,315,222,333,451,360,842,169,111,167,235,160,839,146,111,166,216,200
E01001419,Enfield 020A,E02000296,Enfield 020,E09000010,Enfield,2134,365,380,502,494,393,1034,184,178,251,238,183,1100,181,202,251,256,210
E01001420,Enfield 020B,E02000296,Enfield 020,E09000010,Enfield,1607,320,290,349,399,249,768,165,146,167,175,115,839,155,144,182,224,134
E01001421,Enfield 020C,E02000296,Enfield 020,E09000010,Enfield,1730,356,282,379,371,342,814,184,133,168,183,146,916,172,149,211,188,196
E01001422,Enfield 011D,E02000287,Enfield 011,E09000010,Enfield,1641,291,241,223,495,391,796,134,129,98,230,205,845,157,112,125,265,186
E01001423,Enfield 027A,E02000303,Enfield 027,E09000010,Enfield,2003,466,378,425,465,269,977,240,188,185,230,134,1026,226,190,240,235,135
E01001424,Enfield 030A,E02000306,Enfield 030,E09000010,Enfield,1222,309,244,278,288,103,553,145,128,107,117,56,669,164,116,171,171,47
E01001425,Enfield 027B,E02000303,Enfield 027,E09000010,Enfield,2119,668,402,495,417,137,1008,344,186,217,201,60,1111,324,216,278,216,77
E01001426,Enfield 030B,E02000306,Enfield 030,E09000010,Enfield,1954,500,373,446,463,172,967,276,175,209,230,77,987,224,198,237,233,95
E01001427,Enfield 030C,E02000306,Enfield 030,E09000010,Enfield,1644,419,308,360,398,159,837,227,148,189,203,70,807,192,160,171,195,89
E01001428,Enfield 027C,E02000303,Enfield 027,E09000010,Enfield,1881,477,391,388,439,186,948,265,225,163,201,94,933,212,166,225,238,92
E01001429,Enfield 030D,E02000306,Enfield 030,E09000010,Enfield,2639,665,426,650,571,327,1258,328,224,302,273,131,1381,337,202,348,298,196
E01001430,Enfield 030E,E02000306,Enfield 030,E09000010,Enfield,1779,547,317,379,392,144,840,274,170,177,160,59,939,273,147,202,232,85
E01001431,Enfield 033A,E02000309,Enfield 033,E09000010,Enfield,1860,507,329,427,476,121,988,276,168,227,249,68,872,231,161,200,227,53
E01001432,Enfield 033B,E02000309,Enfield 033,E09000010,Enfield,2106,486,419,495,536,170,1103,251,229,270,274,79,1003,235,190,225,262,91
E01001433,Enfield 007A,E02000283,Enfield 007,E09000010,Enfield,2009,552,406,392,491,168,942,284,203,160,225,70,1067,268,203,232,266,98
E01001434,Enfield 007B,E02000283,Enfield 007,E09000010,Enfield,1634,416,284,351,407,176,821,216,140,177,199,89,813,200,144,174,208,87
E01001435,Enfield 007C,E02000283,Enfield 007,E09000010,Enfield,1516,328,330,250,410,198,741,164,167,105,203,102,775,164,163,145,207,96
E01001436,Enfield 007D,E02000283,Enfield 007,E09000010,Enfield,1977,474,393,365,501,244,997,246,217,157,269,108,980,228,176,208,232,136
E01001437,Enfield 014A,E02000290,Enfield 014,E09000010,Enfield,2529,683,523,546,520,257,1229,370,249,234,251,125,1300,313,274,312,269,132
E01001438,Enfield 007E,E02000283,Enfield 007,E09000010,Enfield,1718,395,365,333,427,198,825,204,177,150,201,93,893,191,188,183,226,105
E01001439,Enfield 006A,E02000282,Enfield 006,E09000010,Enfield,2359,742,453,506,498,160,1124,385,214,201,252,72,1235,357,239,305,246,88
E01001440,Enfield 012A,E02000288,Enfield 012,E09000010,Enfield,1723,439,313,324,409,238,853,241,154,147,204,107,870,198,159,177,205,131
E01001441,Enfield 006B,E02000282,Enfield 006,E09000010,Enfield,1696,439,306,375,410,166,838,218,150,191,180,99,858,221,156,184,230,67
E01001442,Enfield 002A,E02000278,Enfield 002,E09000010,Enfield,1831,574,333,352,373,199,865,317,177,133,173,65,966,257,156,219,200,134
E01001444,Enfield 001A,E02000277,Enfield 001,E09000010,Enfield,1874,441,371,397,428,237,912,243,187,177,194,111,962,198,184,220,234,126
E01001445,Enfield 003B,E02000279,Enfield 003,E09000010,Enfield,3188,870,588,848,697,185,1521,411,280,379,359,92,1667,459,308,469,338,93
E01001446,Enfield 001B,E02000277,Enfield 001,E09000010,Enfield,1862,446,322,387,491,216,907,237,167,174,233,96,955,209,155,213,258,120
E01001447,Enfield 003C,E02000279,Enfield 003,E09000010,Enfield,2145,550,395,445,488,267,986,277,210,190,218,91,1159,273,185,255,270,176
E01001448,Enfield 003D,E02000279,Enfield 003,E09000010,Enfield,1974,514,421,386,469,184,961,251,222,175,230,83,1013,263,199,211,239,101
E01001449,Enfield 003E,E02000279,Enfield 003,E09000010,Enfield,1743,487,347,328,407,174,853,241,185,156,185,86,890,246,162,172,222,88
E01001450,Enfield 015C,E02000291,Enfield 015,E09000010,Enfield,2483,527,431,689,515,321,1232,300,226,330,241,135,1251,227,205,359,274,186
E01001451,Enfield 017A,E02000293,Enfield 017,E09000010,Enfield,1585,261,223,288,460,353,821,146,116,149,248,162,764,115,107,139,212,191
E01001452,Enfield 017B,E02000293,Enfield 017,E09000010,Enfield,1362,251,194,231,420,266,673,123,119,105,205,121,689,128,75,126,215,145
E01001453,Enfield 017C,E02000293,Enfield 017,E09000010,Enfield,1804,385,192,337,470,420,872,180,99,166,221,206,932,205,93,171,249,214
E01001454,Enfield 017D,E02000293,Enfield 017,E09000010,Enfield,1700,343,233,310,419,395,796,172,123,134,204,163,904,171,110,176,215,232
E01001455,Enfield 021F,E02000297,Enfield 021,E09000010,Enfield,1510,260,234,348,398,270,742,153,108,171,194,116,768,107,126,177,204,154
E01001456,Enfield 022A,E02000298,Enfield 022,E09000010,Enfield,1388,301,187,216,423,261,703,174,100,99,208,122,685,127,87,117,215,139
E01001457,Enfield 010A,E02000286,Enfield 010,E09000010,Enfield,1701,257,238,388,444,374,863,149,120,190,249,155,838,108,118,198,195,219
E01001458,Enfield 037A,E02006793,Enfield 037,E09000010,Enfield,1904,477,350,486,451,140,940,230,184,242,223,61,964,247,166,244,228,79
E01001459,Enfield 024A,E02000300,Enfield 024,E09000010,Enfield,1764,413,309,354,423,265,872,210,166,176,196,124,892,203,143,178,227,141
E01001460,Enfield 024B,E02000300,Enfield 024,E09000010,Enfield,2022,555,395,529,414,129,1050,273,215,291,216,55,972,282,180,238,198,74
E01001461,Enfield 027D,E02000303,Enfield 027,E09000010,Enfield,1819,384,393,390,472,180,890,187,206,187,239,71,929,197,187,203,233,109
E01001462,Enfield 024C,E02000300,Enfield 024,E09000010,Enfield,1537,378,310,308,393,148,725,187,156,132,186,64,812,191,154,176,207,84
E01001463,Enfield 031A,E02000307,Enfield 031,E09000010,Enfield,1652,349,301,378,391,233,839,205,150,191,189,104,813,144,151,187,202,129
E01001464,Enfield 027E,E02000303,Enfield 027,E09000010,Enfield,1357,287,304,233,367,166,677,147,177,103,168,82,680,140,127,130,199,84
E01001465,Enfield 031B,E02000307,Enfield 031,E09000010,Enfield,1607,324,324,320,414,225,809,156,177,168,204,104,798,168,147,152,210,121
E01001466,Enfield 031C,E02000307,Enfield 031,E09000010,Enfield,1861,561,294,433,408,165,864,262,143,206,185,68,997,299,151,227,223,97
E01001467,Enfield 031D,E02000307,Enfield 031,E09000010,Enfield,1913,470,379,418,487,159,964,260,189,194,242,79,949,210,190,224,245,80
E01001468,Enfield 010B,E02000286,Enfield 010,E09000010,Enfield,1258,213,160,287,338,260,682,117,88,164,199,114,576,96,72,123,139,146
E01001469,Enfield 008A,E02000284,Enfield 008,E09000010,Enfield,1687,347,257,376,449,258,837,179,156,188,206,108,850,168,101,188,243,150
E01001470,Enfield 013B,E02000289,Enfield 013,E09000010,Enfield,1639,330,234,246,456,373,781,158,125,107,216,175,858,172,109,139,240,198
E01001471,Enfield 010C,E02000286,Enfield 010,E09000010,Enfield,1885,273,279,456,459,418,899,152,147,231,219,150,986,121,132,225,240,268
E01001472,Enfield 010D,E02000286,Enfield 010,E09000010,Enfield,1757,331,241,405,463,317,838,160,113,186,239,140,919,171,128,219,224,177
E01001473,Enfield 013C,E02000289,Enfield 013,E09000010,Enfield,1519,337,222,270,412,278,736,164,136,123,195,118,783,173,86,147,217,160
E01001474,Enfield 010E,E02000286,Enfield 010,E09000010,Enfield,1911,326,221,428,478,458,930,161,109,209,226,225,981,165,112,219,252,233
E01001475,Enfield 013D,E02000289,Enfield 013,E09000010,Enfield,1686,283,221,252,495,435,841,148,109,120,247,217,845,135,112,132,248,218
E01001476,Enfield 018A,E02000294,Enfield 018,E09000010,Enfield,1854,446,343,356,478,231,932,255,165,167,236,109,922,191,178,189,242,122
E01001477,Enfield 018B,E02000294,Enfield 018,E09000010,Enfield,1987,538,373,410,446,220,943,267,179,196,203,98,1044,271,194,214,243,122
E01001478,Enfield 016B,E02000292,Enfield 016,E09000010,Enfield,1588,355,309,297,432,195,747,187,160,123,197,80,841,168,149,174,235,115
E01001479,Enfield 023A,E02000299,Enfield 023,E09000010,Enfield,1890,447,373,357,500,213,943,230,200,169,249,95,947,217,173,188,251,118
E01001480,Enfield 024D,E02000300,Enfield 024,E09000010,Enfield,1664,353,287,361,435,228,828,164,153,181,229,101,836,189,134,180,206,127
E01001481,Enfield 018C,E02000294,Enfield 018,E09000010,Enfield,1793,423,325,362,434,249,874,221,156,162,209,126,919,202,169,200,225,123
E01001482,Enfield 023B,E02000299,Enfield 023,E09000010,Enfield,1970,533,335,398,506,198,965,251,183,183,266,82,1005,282,152,215,240,116
E01001483,Enfield 025A,E02000301,Enfield 025,E09000010,Enfield,1329,324,253,335,299,118,682,173,111,169,168,61,647,151,142,166,131,57
E01001484,Enfield 016C,E02000292,Enfield 016,E09000010,Enfield,1375,342,269,267,327,170,684,188,161,117,141,77,691,154,108,150,186,93
E01001485,Enfield 025B,E02000301,Enfield 025,E09000010,Enfield,2066,570,361,444,436,255,993,288,187,213,197,108,1073,282,174,231,239,147
E01001486,Enfield 025C,E02000301,Enfield 025,E09000010,Enfield,2308,634,391,526,520,237,1084,307,188,245,241,103,1224,327,203,281,279,134
E01001487,Enfield 023C,E02000299,Enfield 023,E09000010,Enfield,2116,579,361,494,460,222,1013,290,184,224,222,93,1103,289,177,270,238,129
E01001488,Enfield 024E,E02000300,Enfield 024,E09000010,Enfield,2078,571,406,434,483,184,979,289,193,192,219,86,1099,282,213,242,264,98
E01001489,Enfield 023D,E02000299,Enfield 023,E09000010,Enfield,2068,573,386,422,486,201,1017,298,193,185,254,87,1051,275,193,237,232,114
E01001491,Enfield 023E,E02000299,Enfield 023,E09000010,Enfield,2118,501,456,466,506,189,1034,253,268,195,243,75,1084,248,188,271,263,114
E01001492,Enfield 025E,E02000301,Enfield 025,E09000010,Enfield,2179,578,406,413,528,254,1051,295,204,198,244,110,1128,283,202,215,284,144
E01001493,Enfield 026B,E02000302,Enfield 026,E09000010,Enfield,1849,393,262,437,492,265,929,197,133,225,257,117,920,196,129,212,235,148
E01001494,Enfield 026C,E02000302,Enfield 026,E09000010,Enfield,1502,285,221,302,411,283,751,152,105,150,214,130,751,133,116,152,197,153
E01001495,Enfield 029A,E02000305,Enfield 029,E09000010,Enfield,1870,305,308,595,467,195,957,154,159,337,229,78,913,151,149,258,238,117
E01001496,Enfield 026D,E02000302,Enfield 026,E09000010,Enfield,1729,350,260,356,445,318,794,159,130,169,205,131,935,191,130,187,240,187
E01001497,Enfield 031E,E02000307,Enfield 031,E09000010,Enfield,1474,298,248,325,345,258,690,147,127,148,155,113,784,151,121,177,190,145
E01001498,Enfield 029B,E02000305,Enfield 029,E09000010,Enfield,2006,355,405,587,445,214,1075,210,221,325,231,88,931,145,184,262,214,126
E01001499,Enfield 031F,E02000307,Enfield 031,E09000010,Enfield,1573,233,322,343,402,273,780,101,178,186,199,116,793,132,144,157,203,157
E01001500,Enfield 035D,E02000311,Enfield 035,E09000010,Enfield,1596,320,332,355,363,226,810,189,178,173,175,95,786,131,154,182,188,131
E01001501,Enfield 036E,E02000312,Enfield 036,E09000010,Enfield,2238,421,408,617,515,277,1103,229,211,297,247,119,1135,192,197,320,268,158
E01001502,Enfield 018D,E02000294,Enfield 018,E09000010,Enfield,1898,398,445,355,475,225,931,194,234,168,245,90,967,204,211,187,230,135
E01001503,Enfield 018E,E02000294,Enfield 018,E09000010,Enfield,1971,494,304,419,478,276,988,251,166,225,223,123,983,243,138,194,255,153
E01001504,Enfield 012B,E02000288,Enfield 012,E09000010,Enfield,1571,422,306,279,377,187,811,228,174,131,185,93,760,194,132,148,192,94
E01001505,Enfield 012C,E02000288,Enfield 012,E09000010,Enfield,1722,409,378,370,434,131,833,217,191,161,207,57,889,192,187,209,227,74
E01001506,Enfield 014B,E02000290,Enfield 014,E09000010,Enfield,1585,518,245,366,330,126,762,242,128,165,161,66,823,276,117,201,169,60
E01001507,Enfield 012D,E02000288,Enfield 012,E09000010,Enfield,2129,588,371,488,474,208,1075,287,199,228,269,92,1054,301,172,260,205,116
E01001508,Enfield 012E,E02000288,Enfield 012,E09000010,Enfield,2292,637,385,598,506,166,1130,351,177,278,254,70,1162,286,208,320,252,96
E01001509,Enfield 014C,E02000290,Enfield 014,E09000010,Enfield,1891,555,321,422,409,184,924,300,145,193,199,87,967,255,176,229,210,97
E01001510,Enfield 014D,E02000290,Enfield 014,E09000010,Enfield,810,267,132,175,164,72,398,140,68,77,78,35,412,127,64,98,86,37
E01001511,Enfield 016D,E02000292,Enfield 016,E09000010,Enfield,1824,477,290,431,425,201,898,236,164,199,214,85,926,241,126,232,211,116
E01001512,Enfield 015D,E02000291,Enfield 015,E09000010,Enfield,2250,539,302,672,486,251,1059,250,144,294,246,125,1191,289,158,378,240,126
E01001513,Enfield 012F,E02000288,Enfield 012,E09000010,Enfield,1967,488,381,405,485,208,952,245,190,179,232,106,1015,243,191,226,253,102
E01001514,Enfield 016E,E02000292,Enfield 016,E09000010,Enfield,1866,439,321,496,435,175,914,221,166,266,187,74,952,218,155,230,248,101
E01001515,Enfield 015E,E02000291,Enfield 015,E09000010,Enfield,1993,529,398,486,457,123,1008,302,219,206,232,49,985,227,179,280,225,74
E01001516,Enfield 005D,E02000281,Enfield 005,E09000010,Enfield,1889,526,307,372,452,232,899,262,166,157,213,101,990,264,141,215,239,131
E01001517,Enfield 006C,E02000282,Enfield 006,E09000010,Enfield,2034,580,384,373,470,227,1016,317,214,152,228,105,1018,263,170,221,242,122
E01001518,Enfield 016F,E02000292,Enfield 016,E09000010,Enfield,1836,348,365,417,475,231,912,174,194,214,224,106,924,174,171,203,251,125
E01001519,Enfield 020D,E02000296,Enfield 020,E09000010,Enfield,3091,602,594,956,649,290,1584,314,315,487,341,127,1507,288,279,469,308,163
E01001520,Enfield 019A,E02000295,Enfield 019,E09000010,Enfield,1787,377,265,399,448,298,864,180,128,195,210,151,923,197,137,204,238,147
E01001521,Enfield 028A,E02000304,Enfield 028,E09000010,Enfield,2024,433,336,442,503,310,984,212,192,218,231,131,1040,221,144,224,272,179
E01001522,Enfield 019B,E02000295,Enfield 019,E09000010,Enfield,2069,506,303,528,456,276,1011,270,171,238,233,99,1058,236,132,290,223,177
E01001523,Enfield 019C,E02000295,Enfield 019,E09000010,Enfield,1747,425,208,387,411,316,841,243,91,184,207,116,906,182,117,203,204,200
E01001524,Enfield 019D,E02000295,Enfield 019,E09000010,Enfield,1673,376,309,355,414,219,803,180,156,168,205,94,870,196,153,187,209,125
E01001525,Enfield 020E,E02000296,Enfield 020,E09000010,Enfield,2005,389,319,497,482,318,956,205,163,218,227,143,1049,184,156,279,255,175
E01001526,Enfield 019E,E02000295,Enfield 019,E09000010,Enfield,1671,314,203,342,443,369,805,145,103,166,222,169,866,169,100,176,221,200
E01001527,Enfield 036F,E02000312,Enfield 036,E09000010,Enfield,1688,253,278,424,431,302,861,137,161,218,227,118,827,116,117,206,204,184
E01001528,Enfield 032B,E02000308,Enfield 032,E09000010,Enfield,1411,313,285,350,310,153,677,148,137,184,138,70,734,165,148,166,172,83
E01001529,Enfield 032C,E02000308,Enfield 032,E09000010,Enfield,1700,291,373,520,349,167,925,150,223,280,198,74,775,141,150,240,151,93
E01001530,Enfield 032D,E02000308,Enfield 032,E09000010,Enfield,1760,393,354,447,361,205,896,206,200,233,165,92,864,187,154,214,196,113
E01001531,Enfield 028B,E02000304,Enfield 028,E09000010,Enfield,1556,290,231,296,470,269,807,175,120,158,232,122,749,115,111,138,238,147
E01001532,Enfield 028C,E02000304,Enfield 028,E09000010,Enfield,1681,291,245,299,514,332,821,150,124,154,254,139,860,141,121,145,260,193
E01001533,Enfield 028D,E02000304,Enfield 028,E09000010,Enfield,1439,242,188,231,412,366,713,138,106,114,178,177,726,104,82,117,234,189
E01001534,Enfield 032E,E02000308,Enfield 032,E09000010,Enfield,1745,301,303,419,431,291,880,154,143,231,215,137,865,147,160,188,216,154
E01001535,Enfield 028E,E02000304,Enfield 028,E09000010,Enfield,1378,225,179,273,385,316,691,104,91,138,202,156,687,121,88,135,183,160
E01001536,Enfield 008B,E02000284,Enfield 008,E09000010,Enfield,1927,382,278,427,505,335,934,183,149,189,252,161,993,199,129,238,253,174
E01001537,Enfield 005E,E02000281,Enfield 005,E09000010,Enfield,1776,422,198,445,422,289,821,233,96,184,196,112,955,189,102,261,226,177
E01001538,Enfield 009A,E02000285,Enfield 009,E09000010,Enfield,1596,309,243,254,492,298,779,176,125,106,235,137,817,133,118,148,257,161
E01001539,Enfield 009B,E02000285,Enfield 009,E09000010,Enfield,1583,313,242,309,449,270,767,179,111,145,206,126,816,134,131,164,243,144
E01001540,Enfield 008C,E02000284,Enfield 008,E09000010,Enfield,1868,380,292,467,451,278,914,193,165,213,231,112,954,187,127,254,220,166
E01001541,Enfield 008D,E02000284,Enfield 008,E09000010,Enfield,1524,365,159,391,402,207,737,178,83,186,199,91,787,187,76,205,203,116
E01001542,Enfield 008E,E02000284,Enfield 008,E09000010,Enfield,1640,382,281,348,400,229,765,201,152,137,189,86,875,181,129,211,211,143
E01001543,Enfield 009C,E02000285,Enfield 009,E09000010,Enfield,1618,294,250,310,465,299,786,148,141,140,239,118,832,146,109,170,226,181
E01001544,Enfield 009D,E02000285,Enfield 009,E09000010,Enfield,1626,285,227,286,489,339,809,149,119,146,249,146,817,136,108,140,240,193
E01001545,Enfield 002B,E02000278,Enfield 002,E09000010,Enfield,1944,526,394,398,468,158,952,280,208,166,224,74,992,246,186,232,244,84
E01001546,Enfield 001C,E02000277,Enfield 001,E09000010,Enfield,1925,491,409,344,453,228,938,272,206,173,197,90,987,219,203,171,256,138
E01001547,Enfield 002C,E02000278,Enfield 002,E09000010,Enfield,2171,555,401,470,479,266,1051,271,206,221,230,123,1120,284,195,249,249,143
E01001548,Enfield 002D,E02000278,Enfield 002,E09000010,Enfield,2030,571,361,464,450,184,984,321,172,198,218,75,1046,250,189,266,232,109
E01001549,Enfield 006D,E02000282,Enfield 006,E09000010,Enfield,2123,675,398,453,435,162,988,332,171,180,231,74,1135,343,227,273,204,88
E01001550,Enfield 006E,E02000282,Enfield 006,E09000010,Enfield,1754,438,326,349,467,174,824,220,168,139,212,85,930,218,158,210,255,89
E01001551,Enfield 002E,E02000278,Enfield 002,E09000010,Enfield,1781,407,349,334,426,265,840,213,198,134,170,125,941,194,151,200,256,140
E01001552,Enfield 001D,E02000277,Enfield 001,E09000010,Enfield,2009,451,387,399,480,292,964,227,200,191,226,120,1045,224,187,208,254,172
E01001553,Enfield 037B,E02006793,Enfield 037,E09000010,Enfield,1765,466,347,369,421,162,873,243,177,178,202,73,892,223,170,191,219,89
E01001554,Enfield 037C,E02006793,Enfield 037,E09000010,Enfield,1900,494,385,456,441,124,886,233,175,225,200,53,1014,261,210,231,241,71
E01001555,Enfield 033C,E02000309,Enfield 033,E09000010,Enfield,2429,659,487,583,514,186,1219,326,246,303,249,95,1210,333,241,280,265,91
E01001556,Enfield 035E,E02000311,Enfield 035,E09000010,Enfield,1635,326,283,366,389,271,806,174,138,194,189,111,829,152,145,172,200,160
E01001557,Enfield 033D,E02000309,Enfield 033,E09000010,Enfield,1799,468,334,391,421,185,889,258,158,181,209,83,910,210,176,210,212,102
E01001558,Enfield 033E,E02000309,Enfield 033,E09000010,Enfield,1851,506,368,446,439,92,949,263,188,214,245,39,902,243,180,232,194,53
E01001559,Enfield 033F,E02000309,Enfield 033,E09000010,Enfield,2365,650,441,525,543,206,1150,323,242,255,262,68,1215,327,199,270,281,138
E01001560,Enfield 035F,E02000311,Enfield 035,E09000010,Enfield,1707,350,379,339,406,233,831,179,213,151,191,97,876,171,166,188,215,136
E01001562,Enfield 037D,E02006793,Enfield 037,E09000010,Enfield,2319,587,452,597,505,178,1086,280,218,291,226,71,1233,307,234,306,279,107
E01001563,Enfield 029C,E02000305,Enfield 029,E09000010,Enfield,1654,322,299,422,411,200,879,179,181,218,203,98,775,143,118,204,208,102
E01001564,Enfield 022B,E02000298,Enfield 022,E09000010,Enfield,1671,337,218,383,468,265,794,159,109,185,233,108,877,178,109,198,235,157
E01001565,Enfield 029D,E02000305,Enfield 029,E09000010,Enfield,1806,302,240,426,519,319,882,173,122,200,243,144,924,129,118,226,276,175
E01001566,Enfield 029E,E02000305,Enfield 029,E09000010,Enfield,1630,258,239,402,452,279,823,119,127,219,225,133,807,139,112,183,227,146
E01001567,Enfield 022C,E02000298,Enfield 022,E09000010,Enfield,1571,317,174,258,487,335,793,177,82,133,253,148,778,140,92,125,234,187
E01001568,Enfield 022D,E02000298,Enfield 022,E09000010,Enfield,1464,239,211,231,440,343,758,157,107,119,222,153,706,82,104,112,218,190
E01001569,Enfield 022E,E02000298,Enfield 022,E09000010,Enfield,1966,361,320,504,488,293,988,192,170,267,245,114,978,169,150,237,243,179
E01001570,Enfield 026E,E02000302,Enfield 026,E09000010,Enfield,1923,472,295,467,460,229,969,273,163,224,219,90,954,199,132,243,241,139
E01001571,Greenwich 008A,E02000320,Greenwich 008,E09000011,Greenwich,1765,390,348,448,435,144,889,194,184,233,210,68,876,196,164,215,225,76
E01001572,Greenwich 008B,E02000320,Greenwich 008,E09000011,Greenwich,1907,433,318,478,480,198,943,207,166,229,253,88,964,226,152,249,227,110
E01001573,Greenwich 008C,E02000320,Greenwich 008,E09000011,Greenwich,1560,344,289,334,408,185,819,204,167,168,197,83,741,140,122,166,211,102
E01001574,Greenwich 008D,E02000320,Greenwich 008,E09000011,Greenwich,2098,595,332,492,479,200,1038,295,162,238,244,99,1060,300,170,254,235,101
E01001575,Greenwich 003A,E02000315,Greenwich 003,E09000011,Greenwich,1641,471,297,338,394,141,787,230,150,158,179,70,854,241,147,180,215,71
E01001576,Greenwich 003B,E02000315,Greenwich 003,E09000011,Greenwich,1852,539,290,364,440,219,907,286,148,159,220,94,945,253,142,205,220,125
E01001577,Greenwich 003C,E02000315,Greenwich 003,E09000011,Greenwich,2101,622,358,413,515,193,1048,342,189,189,262,66,1053,280,169,224,253,127
E01001578,Greenwich 003D,E02000315,Greenwich 003,E09000011,Greenwich,2438,615,372,696,576,179,1234,325,193,359,282,75,1204,290,179,337,294,104
E01001579,Greenwich 003E,E02000315,Greenwich 003,E09000011,Greenwich,1617,433,250,367,375,192,787,230,111,180,186,80,830,203,139,187,189,112
E01001580,Greenwich 021A,E02000333,Greenwich 021,E09000011,Greenwich,1737,280,307,529,359,262,896,124,156,291,181,144,841,156,151,238,178,118
E01001581,Greenwich 016A,E02000328,Greenwich 016,E09000011,Greenwich,1621,290,245,431,376,279,772,153,103,207,182,127,849,137,142,224,194,152
E01001582,Greenwich 021B,E02000333,Greenwich 021,E09000011,Greenwich,1535,352,207,376,340,260,736,176,97,188,174,101,799,176,110,188,166,159
E01001583,Greenwich 021C,E02000333,Greenwich 021,E09000011,Greenwich,1643,233,309,482,363,256,790,111,158,240,167,114,853,122,151,242,196,142
E01001584,Greenwich 021D,E02000333,Greenwich 021,E09000011,Greenwich,1569,294,190,418,371,296,771,140,82,225,184,140,798,154,108,193,187,156
E01001585,Greenwich 016B,E02000328,Greenwich 016,E09000011,Greenwich,1465,372,190,348,391,164,744,204,94,168,194,84,721,168,96,180,197,80
E01001586,Greenwich 016C,E02000328,Greenwich 016,E09000011,Greenwich,1451,240,199,338,329,345,649,110,108,163,134,134,802,130,91,175,195,211
E01001587,Greenwich 016D,E02000328,Greenwich 016,E09000011,Greenwich,2333,388,419,739,492,295,1260,205,227,409,268,151,1073,183,192,330,224,144
E01001588,Greenwich 012A,E02000324,Greenwich 012,E09000011,Greenwich,1698,321,267,368,413,329,851,151,143,182,229,146,847,170,124,186,184,183
E01001589,Greenwich 012B,E02000324,Greenwich 012,E09000011,Greenwich,1890,443,364,486,414,183,973,239,199,250,201,84,917,204,165,236,213,99
E01001590,Greenwich 014A,E02000326,Greenwich 014,E09000011,Greenwich,1823,344,387,495,424,173,936,176,195,248,226,91,887,168,192,247,198,82
E01001591,Greenwich 012C,E02000324,Greenwich 012,E09000011,Greenwich,2095,496,400,519,490,190,1023,233,212,247,238,93,1072,263,188,272,252,97
E01001592,Greenwich 014B,E02000326,Greenwich 014,E09000011,Greenwich,1870,436,245,560,453,176,909,210,112,301,210,76,961,226,133,259,243,100
E01001593,Greenwich 014C,E02000326,Greenwich 014,E09000011,Greenwich,1744,373,186,495,455,235,851,188,96,237,236,94,893,185,90,258,219,141
E01001594,Greenwich 014D,E02000326,Greenwich 014,E09000011,Greenwich,2020,506,392,501,429,192,973,245,195,250,192,91,1047,261,197,251,237,101
E01001595,Greenwich 012D,E02000324,Greenwich 012,E09000011,Greenwich,2251,664,339,502,526,220,1051,333,153,213,245,107,1200,331,186,289,281,113
E01001596,Greenwich 032A,E02000344,Greenwich 032,E09000011,Greenwich,1652,333,206,386,411,316,804,150,104,205,198,147,848,183,102,181,213,169
E01001597,Greenwich 031A,E02000343,Greenwich 031,E09000011,Greenwich,1552,301,235,276,447,293,808,156,147,129,238,138,744,145,88,147,209,155
E01001598,Greenwich 031B,E02000343,Greenwich 031,E09000011,Greenwich,1549,286,251,292,410,310,820,150,153,179,203,135,729,136,98,113,207,175
E01001599,Greenwich 032B,E02000344,Greenwich 032,E09000011,Greenwich,1765,401,276,395,420,273,872,206,152,183,206,125,893,195,124,212,214,148
E01001600,Greenwich 032C,E02000344,Greenwich 032,E09000011,Greenwich,1572,298,286,350,385,253,803,144,153,204,199,103,769,154,133,146,186,150
E01001601,Greenwich 032D,E02000344,Greenwich 032,E09000011,Greenwich,1558,277,233,295,399,354,820,157,115,159,211,178,738,120,118,136,188,176
E01001602,Greenwich 031C,E02000343,Greenwich 031,E09000011,Greenwich,2031,502,334,445,484,266,978,246,168,221,235,108,1053,256,166,224,249,158
E01001603,Greenwich 031D,E02000343,Greenwich 031,E09000011,Greenwich,1784,441,253,437,422,231,865,208,120,232,211,94,919,233,133,205,211,137
E01001604,Greenwich 027A,E02000339,Greenwich 027,E09000011,Greenwich,1550,310,216,364,407,253,795,176,118,194,199,108,755,134,98,170,208,145
E01001605,Greenwich 023A,E02000335,Greenwich 023,E09000011,Greenwich,1648,311,201,336,461,339,814,169,95,164,227,159,834,142,106,172,234,180
E01001606,Greenwich 023B,E02000335,Greenwich 023,E09000011,Greenwich,1712,372,246,378,468,248,843,191,117,203,216,116,869,181,129,175,252,132
E01001607,Greenwich 027B,E02000339,Greenwich 027,E09000011,Greenwich,1590,307,233,328,447,275,742,143,120,162,200,117,848,164,113,166,247,158
E01001608,Greenwich 027C,E02000339,Greenwich 027,E09000011,Greenwich,1452,295,225,211,411,310,705,156,102,113,218,116,747,139,123,98,193,194
E01001609,Greenwich 027D,E02000339,Greenwich 027,E09000011,Greenwich,1715,303,232,350,459,371,886,146,123,181,251,185,829,157,109,169,208,186
E01001610,Greenwich 023C,E02000335,Greenwich 023,E09000011,Greenwich,1787,391,212,474,437,273,892,209,112,250,208,113,895,182,100,224,229,160
E01001611,Greenwich 023D,E02000335,Greenwich 023,E09000011,Greenwich,1685,336,192,396,441,320,858,165,111,206,226,150,827,171,81,190,215,170
E01001613,Greenwich 028A,E02000340,Greenwich 028,E09000011,Greenwich,1737,340,280,407,375,335,850,177,143,211,181,138,887,163,137,196,194,197
E01001614,Greenwich 028B,E02000340,Greenwich 028,E09000011,Greenwich,1431,235,198,252,406,340,729,119,107,132,210,161,702,116,91,120,196,179
E01001615,Greenwich 028C,E02000340,Greenwich 028,E09000011,Greenwich,1830,305,385,508,361,271,922,168,179,271,190,114,908,137,206,237,171,157
E01001617,Greenwich 028D,E02000340,Greenwich 028,E09000011,Greenwich,1669,253,242,377,399,398,834,143,142,182,203,164,835,110,100,195,196,234
E01001618,Greenwich 030C,E02000342,Greenwich 030,E09000011,Greenwich,1816,380,266,402,461,307,892,195,140,183,235,139,924,185,126,219,226,168
E01001619,Greenwich 030D,E02000342,Greenwich 030,E09000011,Greenwich,1899,388,333,561,383,234,927,182,181,287,178,99,972,206,152,274,205,135
E01001620,Greenwich 025A,E02000337,Greenwich 025,E09000011,Greenwich,1595,395,290,335,377,198,801,193,159,168,175,106,794,202,131,167,202,92
E01001621,Greenwich 025B,E02000337,Greenwich 025,E09000011,Greenwich,1697,330,241,410,452,264,838,167,135,201,225,110,859,163,106,209,227,154
E01001623,Greenwich 025C,E02000337,Greenwich 025,E09000011,Greenwich,1852,425,313,480,472,162,920,209,158,251,234,68,932,216,155,229,238,94
E01001624,Greenwich 025D,E02000337,Greenwich 025,E09000011,Greenwich,1518,301,197,323,450,247,741,148,110,169,206,108,777,153,87,154,244,139
E01001625,Greenwich 025E,E02000337,Greenwich 025,E09000011,Greenwich,1603,355,254,337,409,248,755,189,138,156,166,106,848,166,116,181,243,142
E01001629,Greenwich 009A,E02000321,Greenwich 009,E09000011,Greenwich,2409,601,443,654,528,183,1217,306,209,365,262,75,1192,295,234,289,266,108
E01001631,Greenwich 007B,E02000319,Greenwich 007,E09000011,Greenwich,2302,662,435,624,447,134,1145,324,214,338,224,45,1157,338,221,286,223,89
E01001632,Greenwich 007C,E02000319,Greenwich 007,E09000011,Greenwich,2457,569,412,798,511,167,1263,251,187,483,278,64,1194,318,225,315,233,103
E01001633,Greenwich 009B,E02000321,Greenwich 009,E09000011,Greenwich,1653,397,275,394,452,135,812,203,141,194,223,51,841,194,134,200,229,84
E01001634,Greenwich 009C,E02000321,Greenwich 009,E09000011,Greenwich,1734,430,286,385,437,196,808,202,138,182,209,77,926,228,148,203,228,119
E01001635,Greenwich 007D,E02000319,Greenwich 007,E09000011,Greenwich,1605,297,320,505,364,119,835,146,198,269,178,44,770,151,122,236,186,75
E01001636,Greenwich 007E,E02000319,Greenwich 007,E09000011,Greenwich,1784,342,299,556,366,221,991,173,187,333,198,100,793,169,112,223,168,121
E01001637,Greenwich 009D,E02000321,Greenwich 009,E09000011,Greenwich,1907,445,365,469,435,193,949,227,179,227,222,94,958,218,186,242,213,99
E01001638,Greenwich 038A,E02006931,Greenwich 038,E09000011,Greenwich,2132,476,465,532,432,227,1032,251,222,257,226,76,1100,225,243,275,206,151
E01001640,Greenwich 035A,E02006928,Greenwich 035,E09000011,Greenwich,3762,829,1016,1169,576,172,1780,406,471,567,266,70,1982,423,545,602,310,102
E01001641,Greenwich 038B,E02006931,Greenwich 038,E09000011,Greenwich,1940,369,424,555,397,195,932,172,201,283,196,80,1008,197,223,272,201,115
E01001642,Greenwich 038C,E02006931,Greenwich 038,E09000011,Greenwich,1789,331,255,450,464,289,907,159,132,243,236,137,882,172,123,207,228,152
E01001644,Greenwich 038D,E02006931,Greenwich 038,E09000011,Greenwich,2552,392,672,864,463,161,1266,206,323,429,230,78,1286,186,349,435,233,83
E01001645,Greenwich 022A,E02000334,Greenwich 022,E09000011,Greenwich,1758,355,265,385,496,257,879,162,141,202,265,109,879,193,124,183,231,148
E01001646,Greenwich 019A,E02000331,Greenwich 019,E09000011,Greenwich,3006,677,680,923,557,169,1505,374,342,451,265,73,1501,303,338,472,292,96
E01001647,Greenwich 022B,E02000334,Greenwich 022,E09000011,Greenwich,1493,279,234,343,400,237,726,123,126,167,191,119,767,156,108,176,209,118
E01001648,Greenwich 022C,E02000334,Greenwich 022,E09000011,Greenwich,1788,356,299,479,441,213,921,166,146,269,226,114,867,190,153,210,215,99
E01001649,Greenwich 022D,E02000334,Greenwich 022,E09000011,Greenwich,1580,353,276,343,427,181,795,198,136,159,213,89,785,155,140,184,214,92
E01001650,Greenwich 019B,E02000331,Greenwich 019,E09000011,Greenwich,1788,404,294,414,441,235,913,214,162,221,209,107,875,190,132,193,232,128
E01001651,Greenwich 019C,E02000331,Greenwich 019,E09000011,Greenwich,1907,475,292,452,488,200,926,230,138,220,253,85,981,245,154,232,235,115
E01001652,Greenwich 019D,E02000331,Greenwich 019,E09000011,Greenwich,1663,275,285,416,401,286,835,136,142,217,191,149,828,139,143,199,210,137
E01001653,Greenwich 029A,E02000341,Greenwich 029,E09000011,Greenwich,1578,418,233,390,359,178,753,203,116,185,165,84,825,215,117,205,194,94
E01001654,Greenwich 029B,E02000341,Greenwich 029,E09000011,Greenwich,1723,412,254,402,447,208,834,202,110,209,215,98,889,210,144,193,232,110
E01001655,Greenwich 029C,E02000341,Greenwich 029,E09000011,Greenwich,1654,407,279,435,380,153,840,217,143,231,193,56,814,190,136,204,187,97
E01001656,Greenwich 034A,E02006927,Greenwich 034,E09000011,Greenwich,1419,323,156,350,354,236,693,168,68,208,159,90,726,155,88,142,195,146
E01001657,Greenwich 034B,E02006927,Greenwich 034,E09000011,Greenwich,1865,434,264,478,430,259,902,204,128,252,200,118,963,230,136,226,230,141
E01001658,Greenwich 034C,E02006927,Greenwich 034,E09000011,Greenwich,1693,389,239,410,371,284,811,194,104,209,179,125,882,195,135,201,192,159
E01001659,Greenwich 034D,E02006927,Greenwich 034,E09000011,Greenwich,1477,283,259,305,367,263,778,143,147,182,191,115,699,140,112,123,176,148
E01001660,Greenwich 029D,E02000341,Greenwich 029,E09000011,Greenwich,1623,395,268,357,408,195,771,209,135,174,177,76,852,186,133,183,231,119
E01001661,Greenwich 029E,E02000341,Greenwich 029,E09000011,Greenwich,1640,402,256,371,359,252,777,215,121,172,151,118,863,187,135,199,208,134
E01001662,Greenwich 037A,E02006930,Greenwich 037,E09000011,Greenwich,3229,669,727,1155,457,221,1587,363,363,583,206,72,1642,306,364,572,251,149
E01001664,Greenwich 037B,E02006930,Greenwich 037,E09000011,Greenwich,2046,364,407,633,428,214,1047,159,197,373,221,97,999,205,210,260,207,117
E01001665,Greenwich 037C,E02006930,Greenwich 037,E09000011,Greenwich,2093,394,565,624,377,133,1084,205,300,338,181,60,1009,189,265,286,196,73
E01001666,Greenwich 036A,E02006929,Greenwich 036,E09000011,Greenwich,1500,259,324,509,273,135,754,125,177,267,124,61,746,134,147,242,149,74
E01001667,Greenwich 036B,E02006929,Greenwich 036,E09000011,Greenwich,2945,592,749,874,504,226,1365,257,318,446,242,102,1580,335,431,428,262,124
E01001668,Greenwich 036C,E02006929,Greenwich 036,E09000011,Greenwich,3657,742,724,1139,746,306,1745,370,320,537,359,159,1912,372,404,602,387,147
E01001669,Greenwich 033A,E02006786,Greenwich 033,E09000011,Greenwich,2275,555,409,532,559,220,1127,274,214,250,268,121,1148,281,195,282,291,99
E01001671,Greenwich 033B,E02006786,Greenwich 033,E09000011,Greenwich,1663,430,237,395,414,187,811,232,112,196,198,73,852,198,125,199,216,114
E01001672,Greenwich 006A,E02000318,Greenwich 006,E09000011,Greenwich,1949,446,328,559,455,161,1027,250,160,310,231,76,922,196,168,249,224,85
E01001673,Greenwich 006B,E02000318,Greenwich 006,E09000011,Greenwich,2062,474,330,517,452,289,1120,247,179,302,248,144,942,227,151,215,204,145
E01001674,Greenwich 006C,E02000318,Greenwich 006,E09000011,Greenwich,2207,523,349,552,539,244,1100,261,164,304,270,101,1107,262,185,248,269,143
E01001675,Greenwich 006D,E02000318,Greenwich 006,E09000011,Greenwich,2033,382,329,546,556,220,1068,175,178,325,278,112,965,207,151,221,278,108
E01001676,Greenwich 033C,E02006786,Greenwich 033,E09000011,Greenwich,1919,510,352,439,454,164,1006,260,198,228,254,66,913,250,154,211,200,98
E01001677,Greenwich 006E,E02000318,Greenwich 006,E09000011,Greenwich,2269,542,375,627,524,201,1177,276,192,345,266,98,1092,266,183,282,258,103
E01001678,Greenwich 017A,E02000329,Greenwich 017,E09000011,Greenwich,1772,390,326,376,451,229,885,201,187,171,221,105,887,189,139,205,230,124
E01001679,Greenwich 020A,E02000332,Greenwich 020,E09000011,Greenwich,1436,313,180,385,380,178,711,165,100,186,182,78,725,148,80,199,198,100
E01001680,Greenwich 020B,E02000332,Greenwich 020,E09000011,Greenwich,1589,300,216,295,451,327,836,161,117,159,245,154,753,139,99,136,206,173
E01001681,Greenwich 020C,E02000332,Greenwich 020,E09000011,Greenwich,1259,232,205,297,366,159,631,119,94,158,196,64,628,113,111,139,170,95
E01001682,Greenwich 020D,E02000332,Greenwich 020,E09000011,Greenwich,1441,298,205,292,400,246,696,151,101,118,206,120,745,147,104,174,194,126
E01001683,Greenwich 017B,E02000329,Greenwich 017,E09000011,Greenwich,1654,376,235,442,416,185,862,213,115,239,197,98,792,163,120,203,219,87
E01001684,Greenwich 017C,E02000329,Greenwich 017,E09000011,Greenwich,1454,283,210,321,416,224,706,159,94,167,190,96,748,124,116,154,226,128
E01001685,Greenwich 017D,E02000329,Greenwich 017,E09000011,Greenwich,1541,263,241,357,438,242,790,155,137,204,189,105,751,108,104,153,249,137
E01001686,Greenwich 020E,E02000332,Greenwich 020,E09000011,Greenwich,1894,439,308,515,479,153,966,226,165,254,248,73,928,213,143,261,231,80
E01001687,Greenwich 002A,E02000314,Greenwich 002,E09000011,Greenwich,1855,300,409,524,483,139,1226,141,329,376,313,67,629,159,80,148,170,72
E01001688,Greenwich 002B,E02000314,Greenwich 002,E09000011,Greenwich,2837,853,464,707,703,110,1394,429,221,330,365,49,1443,424,243,377,338,61
E01001690,Greenwich 001A,E02000313,Greenwich 001,E09000011,Greenwich,2142,489,376,527,550,200,1082,233,194,250,307,98,1060,256,182,277,243,102
E01001692,Greenwich 001B,E02000313,Greenwich 001,E09000011,Greenwich,1554,395,253,365,431,110,801,218,139,179,220,45,753,177,114,186,211,65
E01001693,Greenwich 001C,E02000313,Greenwich 001,E09000011,Greenwich,1797,510,275,422,476,114,935,255,139,221,263,57,862,255,136,201,213,57
E01001694,Greenwich 001D,E02000313,Greenwich 001,E09000011,Greenwich,1977,503,338,431,555,150,997,235,183,196,310,73,980,268,155,235,245,77
E01001695,Greenwich 011A,E02000323,Greenwich 011,E09000011,Greenwich,1557,346,321,363,379,148,827,176,174,185,216,76,730,170,147,178,163,72
E01001696,Greenwich 011B,E02000323,Greenwich 011,E09000011,Greenwich,1670,410,313,589,284,74,852,224,159,291,135,43,818,186,154,298,149,31
E01001697,Greenwich 011C,E02000323,Greenwich 011,E09000011,Greenwich,2398,569,487,694,509,139,1195,282,222,370,261,60,1203,287,265,324,248,79
E01001698,Greenwich 015A,E02000327,Greenwich 015,E09000011,Greenwich,1879,508,310,466,457,138,902,251,140,233,223,55,977,257,170,233,234,83
E01001699,Greenwich 015B,E02000327,Greenwich 015,E09000011,Greenwich,1701,332,601,445,281,42,1016,165,433,255,146,17,685,167,168,190,135,25
E01001700,Greenwich 011D,E02000323,Greenwich 011,E09000011,Greenwich,2086,554,349,667,368,148,1066,277,182,357,181,69,1020,277,167,310,187,79
E01001701,Greenwich 015C,E02000327,Greenwich 015,E09000011,Greenwich,1944,535,319,613,358,119,1015,288,150,311,193,73,929,247,169,302,165,46
E01001702,Greenwich 015D,E02000327,Greenwich 015,E09000011,Greenwich,1605,464,342,297,399,103,726,215,165,143,156,47,879,249,177,154,243,56
E01001703,Greenwich 011E,E02000323,Greenwich 011,E09000011,Greenwich,1931,552,369,491,392,127,955,286,161,242,209,57,976,266,208,249,183,70
E01001704,Greenwich 011F,E02000323,Greenwich 011,E09000011,Greenwich,1689,338,249,405,448,249,832,201,111,208,213,99,857,137,138,197,235,150
E01001705,Greenwich 005A,E02000317,Greenwich 005,E09000011,Greenwich,2257,628,428,609,457,135,1146,328,210,288,248,72,1111,300,218,321,209,63
E01001706,Greenwich 005B,E02000317,Greenwich 005,E09000011,Greenwich,1301,302,235,303,364,97,644,152,110,162,173,47,657,150,125,141,191,50
E01001708,Greenwich 005C,E02000317,Greenwich 005,E09000011,Greenwich,1720,368,283,434,405,230,873,193,153,223,183,121,847,175,130,211,222,109
E01001709,Greenwich 004B,E02000316,Greenwich 004,E09000011,Greenwich,1025,227,222,253,237,86,489,90,108,129,122,40,536,137,114,124,115,46
E01001710,Greenwich 005D,E02000317,Greenwich 005,E09000011,Greenwich,1796,543,305,390,419,139,898,303,138,180,216,61,898,240,167,210,203,78
E01001711,Greenwich 004C,E02000316,Greenwich 004,E09000011,Greenwich,1410,310,260,434,331,75,775,179,131,224,190,51,635,131,129,210,141,24
E01001712,Greenwich 004D,E02000316,Greenwich 004,E09000011,Greenwich,2238,625,383,694,401,135,1145,336,184,321,233,71,1093,289,199,373,168,64
E01001713,Greenwich 005E,E02000317,Greenwich 005,E09000011,Greenwich,1092,312,188,235,253,104,537,155,104,117,124,37,555,157,84,118,129,67
E01001714,Hackney 002A,E02000346,Hackney 002,E09000012,Hackney,1802,370,358,547,373,154,904,183,180,262,197,82,898,187,178,285,176,72
E01001715,Hackney 007A,E02000351,Hackney 007,E09000012,Hackney,1439,148,353,654,214,70,716,67,171,322,116,40,723,81,182,332,98,30
E01001716,Hackney 007B,E02000351,Hackney 007,E09000012,Hackney,1722,309,461,540,297,115,873,169,224,291,130,59,849,140,237,249,167,56
E01001717,Hackney 007C,E02000351,Hackney 007,E09000012,Hackney,1243,200,280,347,293,123,593,98,133,171,132,59,650,102,147,176,161,64
E01001718,Hackney 007D,E02000351,Hackney 007,E09000012,Hackney,1907,181,576,744,304,102,992,90,287,433,133,49,915,91,289,311,171,53
E01001719,Hackney 007E,E02000351,Hackney 007,E09000012,Hackney,1633,335,259,589,306,144,732,139,125,293,114,61,901,196,134,296,192,83
E01001720,Hackney 007F,E02000351,Hackney 007,E09000012,Hackney,1909,217,476,810,307,99,930,100,202,426,158,44,979,117,274,384,149,55
E01001722,Hackney 029A,E02006921,Hackney 029,E09000012,Hackney,2452,727,359,649,504,213,1161,318,173,315,255,100,1291,409,186,334,249,113
E01001723,Hackney 006A,E02000350,Hackney 006,E09000012,Hackney,2082,584,407,591,377,123,1044,305,187,331,174,47,1038,279,220,260,203,76
E01001724,Hackney 006B,E02000350,Hackney 006,E09000012,Hackney,2560,518,540,981,387,134,1292,260,248,532,188,64,1268,258,292,449,199,70
E01001725,Hackney 004A,E02000348,Hackney 004,E09000012,Hackney,1885,668,313,412,357,135,958,363,156,204,172,63,927,305,157,208,185,72
E01001726,Hackney 004B,E02000348,Hackney 004,E09000012,Hackney,1388,397,250,368,300,73,664,178,122,179,150,35,724,219,128,189,150,38
E01001727,Hackney 006C,E02000350,Hackney 006,E09000012,Hackney,1872,637,358,434,307,136,934,304,175,235,166,54,938,333,183,199,141,82
E01001728,Hackney 029B,E02006921,Hackney 029,E09000012,Hackney,2157,940,429,379,271,138,1046,481,195,175,131,64,1111,459,234,204,140,74
E01001729,Hackney 019A,E02000363,Hackney 019,E09000012,Hackney,2222,512,433,670,462,145,1115,272,188,336,233,86,1107,240,245,334,229,59
E01001730,Hackney 019B,E02000363,Hackney 019,E09000012,Hackney,2362,656,387,636,516,167,1226,364,190,299,276,97,1136,292,197,337,240,70
E01001731,Hackney 017A,E02000361,Hackney 017,E09000012,Hackney,3154,595,691,1126,588,154,1584,316,301,562,335,70,1570,279,390,564,253,84
E01001732,Hackney 019C,E02000363,Hackney 019,E09000012,Hackney,2129,582,344,598,461,144,1034,282,164,294,234,60,1095,300,180,304,227,84
E01001733,Hackney 015A,E02000359,Hackney 015,E09000012,Hackney,1870,348,348,715,324,135,910,186,147,361,170,46,960,162,201,354,154,89
E01001734,Hackney 017B,E02000361,Hackney 017,E09000012,Hackney,1995,325,413,688,408,161,950,160,178,348,195,69,1045,165,235,340,213,92
E01001735,Hackney 019D,E02000363,Hackney 019,E09000012,Hackney,1619,290,304,475,332,218,762,138,144,243,138,99,857,152,160,232,194,119
E01001736,Hackney 012A,E02000356,Hackney 012,E09000012,Hackney,1599,234,314,543,399,109,739,128,149,256,167,39,860,106,165,287,232,70
E01001737,Hackney 012B,E02000356,Hackney 012,E09000012,Hackney,1773,357,284,606,413,113,873,191,101,331,202,48,900,166,183,275,211,65
E01001738,Hackney 012C,E02000356,Hackney 012,E09000012,Hackney,1997,368,321,734,436,138,1047,210,134,401,225,77,950,158,187,333,211,61
E01001739,Hackney 012D,E02000356,Hackney 012,E09000012,Hackney,2042,307,359,730,445,201,980,159,161,365,211,84,1062,148,198,365,234,117
E01001740,Hackney 014A,E02000358,Hackney 014,E09000012,Hackney,1456,311,279,416,294,156,702,166,141,201,136,58,754,145,138,215,158,98
E01001741,Hackney 009A,E02000353,Hackney 009,E09000012,Hackney,1591,302,228,528,381,152,746,146,107,263,168,62,845,156,121,265,213,90
E01001742,Hackney 008A,E02000352,Hackney 008,E09000012,Hackney,1944,379,271,673,460,161,915,198,119,309,215,74,1029,181,152,364,245,87
E01001744,Hackney 021B,E02000365,Hackney 021,E09000012,Hackney,2134,373,394,741,418,208,1024,205,181,372,192,74,1110,168,213,369,226,134
E01001745,Hackney 016A,E02000360,Hackney 016,E09000012,Hackney,2277,445,479,753,494,106,1144,234,245,369,248,48,1133,211,234,384,246,58
E01001746,Hackney 016B,E02000360,Hackney 016,E09000012,Hackney,1682,487,276,408,406,105,784,250,128,178,176,52,898,237,148,230,230,53
E01001747,Hackney 014B,E02000358,Hackney 014,E09000012,Hackney,2589,325,642,1043,392,187,1338,174,296,575,211,82,1251,151,346,468,181,105
E01001748,Hackney 020A,E02000364,Hackney 020,E09000012,Hackney,3065,440,740,1173,523,189,1535,215,366,608,255,91,1530,225,374,565,268,98
E01001749,Hackney 020B,E02000364,Hackney 020,E09000012,Hackney,1522,217,273,620,301,111,745,113,120,312,150,50,777,104,153,308,151,61
E01001750,Hackney 021C,E02000365,Hackney 021,E09000012,Hackney,2341,377,463,920,420,161,1169,189,224,458,222,76,1172,188,239,462,198,85
E01001751,Hackney 021D,E02000365,Hackney 021,E09000012,Hackney,1732,218,282,706,360,166,904,110,142,394,182,76,828,108,140,312,178,90
E01001752,Hackney 025A,E02000369,Hackney 025,E09000012,Hackney,2963,442,589,1351,417,164,1569,239,290,783,194,63,1394,203,299,568,223,101
E01001753,Hackney 025B,E02000369,Hackney 025,E09000012,Hackney,1700,437,229,491,419,124,865,214,117,215,253,66,835,223,112,276,166,58
E01001754,Hackney 025C,E02000369,Hackney 025,E09000012,Hackney,3767,612,749,1582,599,225,1993,316,357,920,288,112,1774,296,392,662,311,113
E01001755,Hackney 025D,E02000369,Hackney 025,E09000012,Hackney,1805,382,394,565,341,123,872,185,203,289,150,45,933,197,191,276,191,78
E01001756,Hackney 021E,E02000365,Hackney 021,E09000012,Hackney,2264,248,469,1013,357,177,1165,126,199,549,208,83,1099,122,270,464,149,94
E01001757,Hackney 016C,E02000360,Hackney 016,E09000012,Hackney,1793,462,294,415,440,182,810,231,137,180,178,84,983,231,157,235,262,98
E01001758,Hackney 016D,E02000360,Hackney 016,E09000012,Hackney,2582,647,443,839,455,198,1275,318,189,418,243,107,1307,329,254,421,212,91
E01001759,Hackney 016E,E02000360,Hackney 016,E09000012,Hackney,1945,317,425,600,392,211,949,165,224,279,162,119,996,152,201,321,230,92
E01001760,Hackney 017C,E02000361,Hackney 017,E09000012,Hackney,1953,263,459,680,380,171,943,131,198,353,177,84,1010,132,261,327,203,87
E01001761,Hackney 016F,E02000360,Hackney 016,E09000012,Hackney,1866,292,305,687,365,217,947,144,150,378,172,103,919,148,155,309,193,114
E01001762,Hackney 017D,E02000361,Hackney 017,E09000012,Hackney,2034,254,454,864,338,124,992,116,228,429,157,62,1042,138,226,435,181,62
E01001763,Hackney 020C,E02000364,Hackney 020,E09000012,Hackney,2463,458,439,874,470,222,1225,238,236,416,239,96,1238,220,203,458,231,126
E01001764,Hackney 010A,E02000354,Hackney 010,E09000012,Hackney,2013,389,395,655,396,178,1043,199,191,368,199,86,970,190,204,287,197,92
E01001765,Hackney 010B,E02000354,Hackney 010,E09000012,Hackney,1914,420,322,513,446,213,990,215,155,299,224,97,924,205,167,214,222,116
E01001767,Hackney 010D,E02000354,Hackney 010,E09000012,Hackney,1764,365,310,594,359,136,877,185,142,298,183,69,887,180,168,296,176,67
E01001768,Hackney 006D,E02000350,Hackney 006,E09000012,Hackney,1954,322,374,749,347,162,974,177,169,403,160,65,980,145,205,346,187,97
E01001769,Hackney 006E,E02000350,Hackney 006,E09000012,Hackney,1587,244,308,563,372,100,750,106,143,301,146,54,837,138,165,262,226,46
E01001770,Hackney 010E,E02000354,Hackney 010,E09000012,Hackney,1924,392,337,594,429,172,957,193,166,303,220,75,967,199,171,291,209,97
E01001772,Hackney 024A,E02000368,Hackney 024,E09000012,Hackney,1490,299,267,466,322,136,713,166,132,224,135,56,777,133,135,242,187,80
E01001773,Hackney 025E,E02000369,Hackney 025,E09000012,Hackney,2711,501,527,1132,400,151,1351,276,235,600,167,73,1360,225,292,532,233,78
E01001774,Hackney 024B,E02000368,Hackney 024,E09000012,Hackney,2292,435,619,823,317,98,1118,231,278,406,146,57,1174,204,341,417,171,41
E01001775,Hackney 024C,E02000368,Hackney 024,E09000012,Hackney,1962,400,406,635,374,147,965,191,176,333,191,74,997,209,230,302,183,73
E01001776,Hackney 025F,E02000369,Hackney 025,E09000012,Hackney,1736,272,365,545,374,180,830,145,161,252,191,81,906,127,204,293,183,99
E01001777,Hackney 027B,E02000371,Hackney 027,E09000012,Hackney,2378,428,595,805,437,113,1204,208,259,445,255,37,1174,220,336,360,182,76
E01001779,Hackney 026A,E02000370,Hackney 026,E09000012,Hackney,3365,649,679,1229,682,126,1736,348,300,657,377,54,1629,301,379,572,305,72
E01001780,Hackney 027D,E02000371,Hackney 027,E09000012,Hackney,1879,304,390,608,405,172,991,153,209,315,238,76,888,151,181,293,167,96
E01001781,Hackney 026B,E02000370,Hackney 026,E09000012,Hackney,1730,317,454,456,365,138,888,156,223,249,188,72,842,161,231,207,177,66
E01001782,Hackney 026C,E02000370,Hackney 026,E09000012,Hackney,3045,416,662,1190,574,203,1691,207,354,690,332,108,1354,209,308,500,242,95
E01001783,Hackney 026D,E02000370,Hackney 026,E09000012,Hackney,1920,415,420,542,412,131,989,213,207,286,222,61,931,202,213,256,190,70
E01001784,Hackney 027E,E02000371,Hackney 027,E09000012,Hackney,2470,352,844,728,378,168,1158,163,344,404,207,40,1312,189,500,324,171,128
E01001785,Hackney 015B,E02000359,Hackney 015,E09000012,Hackney,1573,291,284,499,331,168,708,150,117,241,131,69,865,141,167,258,200,99
E01001786,Hackney 013A,E02000357,Hackney 013,E09000012,Hackney,2116,604,344,565,412,191,1000,288,194,253,187,78,1116,316,150,312,225,113
E01001787,Hackney 013B,E02000357,Hackney 013,E09000012,Hackney,1629,399,296,350,306,278,769,203,142,149,149,126,860,196,154,201,157,152
E01001788,Hackney 013C,E02000357,Hackney 013,E09000012,Hackney,1568,372,237,335,435,189,723,180,95,155,198,95,845,192,142,180,237,94
E01001789,Hackney 015C,E02000359,Hackney 015,E09000012,Hackney,1766,356,321,501,423,165,847,179,153,257,194,64,919,177,168,244,229,101
E01001790,Hackney 013D,E02000357,Hackney 013,E09000012,Hackney,1240,343,232,247,299,119,575,162,117,97,125,74,665,181,115,150,174,45
E01001791,Hackney 015D,E02000359,Hackney 015,E09000012,Hackney,1471,317,314,390,326,124,706,170,160,197,132,47,765,147,154,193,194,77
E01001792,Hackney 011A,E02000355,Hackney 011,E09000012,Hackney,2027,401,323,663,452,188,947,193,143,316,208,87,1080,208,180,347,244,101
E01001793,Hackney 011B,E02000355,Hackney 011,E09000012,Hackney,1791,312,315,611,379,174,869,127,143,337,182,80,922,185,172,274,197,94
E01001794,Hackney 011C,E02000355,Hackney 011,E09000012,Hackney,2067,309,383,664,412,299,991,152,165,355,206,113,1076,157,218,309,206,186
E01001795,Hackney 011D,E02000355,Hackney 011,E09000012,Hackney,1455,259,259,537,292,108,715,114,105,289,148,59,740,145,154,248,144,49
E01001796,Hackney 011E,E02000355,Hackney 011,E09000012,Hackney,1920,340,348,654,459,119,1060,191,152,403,259,55,860,149,196,251,200,64
E01001798,Hackney 028A,E02006918,Hackney 028,E09000012,Hackney,1838,462,326,483,388,179,893,224,148,243,202,76,945,238,178,240,186,103
E01001799,Hackney 003A,E02000347,Hackney 003,E09000012,Hackney,1744,683,333,365,251,112,900,363,174,196,120,47,844,320,159,169,131,65
E01001800,Hackney 004C,E02000348,Hackney 004,E09000012,Hackney,1947,720,347,400,330,150,929,369,151,174,144,91,1018,351,196,226,186,59
E01001801,Hackney 008B,E02000352,Hackney 008,E09000012,Hackney,1665,470,269,384,327,215,823,227,148,202,162,84,842,243,121,182,165,131
E01001802,Hackney 003B,E02000347,Hackney 003,E09000012,Hackney,1410,403,228,318,266,195,664,202,100,155,144,63,746,201,128,163,122,132
E01001803,Hackney 008C,E02000352,Hackney 008,E09000012,Hackney,2025,516,346,578,405,180,954,265,166,260,184,79,1071,251,180,318,221,101
E01001804,Hackney 003C,E02000347,Hackney 003,E09000012,Hackney,1640,590,302,353,233,162,791,309,137,172,112,61,849,281,165,181,121,101
E01001805,Hackney 009B,E02000353,Hackney 009,E09000012,Hackney,1274,262,236,415,253,108,603,109,117,188,132,57,671,153,119,227,121,51
E01001806,Hackney 008D,E02000352,Hackney 008,E09000012,Hackney,1598,278,272,494,368,186,743,152,109,248,156,78,855,126,163,246,212,108
E01001807,Hackney 003D,E02000347,Hackney 003,E09000012,Hackney,1997,578,364,542,393,120,1004,285,182,277,199,61,993,293,182,265,194,59
E01001808,Hackney 001A,E02000345,Hackney 001,E09000012,Hackney,2172,892,433,443,269,135,1099,430,208,249,139,73,1073,462,225,194,130,62
E01001809,Hackney 001B,E02000345,Hackney 001,E09000012,Hackney,2283,846,397,480,335,225,1154,438,198,236,163,119,1129,408,199,244,172,106
E01001811,Hackney 002D,E02000346,Hackney 002,E09000012,Hackney,1524,448,235,394,307,140,732,209,114,174,171,64,792,239,121,220,136,76
E01001812,Hackney 003E,E02000347,Hackney 003,E09000012,Hackney,2067,781,374,418,336,158,1030,373,193,204,179,81,1037,408,181,214,157,77
E01001813,Hackney 002E,E02000346,Hackney 002,E09000012,Hackney,1702,392,312,441,375,182,783,174,154,201,173,81,919,218,158,240,202,101
E01001814,Hackney 001C,E02000345,Hackney 001,E09000012,Hackney,1631,554,300,393,284,100,891,296,169,217,162,47,740,258,131,176,122,53
E01001815,Hackney 024D,E02000368,Hackney 024,E09000012,Hackney,1945,383,309,612,434,207,947,179,153,338,193,84,998,204,156,274,241,123
E01001816,Hackney 020D,E02000364,Hackney 020,E09000012,Hackney,1663,313,286,497,363,204,794,152,134,255,141,112,869,161,152,242,222,92
E01001819,Hackney 020E,E02000364,Hackney 020,E09000012,Hackney,1749,249,241,470,455,334,862,138,123,226,208,167,887,111,118,244,247,167
E01001820,Hackney 024E,E02000368,Hackney 024,E09000012,Hackney,1501,249,311,417,372,152,737,129,160,229,155,64,764,120,151,188,217,88
E01001821,Hackney 024F,E02000368,Hackney 024,E09000012,Hackney,1451,254,287,422,330,158,720,122,142,209,175,72,731,132,145,213,155,86
E01001822,Hackney 029C,E02006921,Hackney 029,E09000012,Hackney,1782,524,314,404,386,154,911,281,159,206,174,91,871,243,155,198,212,63
E01001823,Hackney 001D,E02000345,Hackney 001,E09000012,Hackney,2024,711,337,509,325,142,1029,359,183,245,164,78,995,352,154,264,161,64
E01001824,Hackney 004D,E02000348,Hackney 004,E09000012,Hackney,1998,792,284,425,308,189,1013,417,139,213,160,84,985,375,145,212,148,105
E01001825,Hackney 001E,E02000345,Hackney 001,E09000012,Hackney,1569,614,293,259,260,143,803,304,165,136,139,59,766,310,128,123,121,84
E01001826,Hackney 004E,E02000348,Hackney 004,E09000012,Hackney,1833,751,343,350,290,99,935,360,197,188,153,37,898,391,146,162,137,62
E01001827,Hackney 029D,E02006921,Hackney 029,E09000012,Hackney,2275,762,373,528,430,182,1155,407,194,272,190,92,1120,355,179,256,240,90
E01001828,Hackney 028B,E02006918,Hackney 028,E09000012,Hackney,2303,664,364,578,495,202,1051,303,176,286,200,86,1252,361,188,292,295,116
E01001829,Hackney 009C,E02000353,Hackney 009,E09000012,Hackney,1859,399,302,575,387,196,867,187,138,300,178,64,992,212,164,275,209,132
E01001830,Hackney 014C,E02000358,Hackney 014,E09000012,Hackney,2069,272,346,767,467,217,1082,138,180,428,239,97,987,134,166,339,228,120
E01001831,Hackney 009D,E02000353,Hackney 009,E09000012,Hackney,1710,205,332,642,337,194,889,114,141,376,172,86,821,91,191,266,165,108
E01001832,Hackney 009E,E02000353,Hackney 009,E09000012,Hackney,1747,225,397,606,391,128,843,114,169,321,179,60,904,111,228,285,212,68
E01001833,Hackney 014D,E02000358,Hackney 014,E09000012,Hackney,2553,492,462,931,505,163,1241,259,216,449,249,68,1312,233,246,482,256,95
E01001834,Hackney 014E,E02000358,Hackney 014,E09000012,Hackney,1995,305,354,843,359,134,988,141,156,467,165,59,1007,164,198,376,194,75
E01001835,Hackney 014F,E02000358,Hackney 014,E09000012,Hackney,1252,165,239,446,308,94,642,91,111,245,159,36,610,74,128,201,149,58
E01001836,Hackney 022A,E02000366,Hackney 022,E09000012,Hackney,2188,429,353,722,498,186,1112,211,156,410,251,84,1076,218,197,312,247,102
E01001837,Hackney 023B,E02000367,Hackney 023,E09000012,Hackney,1601,289,223,600,365,124,776,152,83,317,180,44,825,137,140,283,185,80
E01001838,Hackney 019E,E02000363,Hackney 019,E09000012,Hackney,1745,449,284,440,407,165,873,239,138,215,192,89,872,210,146,225,215,76
E01001839,Hackney 023C,E02000367,Hackney 023,E09000012,Hackney,2948,392,743,1262,467,84,1502,204,319,682,259,38,1446,188,424,580,208,46
E01001840,Hackney 022B,E02000366,Hackney 022,E09000012,Hackney,1740,417,253,471,404,195,819,211,116,215,191,86,921,206,137,256,213,109
E01001841,Hackney 022C,E02000366,Hackney 022,E09000012,Hackney,1565,278,236,428,418,205,772,150,120,219,208,75,793,128,116,209,210,130
E01001842,Hackney 023D,E02000367,Hackney 023,E09000012,Hackney,1568,337,252,494,385,100,779,174,120,251,197,37,789,163,132,243,188,63
E01001843,Hackney 023E,E02000367,Hackney 023,E09000012,Hackney,1329,280,213,368,347,121,627,141,104,172,158,52,702,139,109,196,189,69
E01001844,Hackney 022D,E02000366,Hackney 022,E09000012,Hackney,2192,417,545,653,421,156,1089,219,267,325,196,82,1103,198,278,328,225,74
E01001845,Hackney 022E,E02000366,Hackney 022,E09000012,Hackney,1589,343,288,365,409,184,782,197,146,168,191,80,807,146,142,197,218,104
E01001846,Hackney 018A,E02000362,Hackney 018,E09000012,Hackney,1334,261,192,316,363,202,642,155,92,161,160,74,692,106,100,155,203,128
E01001847,Hackney 018B,E02000362,Hackney 018,E09000012,Hackney,1493,310,308,450,327,98,765,168,157,216,173,51,728,142,151,234,154,47
E01001848,Hackney 018C,E02000362,Hackney 018,E09000012,Hackney,1836,412,343,510,379,192,904,206,177,249,190,82,932,206,166,261,189,110
E01001849,Hackney 018D,E02000362,Hackney 018,E09000012,Hackney,2829,474,666,1109,488,92,1489,250,328,633,226,52,1340,224,338,476,262,40
E01001850,Hackney 019F,E02000363,Hackney 019,E09000012,Hackney,1801,487,337,435,397,145,824,224,150,181,201,68,977,263,187,254,196,77
E01001851,Hammersmith and Fulham 010A,E02000381,Hammersmith and Fulham 010,E09000013,Hammersmith and Fulham,1614,385,261,364,438,166,780,182,123,173,226,76,834,203,138,191,212,90
E01001852,Hammersmith and Fulham 007A,E02000378,Hammersmith and Fulham 007,E09000013,Hammersmith and Fulham,1772,225,375,619,376,177,886,110,168,354,182,72,886,115,207,265,194,105
E01001853,Hammersmith and Fulham 007B,E02000378,Hammersmith and Fulham 007,E09000013,Hammersmith and Fulham,1495,317,269,397,389,123,701,147,116,201,186,51,794,170,153,196,203,72
E01001854,Hammersmith and Fulham 007C,E02000378,Hammersmith and Fulham 007,E09000013,Hammersmith and Fulham,1741,254,362,567,366,192,870,121,166,310,181,92,871,133,196,257,185,100
E01001855,Hammersmith and Fulham 010B,E02000381,Hammersmith and Fulham 010,E09000013,Hammersmith and Fulham,1582,253,291,524,375,139,722,121,136,254,166,45,860,132,155,270,209,94
E01001856,Hammersmith and Fulham 010C,E02000381,Hammersmith and Fulham 010,E09000013,Hammersmith and Fulham,1592,346,314,380,416,136,812,172,168,205,199,68,780,174,146,175,217,68
E01001857,Hammersmith and Fulham 007D,E02000378,Hammersmith and Fulham 007,E09000013,Hammersmith and Fulham,1456,266,286,343,369,192,747,136,138,176,212,85,709,130,148,167,157,107
E01001858,Hammersmith and Fulham 006A,E02000377,Hammersmith and Fulham 006,E09000013,Hammersmith and Fulham,1872,274,528,487,369,214,916,137,260,281,153,85,956,137,268,206,216,129
E01001859,Hammersmith and Fulham 008A,E02000379,Hammersmith and Fulham 008,E09000013,Hammersmith and Fulham,2745,698,462,813,592,180,1221,343,198,361,260,59,1524,355,264,452,332,121
E01001860,Hammersmith and Fulham 006B,E02000377,Hammersmith and Fulham 006,E09000013,Hammersmith and Fulham,1800,323,358,500,461,158,952,162,190,284,250,66,848,161,168,216,211,92
E01001861,Hammersmith and Fulham 006C,E02000377,Hammersmith and Fulham 006,E09000013,Hammersmith and Fulham,1446,304,268,382,322,170,662,156,97,192,135,82,784,148,171,190,187,88
E01001862,Hammersmith and Fulham 005A,E02000376,Hammersmith and Fulham 005,E09000013,Hammersmith and Fulham,1842,344,391,495,438,174,966,206,201,280,216,63,876,138,190,215,222,111
E01001863,Hammersmith and Fulham 006D,E02000377,Hammersmith and Fulham 006,E09000013,Hammersmith and Fulham,1555,290,329,361,398,177,751,163,152,181,181,74,804,127,177,180,217,103
E01001864,Hammersmith and Fulham 006E,E02000377,Hammersmith and Fulham 006,E09000013,Hammersmith and Fulham,1513,293,277,409,359,175,755,133,126,214,190,92,758,160,151,195,169,83
E01001865,Hammersmith and Fulham 008B,E02000379,Hammersmith and Fulham 008,E09000013,Hammersmith and Fulham,1775,363,349,526,391,146,906,175,166,284,229,52,869,188,183,242,162,94
E01001866,Hammersmith and Fulham 012A,E02000383,Hammersmith and Fulham 012,E09000013,Hammersmith and Fulham,1501,200,344,391,347,219,713,107,151,206,158,91,788,93,193,185,189,128
E01001867,Hammersmith and Fulham 012B,E02000383,Hammersmith and Fulham 012,E09000013,Hammersmith and Fulham,1307,159,317,297,242,292,588,67,156,143,126,96,719,92,161,154,116,196
E01001868,Hammersmith and Fulham 012C,E02000383,Hammersmith and Fulham 012,E09000013,Hammersmith and Fulham,1191,173,255,269,328,166,554,90,126,134,152,52,637,83,129,135,176,114
E01001869,Hammersmith and Fulham 010D,E02000381,Hammersmith and Fulham 010,E09000013,Hammersmith and Fulham,1732,332,517,306,362,215,866,172,258,156,195,85,866,160,259,150,167,130
E01001870,Hammersmith and Fulham 012D,E02000383,Hammersmith and Fulham 012,E09000013,Hammersmith and Fulham,1768,146,528,614,344,136,912,84,259,332,181,56,856,62,269,282,163,80
E01001871,Hammersmith and Fulham 012E,E02000383,Hammersmith and Fulham 012,E09000013,Hammersmith and Fulham,1631,179,391,409,412,240,866,100,212,226,229,99,765,79,179,183,183,141
E01001872,Hammersmith and Fulham 012F,E02000383,Hammersmith and Fulham 012,E09000013,Hammersmith and Fulham,1471,182,402,411,319,157,728,81,219,208,151,69,743,101,183,203,168,88
E01001873,Hammersmith and Fulham 010E,E02000381,Hammersmith and Fulham 010,E09000013,Hammersmith and Fulham,1406,287,263,356,336,164,690,160,125,172,152,81,716,127,138,184,184,83
E01001874,Hammersmith and Fulham 001A,E02000372,Hammersmith and Fulham 001,E09000013,Hammersmith and Fulham,2594,274,1016,562,521,221,1224,135,536,295,210,48,1370,139,480,267,311,173
E01001875,Hammersmith and Fulham 001B,E02000372,Hammersmith and Fulham 001,E09000013,Hammersmith and Fulham,1750,366,369,379,413,223,817,180,163,186,177,111,933,186,206,193,236,112
E01001876,Hammersmith and Fulham 001C,E02000372,Hammersmith and Fulham 001,E09000013,Hammersmith and Fulham,2542,542,580,730,525,165,1344,268,343,421,248,64,1198,274,237,309,277,101
E01001877,Hammersmith and Fulham 001D,E02000372,Hammersmith and Fulham 001,E09000013,Hammersmith and Fulham,1343,254,212,356,399,122,584,111,99,168,160,46,759,143,113,188,239,76
E01001878,Hammersmith and Fulham 001E,E02000372,Hammersmith and Fulham 001,E09000013,Hammersmith and Fulham,1560,353,310,324,372,201,730,189,144,156,155,86,830,164,166,168,217,115
E01001879,Hammersmith and Fulham 019A,E02000390,Hammersmith and Fulham 019,E09000013,Hammersmith and Fulham,1465,236,365,386,331,147,718,113,175,215,154,61,747,123,190,171,177,86
E01001880,Hammersmith and Fulham 017A,E02000388,Hammersmith and Fulham 017,E09000013,Hammersmith and Fulham,1537,231,292,441,350,223,755,119,121,239,174,102,782,112,171,202,176,121
E01001881,Hammersmith and Fulham 017B,E02000388,Hammersmith and Fulham 017,E09000013,Hammersmith and Fulham,1880,342,452,546,341,199,905,197,203,285,130,90,975,145,249,261,211,109
E01001882,Hammersmith and Fulham 017C,E02000388,Hammersmith and Fulham 017,E09000013,Hammersmith and Fulham,1745,312,426,564,313,130,878,169,182,304,162,61,867,143,244,260,151,69
E01001883,Hammersmith and Fulham 017D,E02000388,Hammersmith and Fulham 017,E09000013,Hammersmith and Fulham,1638,271,372,482,301,212,796,134,190,224,141,107,842,137,182,258,160,105
E01001884,Hammersmith and Fulham 017E,E02000388,Hammersmith and Fulham 017,E09000013,Hammersmith and Fulham,1892,236,470,500,424,262,935,100,218,289,210,118,957,136,252,211,214,144
E01001885,Hammersmith and Fulham 015A,E02000386,Hammersmith and Fulham 015,E09000013,Hammersmith and Fulham,1220,265,201,235,336,183,549,137,110,104,123,75,671,128,91,131,213,108
E01001886,Hammersmith and Fulham 016A,E02000387,Hammersmith and Fulham 016,E09000013,Hammersmith and Fulham,1396,202,355,368,313,158,651,91,187,188,116,69,745,111,168,180,197,89
E01001887,Hammersmith and Fulham 016B,E02000387,Hammersmith and Fulham 016,E09000013,Hammersmith and Fulham,1437,186,378,345,316,212,750,78,217,186,157,112,687,108,161,159,159,100
E01001888,Hammersmith and Fulham 018A,E02000389,Hammersmith and Fulham 018,E09000013,Hammersmith and Fulham,1618,276,379,397,362,204,841,139,202,214,184,102,777,137,177,183,178,102
E01001889,Hammersmith and Fulham 014A,E02000385,Hammersmith and Fulham 014,E09000013,Hammersmith and Fulham,1358,185,378,357,304,134,707,88,190,217,155,57,651,97,188,140,149,77
E01001890,Hammersmith and Fulham 016C,E02000387,Hammersmith and Fulham 016,E09000013,Hammersmith and Fulham,1835,234,544,554,399,104,932,123,289,290,191,39,903,111,255,264,208,65
E01001891,Hammersmith and Fulham 018B,E02000389,Hammersmith and Fulham 018,E09000013,Hammersmith and Fulham,2399,336,755,650,432,226,1211,165,390,359,211,86,1188,171,365,291,221,140
E01001892,Hammersmith and Fulham 016D,E02000387,Hammersmith and Fulham 016,E09000013,Hammersmith and Fulham,1312,254,327,341,263,127,651,112,188,178,124,49,661,142,139,163,139,78
E01001893,Hammersmith and Fulham 013A,E02000384,Hammersmith and Fulham 013,E09000013,Hammersmith and Fulham,1247,236,273,301,297,140,590,127,130,137,138,58,657,109,143,164,159,82
E01001894,Hammersmith and Fulham 013B,E02000384,Hammersmith and Fulham 013,E09000013,Hammersmith and Fulham,1313,155,304,358,344,152,658,85,138,208,158,69,655,70,166,150,186,83
E01001895,Hammersmith and Fulham 009A,E02000380,Hammersmith and Fulham 009,E09000013,Hammersmith and Fulham,1472,321,288,345,386,132,749,173,163,178,177,58,723,148,125,167,209,74
E01001896,Hammersmith and Fulham 009B,E02000380,Hammersmith and Fulham 009,E09000013,Hammersmith and Fulham,1584,265,387,393,331,208,846,115,270,215,152,94,738,150,117,178,179,114
E01001897,Hammersmith and Fulham 009C,E02000380,Hammersmith and Fulham 009,E09000013,Hammersmith and Fulham,1391,320,204,307,412,148,709,163,109,171,201,65,682,157,95,136,211,83
E01001898,Hammersmith and Fulham 013C,E02000384,Hammersmith and Fulham 013,E09000013,Hammersmith and Fulham,1715,285,335,541,341,213,909,145,168,307,184,105,806,140,167,234,157,108
E01001899,Hammersmith and Fulham 013D,E02000384,Hammersmith and Fulham 013,E09000013,Hammersmith and Fulham,1466,255,267,385,339,220,672,129,119,180,166,78,794,126,148,205,173,142
E01001900,Hammersmith and Fulham 013E,E02000384,Hammersmith and Fulham 013,E09000013,Hammersmith and Fulham,1712,316,376,408,375,237,848,174,177,215,179,103,864,142,199,193,196,134
E01001901,Hammersmith and Fulham 019B,E02000390,Hammersmith and Fulham 019,E09000013,Hammersmith and Fulham,1688,388,320,434,411,135,821,204,136,220,202,59,867,184,184,214,209,76
E01001902,Hammersmith and Fulham 019C,E02000390,Hammersmith and Fulham 019,E09000013,Hammersmith and Fulham,1641,251,448,496,282,164,796,133,190,258,151,64,845,118,258,238,131,100
E01001903,Hammersmith and Fulham 019D,E02000390,Hammersmith and Fulham 019,E09000013,Hammersmith and Fulham,1522,293,349,410,327,143,767,137,204,219,142,65,755,156,145,191,185,78
E01001904,Hammersmith and Fulham 022A,E02000393,Hammersmith and Fulham 022,E09000013,Hammersmith and Fulham,1573,292,306,512,320,143,783,135,135,281,170,62,790,157,171,231,150,81
E01001905,Hammersmith and Fulham 022B,E02000393,Hammersmith and Fulham 022,E09000013,Hammersmith and Fulham,1688,339,350,448,348,203,807,164,163,232,159,89,881,175,187,216,189,114
E01001906,Hammersmith and Fulham 022C,E02000393,Hammersmith and Fulham 022,E09000013,Hammersmith and Fulham,1417,230,324,435,308,120,656,109,134,225,148,40,761,121,190,210,160,80
E01001907,Hammersmith and Fulham 022D,E02000393,Hammersmith and Fulham 022,E09000013,Hammersmith and Fulham,1250,270,196,332,306,146,577,141,74,159,142,61,673,129,122,173,164,85
E01001908,Hammersmith and Fulham 015B,E02000386,Hammersmith and Fulham 015,E09000013,Hammersmith and Fulham,1540,150,414,552,296,128,824,80,220,314,149,61,716,70,194,238,147,67
E01001909,Hammersmith and Fulham 015C,E02000386,Hammersmith and Fulham 015,E09000013,Hammersmith and Fulham,1947,232,547,522,436,210,952,114,284,277,195,82,995,118,263,245,241,128
E01001910,Hammersmith and Fulham 014B,E02000385,Hammersmith and Fulham 014,E09000013,Hammersmith and Fulham,1371,125,346,489,272,139,743,59,169,285,149,81,628,66,177,204,123,58
E01001911,Hammersmith and Fulham 015D,E02000386,Hammersmith and Fulham 015,E09000013,Hammersmith and Fulham,1748,379,393,392,429,155,791,171,195,172,189,64,957,208,198,220,240,91
E01001912,Hammersmith and Fulham 015E,E02000386,Hammersmith and Fulham 015,E09000013,Hammersmith and Fulham,1584,386,370,361,333,134,819,200,226,184,149,60,765,186,144,177,184,74
E01001913,Hammersmith and Fulham 014C,E02000385,Hammersmith and Fulham 014,E09000013,Hammersmith and Fulham,1405,147,479,465,223,91,738,89,231,257,127,34,667,58,248,208,96,57
E01001914,Hammersmith and Fulham 014D,E02000385,Hammersmith and Fulham 014,E09000013,Hammersmith and Fulham,1736,145,531,630,319,111,909,92,225,359,177,56,827,53,306,271,142,55
E01001915,Hammersmith and Fulham 024A,E02000395,Hammersmith and Fulham 024,E09000013,Hammersmith and Fulham,1639,378,289,356,397,219,783,203,118,165,200,97,856,175,171,191,197,122
E01001916,Hammersmith and Fulham 024B,E02000395,Hammersmith and Fulham 024,E09000013,Hammersmith and Fulham,1443,184,192,238,405,424,674,87,88,129,187,183,769,97,104,109,218,241
E01001917,Hammersmith and Fulham 018C,E02000389,Hammersmith and Fulham 018,E09000013,Hammersmith and Fulham,1435,230,254,294,380,277,699,117,108,157,191,126,736,113,146,137,189,151
E01001918,Hammersmith and Fulham 018D,E02000389,Hammersmith and Fulham 018,E09000013,Hammersmith and Fulham,1498,333,255,369,387,154,680,162,103,183,180,52,818,171,152,186,207,102
E01001919,Hammersmith and Fulham 018E,E02000389,Hammersmith and Fulham 018,E09000013,Hammersmith and Fulham,1559,350,238,316,416,239,708,156,103,155,187,107,851,194,135,161,229,132
E01001920,Hammersmith and Fulham 020A,E02000391,Hammersmith and Fulham 020,E09000013,Hammersmith and Fulham,1422,203,264,357,356,242,809,137,136,217,205,114,613,66,128,140,151,128
E01001921,Hammersmith and Fulham 020B,E02000391,Hammersmith and Fulham 020,E09000013,Hammersmith and Fulham,1590,297,286,464,369,174,835,167,141,272,182,73,755,130,145,192,187,101
E01001922,Hammersmith and Fulham 020C,E02000391,Hammersmith and Fulham 020,E09000013,Hammersmith and Fulham,1680,389,287,359,479,166,827,190,138,171,250,78,853,199,149,188,229,88
E01001923,Hammersmith and Fulham 020D,E02000391,Hammersmith and Fulham 020,E09000013,Hammersmith and Fulham,1587,292,302,407,377,209,763,164,140,223,144,92,824,128,162,184,233,117
E01001924,Hammersmith and Fulham 020E,E02000391,Hammersmith and Fulham 020,E09000013,Hammersmith and Fulham,1793,371,394,442,442,144,864,189,176,222,214,63,929,182,218,220,228,81
E01001925,Hammersmith and Fulham 025A,E02000396,Hammersmith and Fulham 025,E09000013,Hammersmith and Fulham,1755,467,281,337,484,186,874,245,132,178,228,91,881,222,149,159,256,95
E01001926,Hammersmith and Fulham 024C,E02000395,Hammersmith and Fulham 024,E09000013,Hammersmith and Fulham,1523,334,269,375,335,210,777,172,141,181,173,110,746,162,128,194,162,100
E01001927,Hammersmith and Fulham 008C,E02000379,Hammersmith and Fulham 008,E09000013,Hammersmith and Fulham,1463,304,237,247,413,262,746,165,124,145,197,115,717,139,113,102,216,147
E01001928,Hammersmith and Fulham 011A,E02000382,Hammersmith and Fulham 011,E09000013,Hammersmith and Fulham,1653,364,285,366,432,206,776,170,134,191,200,81,877,194,151,175,232,125
E01001929,Hammersmith and Fulham 009D,E02000380,Hammersmith and Fulham 009,E09000013,Hammersmith and Fulham,1290,308,160,322,328,172,636,151,76,172,168,69,654,157,84,150,160,103
E01001930,Hammersmith and Fulham 008D,E02000379,Hammersmith and Fulham 008,E09000013,Hammersmith and Fulham,1925,306,259,358,461,541,910,143,112,182,228,245,1015,163,147,176,233,296
E01001931,Hammersmith and Fulham 011B,E02000382,Hammersmith and Fulham 011,E09000013,Hammersmith and Fulham,1280,228,206,419,346,81,618,107,105,210,163,33,662,121,101,209,183,48
E01001932,Hammersmith and Fulham 011C,E02000382,Hammersmith and Fulham 011,E09000013,Hammersmith and Fulham,1641,248,363,546,339,145,898,152,193,310,173,70,743,96,170,236,166,75
E01001933,Hammersmith and Fulham 011D,E02000382,Hammersmith and Fulham 011,E09000013,Hammersmith and Fulham,1319,237,217,312,372,181,640,125,110,149,180,76,679,112,107,163,192,105
E01001934,Hammersmith and Fulham 025B,E02000396,Hammersmith and Fulham 025,E09000013,Hammersmith and Fulham,1807,397,310,387,482,231,842,184,159,181,218,100,965,213,151,206,264,131
E01001935,Hammersmith and Fulham 023A,E02000394,Hammersmith and Fulham 023,E09000013,Hammersmith and Fulham,2072,391,473,566,415,227,990,201,202,309,188,90,1082,190,271,257,227,137
E01001937,Hammersmith and Fulham 025C,E02000396,Hammersmith and Fulham 025,E09000013,Hammersmith and Fulham,1942,419,397,476,442,208,966,220,184,247,236,79,976,199,213,229,206,129
E01001938,Hammersmith and Fulham 025D,E02000396,Hammersmith and Fulham 025,E09000013,Hammersmith and Fulham,1576,384,296,349,392,155,750,204,158,152,163,73,826,180,138,197,229,82
E01001939,Hammersmith and Fulham 023C,E02000394,Hammersmith and Fulham 023,E09000013,Hammersmith and Fulham,2871,498,650,709,651,363,1395,260,319,327,330,159,1476,238,331,382,321,204
E01001940,Hammersmith and Fulham 005B,E02000376,Hammersmith and Fulham 005,E09000013,Hammersmith and Fulham,1472,241,297,388,343,203,720,119,150,192,173,86,752,122,147,196,170,117
E01001941,Hammersmith and Fulham 005C,E02000376,Hammersmith and Fulham 005,E09000013,Hammersmith and Fulham,1753,211,492,627,339,84,914,98,236,363,182,35,839,113,256,264,157,49
E01001942,Hammersmith and Fulham 005D,E02000376,Hammersmith and Fulham 005,E09000013,Hammersmith and Fulham,1806,285,362,553,434,172,1000,166,190,329,224,91,806,119,172,224,210,81
E01001943,Hammersmith and Fulham 004A,E02000375,Hammersmith and Fulham 004,E09000013,Hammersmith and Fulham,2112,395,512,595,459,151,1097,165,273,343,245,71,1015,230,239,252,214,80
E01001944,Hammersmith and Fulham 004B,E02000375,Hammersmith and Fulham 004,E09000013,Hammersmith and Fulham,1747,426,283,364,461,213,816,232,112,166,206,100,931,194,171,198,255,113
E01001945,Hammersmith and Fulham 004C,E02000375,Hammersmith and Fulham 004,E09000013,Hammersmith and Fulham,1646,297,308,450,386,205,749,133,121,236,177,82,897,164,187,214,209,123
E01001946,Hammersmith and Fulham 004D,E02000375,Hammersmith and Fulham 004,E09000013,Hammersmith and Fulham,1641,317,359,454,348,163,812,161,174,249,171,57,829,156,185,205,177,106
E01001947,Hammersmith and Fulham 021A,E02000392,Hammersmith and Fulham 021,E09000013,Hammersmith and Fulham,1505,336,323,308,383,155,683,179,140,136,163,65,822,157,183,172,220,90
E01001948,Hammersmith and Fulham 021B,E02000392,Hammersmith and Fulham 021,E09000013,Hammersmith and Fulham,1975,377,386,588,414,210,955,186,173,303,199,94,1020,191,213,285,215,116
E01001949,Hammersmith and Fulham 021C,E02000392,Hammersmith and Fulham 021,E09000013,Hammersmith and Fulham,1587,330,364,422,341,130,752,154,160,218,161,59,835,176,204,204,180,71
E01001950,Hammersmith and Fulham 021D,E02000392,Hammersmith and Fulham 021,E09000013,Hammersmith and Fulham,1577,366,338,442,308,123,756,176,139,236,155,50,821,190,199,206,153,73
E01001951,Hammersmith and Fulham 021E,E02000392,Hammersmith and Fulham 021,E09000013,Hammersmith and Fulham,1560,250,360,437,370,143,752,120,169,217,183,63,808,130,191,220,187,80
E01001952,Hammersmith and Fulham 024D,E02000395,Hammersmith and Fulham 024,E09000013,Hammersmith and Fulham,1646,216,505,517,282,126,795,119,209,286,131,50,851,97,296,231,151,76
E01001953,Hammersmith and Fulham 021F,E02000392,Hammersmith and Fulham 021,E09000013,Hammersmith and Fulham,1279,180,370,374,238,117,619,96,163,200,110,50,660,84,207,174,128,67
E01001954,Hammersmith and Fulham 003A,E02000374,Hammersmith and Fulham 003,E09000013,Hammersmith and Fulham,1450,283,250,356,376,185,710,155,104,183,186,82,740,128,146,173,190,103
E01001955,Hammersmith and Fulham 002A,E02000373,Hammersmith and Fulham 002,E09000013,Hammersmith and Fulham,1991,476,400,479,437,199,906,214,208,210,196,78,1085,262,192,269,241,121
E01001956,Hammersmith and Fulham 003B,E02000374,Hammersmith and Fulham 003,E09000013,Hammersmith and Fulham,1574,314,290,307,410,253,771,161,154,154,176,126,803,153,136,153,234,127
E01001957,Hammersmith and Fulham 002B,E02000373,Hammersmith and Fulham 002,E09000013,Hammersmith and Fulham,1580,417,307,300,386,170,755,226,136,137,181,75,825,191,171,163,205,95
E01001958,Hammersmith and Fulham 002C,E02000373,Hammersmith and Fulham 002,E09000013,Hammersmith and Fulham,1555,380,305,354,392,124,715,184,160,164,161,46,840,196,145,190,231,78
E01001959,Hammersmith and Fulham 003C,E02000374,Hammersmith and Fulham 003,E09000013,Hammersmith and Fulham,1850,432,411,377,410,220,835,199,176,187,185,88,1015,233,235,190,225,132
E01001960,Hammersmith and Fulham 003D,E02000374,Hammersmith and Fulham 003,E09000013,Hammersmith and Fulham,1893,338,524,600,314,117,915,159,231,323,146,56,978,179,293,277,168,61
E01001961,Hammersmith and Fulham 002D,E02000373,Hammersmith and Fulham 002,E09000013,Hammersmith and Fulham,1502,453,268,295,366,120,671,221,129,115,162,44,831,232,139,180,204,76
E01001962,Haringey 004A,E02000400,Haringey 004,E09000014,Haringey,1758,495,232,363,448,220,891,261,135,171,221,103,867,234,97,192,227,117
E01001963,Haringey 009A,E02000405,Haringey 009,E09000014,Haringey,1761,464,212,340,496,249,879,258,96,178,233,114,882,206,116,162,263,135
E01001964,Haringey 009B,E02000405,Haringey 009,E09000014,Haringey,1532,300,240,444,379,169,766,168,131,227,171,69,766,132,109,217,208,100
E01001965,Haringey 009C,E02000405,Haringey 009,E09000014,Haringey,1681,445,175,399,485,177,832,226,95,199,235,77,849,219,80,200,250,100
E01001966,Haringey 009D,E02000405,Haringey 009,E09000014,Haringey,1424,304,185,265,406,264,704,154,97,143,196,114,720,150,88,122,210,150
E01001967,Haringey 014A,E02000410,Haringey 014,E09000014,Haringey,1570,332,210,282,455,291,699,135,95,137,206,126,871,197,115,145,249,165
E01001968,Haringey 014B,E02000410,Haringey 014,E09000014,Haringey,1731,363,278,387,471,232,825,170,161,183,207,104,906,193,117,204,264,128
E01001969,Haringey 001A,E02000397,Haringey 001,E09000014,Haringey,2109,459,315,611,491,233,1079,239,166,346,231,97,1030,220,149,265,260,136
E01001970,Haringey 004B,E02000400,Haringey 004,E09000014,Haringey,2066,392,516,528,489,141,1013,215,288,256,207,47,1053,177,228,272,282,94
E01001971,Haringey 001B,E02000397,Haringey 001,E09000014,Haringey,1988,375,418,437,586,172,1055,170,240,233,332,80,933,205,178,204,254,92
E01001972,Haringey 004C,E02000400,Haringey 004,E09000014,Haringey,1725,293,291,471,439,231,862,162,146,225,231,98,863,131,145,246,208,133
E01001973,Haringey 004D,E02000400,Haringey 004,E09000014,Haringey,2549,530,389,687,594,349,1270,289,182,369,290,140,1279,241,207,318,304,209
E01001974,Haringey 001C,E02000397,Haringey 001,E09000014,Haringey,2356,441,387,749,550,229,1207,205,196,404,298,104,1149,236,191,345,252,125
E01001975,Haringey 001D,E02000397,Haringey 001,E09000014,Haringey,2108,393,374,720,469,152,1094,221,186,387,233,67,1014,172,188,333,236,85
E01001976,Haringey 011A,E02000407,Haringey 011,E09000014,Haringey,1676,360,280,425,433,178,875,212,141,232,213,77,801,148,139,193,220,101
E01001977,Haringey 011B,E02000407,Haringey 011,E09000014,Haringey,1568,355,258,442,362,151,799,177,135,242,169,76,769,178,123,200,193,75
E01001978,Haringey 011C,E02000407,Haringey 011,E09000014,Haringey,1955,376,368,497,522,192,1028,194,206,275,263,90,927,182,162,222,259,102
E01001979,Haringey 011D,E02000407,Haringey 011,E09000014,Haringey,2410,538,549,596,539,188,1278,268,301,361,270,78,1132,270,248,235,269,110
E01001980,Haringey 018A,E02000414,Haringey 018,E09000014,Haringey,1933,392,344,560,471,166,1094,216,203,338,260,77,839,176,141,222,211,89
E01001981,Haringey 018B,E02000414,Haringey 018,E09000014,Haringey,1785,310,359,498,428,190,953,166,195,293,219,80,832,144,164,205,209,110
E01001982,Haringey 018C,E02000414,Haringey 018,E09000014,Haringey,1821,381,301,503,457,179,991,214,160,293,236,88,830,167,141,210,221,91
E01001983,Haringey 018D,E02000414,Haringey 018,E09000014,Haringey,1549,347,236,411,413,142,762,178,131,208,193,52,787,169,105,203,220,90
E01001984,Haringey 033A,E02000429,Haringey 033,E09000014,Haringey,1729,316,190,543,411,269,868,147,82,283,234,122,861,169,108,260,177,147
E01001985,Haringey 033B,E02000429,Haringey 033,E09000014,Haringey,1716,356,215,471,470,204,844,184,95,240,230,95,872,172,120,231,240,109
E01001986,Haringey 034A,E02000430,Haringey 034,E09000014,Haringey,1505,280,234,399,418,174,756,156,110,212,205,73,749,124,124,187,213,101
E01001987,Haringey 033C,E02000429,Haringey 033,E09000014,Haringey,1780,367,209,437,515,252,899,206,100,201,282,110,881,161,109,236,233,142
E01001988,Haringey 034B,E02000430,Haringey 034,E09000014,Haringey,1660,279,225,479,487,190,813,127,106,256,235,89,847,152,119,223,252,101
E01001989,Haringey 033D,E02000429,Haringey 033,E09000014,Haringey,1668,313,230,384,489,252,833,150,123,203,239,118,835,163,107,181,250,134
E01001990,Haringey 034C,E02000430,Haringey 034,E09000014,Haringey,2006,249,435,695,456,171,1108,130,238,389,263,88,898,119,197,306,193,83
E01001991,Haringey 017A,E02000413,Haringey 017,E09000014,Haringey,1780,386,299,507,403,185,834,190,119,241,220,64,946,196,180,266,183,121
E01001992,Haringey 017B,E02000413,Haringey 017,E09000014,Haringey,1727,350,220,336,477,344,879,178,114,191,234,162,848,172,106,145,243,182
E01001993,Haringey 017C,E02000413,Haringey 017,E09000014,Haringey,1565,371,152,281,475,286,736,173,87,119,231,126,829,198,65,162,244,160
E01001994,Haringey 030A,E02000426,Haringey 030,E09000014,Haringey,1647,279,264,397,387,320,782,143,96,203,187,153,865,136,168,194,200,167
E01001995,Haringey 017D,E02000413,Haringey 017,E09000014,Haringey,2503,686,388,553,672,204,1170,362,190,246,288,84,1333,324,198,307,384,120
E01001996,Haringey 014C,E02000410,Haringey 014,E09000014,Haringey,1723,379,241,385,510,208,871,214,123,201,236,97,852,165,118,184,274,111
E01001997,Haringey 014D,E02000410,Haringey 014,E09000014,Haringey,1590,308,301,456,394,131,805,162,129,243,206,65,785,146,172,213,188,66
E01001998,Haringey 023A,E02000419,Haringey 023,E09000014,Haringey,2197,337,514,770,398,178,1167,163,268,430,230,76,1030,174,246,340,168,102
E01001999,Haringey 023B,E02000419,Haringey 023,E09000014,Haringey,2270,361,421,840,453,195,1223,203,201,501,257,61,1047,158,220,339,196,134
E01002000,Haringey 031A,E02000427,Haringey 031,E09000014,Haringey,1778,277,351,632,382,136,917,139,156,376,189,57,861,138,195,256,193,79
E01002001,Haringey 031B,E02000427,Haringey 031,E09000014,Haringey,1627,245,369,525,360,128,867,125,177,289,210,66,760,120,192,236,150,62
E01002002,Haringey 031C,E02000427,Haringey 031,E09000014,Haringey,1844,224,468,621,396,135,1018,117,272,338,220,71,826,107,196,283,176,64
E01002003,Haringey 023C,E02000419,Haringey 023,E09000014,Haringey,2516,463,654,764,463,172,1245,213,297,403,253,79,1271,250,357,361,210,93
E01002004,Haringey 023D,E02000419,Haringey 023,E09000014,Haringey,1991,348,386,664,388,205,973,159,189,363,190,72,1018,189,197,301,198,133
E01002005,Haringey 035A,E02000431,Haringey 035,E09000014,Haringey,1508,263,310,564,246,125,718,127,128,290,113,60,790,136,182,274,133,65
E01002006,Haringey 035B,E02000431,Haringey 035,E09000014,Haringey,1530,249,286,493,353,149,711,126,122,242,164,57,819,123,164,251,189,92
E01002007,Haringey 035C,E02000431,Haringey 035,E09000014,Haringey,1529,303,235,381,346,264,733,152,112,166,180,123,796,151,123,215,166,141
E01002008,Haringey 030B,E02000426,Haringey 030,E09000014,Haringey,1337,283,141,203,408,302,585,147,49,74,181,134,752,136,92,129,227,168
E01002009,Haringey 035D,E02000431,Haringey 035,E09000014,Haringey,1536,254,309,336,396,241,778,143,151,182,195,107,758,111,158,154,201,134
E01002010,Haringey 030C,E02000426,Haringey 030,E09000014,Haringey,1556,305,181,314,417,339,710,144,81,147,191,147,846,161,100,167,226,192
E01002011,Haringey 030D,E02000426,Haringey 030,E09000014,Haringey,1569,245,252,470,394,208,814,127,129,243,210,105,755,118,123,227,184,103
E01002013,Haringey 022A,E02000418,Haringey 022,E09000014,Haringey,1347,310,138,346,371,182,625,156,61,167,168,73,722,154,77,179,203,109
E01002014,Haringey 020B,E02000416,Haringey 020,E09000014,Haringey,1688,250,339,535,378,186,904,130,176,295,214,89,784,120,163,240,164,97
E01002015,Haringey 020C,E02000416,Haringey 020,E09000014,Haringey,1365,230,183,306,405,241,668,115,81,163,206,103,697,115,102,143,199,138
E01002016,Haringey 028A,E02000424,Haringey 028,E09000014,Haringey,1741,325,322,484,453,157,834,173,138,245,209,69,907,152,184,239,244,88
E01002017,Haringey 028B,E02000424,Haringey 028,E09000014,Haringey,1847,324,406,543,417,157,1007,197,244,296,202,68,840,127,162,247,215,89
E01002018,Haringey 020D,E02000416,Haringey 020,E09000014,Haringey,1431,331,219,318,365,198,670,163,113,151,158,85,761,168,106,167,207,113
E01002019,Haringey 022B,E02000418,Haringey 022,E09000014,Haringey,1386,278,149,286,396,277,666,137,64,134,195,136,720,141,85,152,201,141
E01002020,Haringey 021A,E02000417,Haringey 021,E09000014,Haringey,1579,287,238,408,409,237,795,166,121,208,193,107,784,121,117,200,216,130
E01002021,Haringey 022C,E02000418,Haringey 022,E09000014,Haringey,1341,241,165,220,422,293,640,125,74,108,199,134,701,116,91,112,223,159
E01002022,Haringey 021B,E02000417,Haringey 021,E09000014,Haringey,2118,359,306,604,497,352,1038,169,131,321,252,165,1080,190,175,283,245,187
E01002023,Haringey 021C,E02000417,Haringey 021,E09000014,Haringey,1365,245,173,265,385,297,646,122,87,126,178,133,719,123,86,139,207,164
E01002024,Haringey 022D,E02000418,Haringey 022,E09000014,Haringey,1267,223,176,285,393,190,612,102,74,159,186,91,655,121,102,126,207,99
E01002025,Haringey 021D,E02000417,Haringey 021,E09000014,Haringey,1507,297,243,294,431,242,743,156,128,137,213,109,764,141,115,157,218,133
E01002026,Haringey 016A,E02000412,Haringey 016,E09000014,Haringey,1804,374,343,448,451,188,904,171,176,253,222,82,900,203,167,195,229,106
E01002027,Haringey 010A,E02000406,Haringey 010,E09000014,Haringey,1570,254,353,436,349,178,803,135,199,255,151,63,767,119,154,181,198,115
E01002028,Haringey 010B,E02000406,Haringey 010,E09000014,Haringey,1800,304,405,532,397,162,940,161,219,296,195,69,860,143,186,236,202,93
E01002029,Haringey 016B,E02000412,Haringey 016,E09000014,Haringey,1974,360,493,584,401,136,963,178,245,295,197,48,1011,182,248,289,204,88
E01002030,Haringey 016C,E02000412,Haringey 016,E09000014,Haringey,1814,306,329,608,370,201,957,152,149,365,206,85,857,154,180,243,164,116
E01002031,Haringey 016D,E02000412,Haringey 016,E09000014,Haringey,2179,255,495,761,455,213,1133,130,230,459,233,81,1046,125,265,302,222,132
E01002032,Haringey 010C,E02000406,Haringey 010,E09000014,Haringey,1876,395,336,532,455,158,946,213,163,288,198,84,930,182,173,244,257,74
E01002033,Haringey 010D,E02000406,Haringey 010,E09000014,Haringey,1930,371,365,552,474,168,943,190,170,308,198,77,987,181,195,244,276,91
E01002034,Haringey 037A,E02006794,Haringey 037,E09000014,Haringey,2555,782,387,711,522,153,1278,384,184,372,258,80,1277,398,203,339,264,73
E01002036,Haringey 002A,E02000398,Haringey 002,E09000014,Haringey,1790,436,317,418,448,171,904,217,146,233,228,80,886,219,171,185,220,91
E01002037,Haringey 002B,E02000398,Haringey 002,E09000014,Haringey,2158,512,349,545,571,181,1187,254,159,350,329,95,971,258,190,195,242,86
E01002038,Haringey 037B,E02006794,Haringey 037,E09000014,Haringey,1965,480,329,463,521,172,1033,274,170,230,272,87,932,206,159,233,249,85
E01002039,Haringey 002C,E02000398,Haringey 002,E09000014,Haringey,1665,530,306,325,395,109,762,252,151,128,176,55,903,278,155,197,219,54
E01002040,Haringey 002D,E02000398,Haringey 002,E09000014,Haringey,2252,549,402,509,585,207,1174,312,203,272,293,94,1078,237,199,237,292,113
E01002041,Haringey 037C,E02006794,Haringey 037,E09000014,Haringey,2002,434,350,483,470,265,1040,233,177,254,245,131,962,201,173,229,225,134
E01002042,Haringey 027A,E02000423,Haringey 027,E09000014,Haringey,1638,211,337,538,398,154,852,103,166,281,234,68,786,108,171,257,164,86
E01002043,Haringey 026A,E02000422,Haringey 026,E09000014,Haringey,2171,441,438,693,447,152,1188,244,224,405,242,73,983,197,214,288,205,79
E01002044,Haringey 027B,E02000423,Haringey 027,E09000014,Haringey,1839,313,436,662,289,139,946,158,241,360,137,50,893,155,195,302,152,89
E01002045,Haringey 026B,E02000422,Haringey 026,E09000014,Haringey,2375,500,433,757,499,186,1350,251,255,508,247,89,1025,249,178,249,252,97
E01002046,Haringey 026C,E02000422,Haringey 026,E09000014,Haringey,1911,321,354,471,459,306,955,158,182,270,224,121,956,163,172,201,235,185
E01002047,Haringey 027C,E02000423,Haringey 027,E09000014,Haringey,1773,220,542,580,294,137,910,106,265,327,153,59,863,114,277,253,141,78
E01002048,Haringey 027D,E02000423,Haringey 027,E09000014,Haringey,2207,350,455,710,526,166,1161,171,263,390,271,66,1046,179,192,320,255,100
E01002049,Haringey 026D,E02000422,Haringey 026,E09000014,Haringey,1923,373,385,505,470,190,992,188,218,282,236,68,931,185,167,223,234,122
E01002050,Haringey 029A,E02000425,Haringey 029,E09000014,Haringey,1974,854,336,366,279,139,1031,464,149,202,153,63,943,390,187,164,126,76
E01002051,Haringey 029B,E02000425,Haringey 029,E09000014,Haringey,1850,458,366,485,394,147,965,221,196,273,211,64,885,237,170,212,183,83
E01002052,Haringey 029C,E02000425,Haringey 029,E09000014,Haringey,2256,1005,370,451,269,161,1132,513,186,236,126,71,1124,492,184,215,143,90
E01002053,Haringey 032A,E02000428,Haringey 032,E09000014,Haringey,1876,427,388,451,423,187,927,184,210,237,202,94,949,243,178,214,221,93
E01002054,Haringey 032B,E02000428,Haringey 032,E09000014,Haringey,1858,439,344,450,481,144,962,242,181,239,233,67,896,197,163,211,248,77
E01002055,Haringey 029D,E02000425,Haringey 029,E09000014,Haringey,1811,778,294,376,249,114,961,428,154,199,127,53,850,350,140,177,122,61
E01002056,Haringey 032C,E02000428,Haringey 032,E09000014,Haringey,2686,477,775,777,495,162,1398,252,368,448,261,69,1288,225,407,329,234,93
E01002057,Haringey 032D,E02000428,Haringey 032,E09000014,Haringey,1827,242,543,519,356,167,950,134,297,267,183,69,877,108,246,252,173,98
E01002058,Haringey 031D,E02000427,Haringey 031,E09000014,Haringey,1654,245,378,548,344,139,809,139,176,278,174,42,845,106,202,270,170,97
E01002059,Haringey 028C,E02000424,Haringey 028,E09000014,Haringey,1550,290,269,339,466,186,756,144,155,167,222,68,794,146,114,172,244,118
E01002060,Haringey 028D,E02000424,Haringey 028,E09000014,Haringey,1624,295,253,459,439,178,798,147,124,242,199,86,826,148,129,217,240,92
E01002061,Haringey 036A,E02000432,Haringey 036,E09000014,Haringey,1620,255,307,528,349,181,836,131,146,290,182,87,784,124,161,238,167,94
E01002062,Haringey 034D,E02000430,Haringey 034,E09000014,Haringey,1901,312,331,624,441,193,978,172,186,335,198,87,923,140,145,289,243,106
E01002063,Haringey 036B,E02000432,Haringey 036,E09000014,Haringey,1501,234,297,479,352,139,768,127,157,265,164,55,733,107,140,214,188,84
E01002064,Haringey 036C,E02000432,Haringey 036,E09000014,Haringey,1343,210,260,412,345,116,657,99,133,203,163,59,686,111,127,209,182,57
E01002065,Haringey 036D,E02000432,Haringey 036,E09000014,Haringey,1660,211,375,599,324,151,856,111,189,301,185,70,804,100,186,298,139,81
E01002066,Haringey 025A,E02000421,Haringey 025,E09000014,Haringey,2073,498,410,502,505,158,947,219,210,228,220,70,1126,279,200,274,285,88
E01002067,Haringey 024A,E02000420,Haringey 024,E09000014,Haringey,1720,308,290,437,455,230,857,154,150,221,219,113,863,154,140,216,236,117
E01002068,Haringey 025B,E02000421,Haringey 025,E09000014,Haringey,2385,363,554,847,474,147,1267,168,295,505,226,73,1118,195,259,342,248,74
E01002069,Haringey 024B,E02000420,Haringey 024,E09000014,Haringey,2163,314,418,611,557,263,1135,163,193,375,287,117,1028,151,225,236,270,146
E01002070,Haringey 024C,E02000420,Haringey 024,E09000014,Haringey,2576,529,485,850,505,207,1284,252,212,488,242,90,1292,277,273,362,263,117
E01002071,Haringey 025C,E02000421,Haringey 025,E09000014,Haringey,1673,397,323,384,424,145,847,216,177,172,222,60,826,181,146,212,202,85
E01002072,Haringey 025D,E02000421,Haringey 025,E09000014,Haringey,2127,366,575,466,443,277,1039,175,282,249,210,123,1088,191,293,217,233,154
E01002073,Haringey 024D,E02000420,Haringey 024,E09000014,Haringey,1792,383,344,507,394,164,927,220,171,281,190,65,865,163,173,226,204,99
E01002074,Haringey 012A,E02000408,Haringey 012,E09000014,Haringey,2309,603,382,487,609,228,1161,287,195,260,304,115,1148,316,187,227,305,113
E01002075,Haringey 015A,E02000411,Haringey 015,E09000014,Haringey,2301,514,757,427,444,159,1139,257,413,193,221,55,1162,257,344,234,223,104
E01002076,Haringey 015B,E02000411,Haringey 015,E09000014,Haringey,2008,443,497,463,401,204,992,240,270,218,186,78,1016,203,227,245,215,126
E01002077,Haringey 012B,E02000408,Haringey 012,E09000014,Haringey,2293,531,596,530,503,133,1188,303,327,260,234,64,1105,228,269,270,269,69
E01002078,Haringey 015C,E02000411,Haringey 015,E09000014,Haringey,2602,431,587,705,684,195,1346,208,293,386,360,99,1256,223,294,319,324,96
E01002079,Haringey 012C,E02000408,Haringey 012,E09000014,Haringey,1893,382,356,484,498,173,959,192,198,252,240,77,934,190,158,232,258,96
E01002080,Haringey 015D,E02000411,Haringey 015,E09000014,Haringey,3878,653,1303,1099,627,196,2191,355,792,624,326,94,1687,298,511,475,301,102
E01002081,Haringey 012D,E02000408,Haringey 012,E09000014,Haringey,1951,354,559,352,451,235,1024,172,326,204,213,109,927,182,233,148,238,126
E01002082,Haringey 013A,E02000409,Haringey 013,E09000014,Haringey,1195,230,254,231,329,151,573,116,127,111,142,77,622,114,127,120,187,74
E01002083,Haringey 019A,E02000415,Haringey 019,E09000014,Haringey,1477,226,252,482,303,214,742,110,99,279,167,87,735,116,153,203,136,127
E01002084,Haringey 019B,E02000415,Haringey 019,E09000014,Haringey,1762,313,326,513,387,223,888,131,148,281,217,111,874,182,178,232,170,112
E01002085,Haringey 019C,E02000415,Haringey 019,E09000014,Haringey,2326,412,536,707,465,206,1150,215,250,399,212,74,1176,197,286,308,253,132
E01002086,Haringey 013B,E02000409,Haringey 013,E09000014,Haringey,1394,256,274,317,343,204,651,110,158,147,140,96,743,146,116,170,203,108
E01002087,Haringey 019D,E02000415,Haringey 019,E09000014,Haringey,1721,286,342,543,378,172,905,150,156,308,213,78,816,136,186,235,165,94
E01002088,Haringey 013C,E02000409,Haringey 013,E09000014,Haringey,2049,371,406,634,408,230,1060,194,215,339,210,102,989,177,191,295,198,128
E01002089,Haringey 013D,E02000409,Haringey 013,E09000014,Haringey,1518,443,251,268,384,172,727,214,151,116,171,75,791,229,100,152,213,97
E01002090,Haringey 005A,E02000401,Haringey 005,E09000014,Haringey,1539,319,289,323,424,184,755,165,142,175,199,74,784,154,147,148,225,110
E01002091,Haringey 006A,E02000402,Haringey 006,E09000014,Haringey,1826,408,349,350,489,230,859,211,186,166,213,83,967,197,163,184,276,147
E01002092,Haringey 006B,E02000402,Haringey 006,E09000014,Haringey,1645,435,284,438,381,107,792,196,126,216,203,51,853,239,158,222,178,56
E01002093,Haringey 005B,E02000401,Haringey 005,E09000014,Haringey,1784,390,322,365,542,165,871,188,191,178,247,67,913,202,131,187,295,98
E01002094,Haringey 006C,E02000402,Haringey 006,E09000014,Haringey,1565,306,313,339,463,144,746,157,149,167,201,72,819,149,164,172,262,72
E01002095,Haringey 006D,E02000402,Haringey 006,E09000014,Haringey,1576,321,306,383,412,154,765,161,153,192,176,83,811,160,153,191,236,71
E01002096,Haringey 005C,E02000401,Haringey 005,E09000014,Haringey,1657,383,285,351,450,188,803,181,146,195,210,71,854,202,139,156,240,117
E01002097,Haringey 005D,E02000401,Haringey 005,E09000014,Haringey,1624,411,335,343,411,124,795,220,170,175,177,53,829,191,165,168,234,71
E01002098,Haringey 007A,E02000403,Haringey 007,E09000014,Haringey,1481,241,236,501,340,163,750,130,116,273,159,72,731,111,120,228,181,91
E01002099,Haringey 008A,E02000404,Haringey 008,E09000014,Haringey,2182,476,437,545,527,197,1096,226,229,294,259,88,1086,250,208,251,268,109
E01002100,Haringey 008B,E02000404,Haringey 008,E09000014,Haringey,1971,424,338,616,396,197,994,209,167,370,171,77,977,215,171,246,225,120
E01002101,Haringey 007B,E02000403,Haringey 007,E09000014,Haringey,2211,430,397,720,521,143,1193,212,213,400,303,65,1018,218,184,320,218,78
E01002102,Haringey 007C,E02000403,Haringey 007,E09000014,Haringey,1990,348,364,668,394,216,938,173,163,309,196,97,1052,175,201,359,198,119
E01002103,Haringey 008C,E02000404,Haringey 008,E09000014,Haringey,1925,328,433,549,404,211,1000,170,225,309,205,91,925,158,208,240,199,120
E01002104,Haringey 008D,E02000404,Haringey 008,E09000014,Haringey,1660,271,299,509,371,210,807,124,146,284,161,92,853,147,153,225,210,118
E01002105,Haringey 007D,E02000403,Haringey 007,E09000014,Haringey,2535,435,564,843,500,193,1309,186,286,488,263,86,1226,249,278,355,237,107
E01002106,Harrow 008A,E02000440,Harrow 008,E09000015,Harrow,2066,409,357,380,552,368,1042,207,189,200,260,186,1024,202,168,180,292,182
E01002107,Harrow 012A,E02000444,Harrow 012,E09000015,Harrow,1775,437,239,363,450,286,891,218,132,174,217,150,884,219,107,189,233,136
E01002108,Harrow 008B,E02000440,Harrow 008,E09000015,Harrow,1759,400,275,366,456,262,892,212,131,185,227,137,867,188,144,181,229,125
E01002109,Harrow 008C,E02000440,Harrow 008,E09000015,Harrow,1801,384,243,334,491,349,922,202,148,159,222,191,879,182,95,175,269,158
E01002110,Harrow 008D,E02000440,Harrow 008,E09000015,Harrow,1679,365,295,325,417,277,802,171,145,158,193,135,877,194,150,167,224,142
E01002111,Harrow 008E,E02000440,Harrow 008,E09000015,Harrow,2332,506,433,466,603,324,1175,233,230,245,305,162,1157,273,203,221,298,162
E01002112,Harrow 001A,E02000433,Harrow 001,E09000015,Harrow,2007,391,300,386,510,420,966,185,163,192,228,198,1041,206,137,194,282,222
E01002113,Harrow 002A,E02000434,Harrow 002,E09000015,Harrow,1533,297,202,269,452,313,754,154,89,120,227,164,779,143,113,149,225,149
E01002114,Harrow 001B,E02000433,Harrow 001,E09000015,Harrow,2119,450,261,429,430,549,1018,221,140,222,206,229,1101,229,121,207,224,320
E01002115,Harrow 002B,E02000434,Harrow 002,E09000015,Harrow,1466,257,227,295,401,286,703,132,112,139,195,125,763,125,115,156,206,161
E01002116,Harrow 002C,E02000434,Harrow 002,E09000015,Harrow,1692,270,252,313,405,452,811,124,133,155,184,215,881,146,119,158,221,237
E01002117,Harrow 002D,E02000434,Harrow 002,E09000015,Harrow,3029,712,539,760,647,371,1480,362,267,375,291,185,1549,350,272,385,356,186
E01002118,Harrow 002E,E02000434,Harrow 002,E09000015,Harrow,1889,395,265,479,416,334,954,212,135,244,220,143,935,183,130,235,196,191
E01002119,Harrow 007A,E02000439,Harrow 007,E09000015,Harrow,2249,547,389,550,499,264,1127,285,190,285,246,121,1122,262,199,265,253,143
E01002120,Harrow 007B,E02000439,Harrow 007,E09000015,Harrow,1377,330,243,254,339,211,676,168,123,120,170,95,701,162,120,134,169,116
E01002121,Harrow 007C,E02000439,Harrow 007,E09000015,Harrow,1867,465,257,437,448,260,936,233,131,230,211,131,931,232,126,207,237,129
E01002122,Harrow 007D,E02000439,Harrow 007,E09000015,Harrow,1776,380,278,459,416,243,937,192,141,257,227,120,839,188,137,202,189,123
E01002123,Harrow 007E,E02000439,Harrow 007,E09000015,Harrow,1775,358,369,400,420,228,916,198,197,209,221,91,859,160,172,191,199,137
E01002124,Harrow 010A,E02000442,Harrow 010,E09000015,Harrow,1776,435,339,415,404,183,847,208,163,196,201,79,929,227,176,219,203,104
E01002125,Harrow 010B,E02000442,Harrow 010,E09000015,Harrow,1769,389,315,457,408,200,937,196,181,278,200,82,832,193,134,179,208,118
E01002126,Harrow 023A,E02000455,Harrow 023,E09000015,Harrow,3959,856,768,1381,536,418,1985,445,397,712,272,159,1974,411,371,669,264,259
E01002127,Harrow 023B,E02000455,Harrow 023,E09000015,Harrow,1730,313,288,426,420,283,837,163,135,208,205,126,893,150,153,218,215,157
E01002128,Harrow 020A,E02000452,Harrow 020,E09000015,Harrow,2099,431,375,649,411,233,1063,216,225,310,202,110,1036,215,150,339,209,123
E01002129,Harrow 023C,E02000455,Harrow 023,E09000015,Harrow,2931,626,524,981,578,222,1543,345,284,533,270,111,1388,281,240,448,308,111
E01002130,Harrow 020B,E02000452,Harrow 020,E09000015,Harrow,2566,655,388,916,453,154,1352,333,226,501,222,70,1214,322,162,415,231,84
E01002131,Harrow 023D,E02000455,Harrow 023,E09000015,Harrow,1601,351,279,368,357,246,786,155,168,172,170,121,815,196,111,196,187,125
E01002132,Harrow 029A,E02000461,Harrow 029,E09000015,Harrow,2347,457,455,605,564,266,1220,203,272,331,293,121,1127,254,183,274,271,145
E01002133,Harrow 027A,E02000459,Harrow 027,E09000015,Harrow,2181,479,409,458,524,311,1071,249,211,213,260,138,1110,230,198,245,264,173
E01002134,Harrow 029B,E02000461,Harrow 029,E09000015,Harrow,1473,257,299,368,318,231,819,137,200,192,175,115,654,120,99,176,143,116
E01002135,Harrow 029C,E02000461,Harrow 029,E09000015,Harrow,2011,407,304,574,439,287,1010,205,160,304,225,116,1001,202,144,270,214,171
E01002136,Harrow 027B,E02000459,Harrow 027,E09000015,Harrow,1836,419,276,397,474,270,932,225,143,204,244,116,904,194,133,193,230,154
E01002137,Harrow 029D,E02000461,Harrow 029,E09000015,Harrow,1799,452,707,268,249,123,1300,361,633,136,116,54,499,91,74,132,133,69
E01002138,Harrow 027C,E02000459,Harrow 027,E09000015,Harrow,1522,310,264,311,446,191,777,155,159,137,242,84,745,155,105,174,204,107
E01002139,Harrow 006A,E02000438,Harrow 006,E09000015,Harrow,1376,264,286,261,360,205,656,136,147,138,151,84,720,128,139,123,209,121
E01002140,Harrow 005A,E02000437,Harrow 005,E09000015,Harrow,1742,375,275,331,459,302,838,171,132,168,219,148,904,204,143,163,240,154
E01002141,Harrow 005B,E02000437,Harrow 005,E09000015,Harrow,1773,384,269,308,440,372,873,204,136,145,216,172,900,180,133,163,224,200
E01002142,Harrow 005C,E02000437,Harrow 005,E09000015,Harrow,1765,357,234,362,472,340,849,172,113,176,230,158,916,185,121,186,242,182
E01002143,Harrow 005D,E02000437,Harrow 005,E09000015,Harrow,1646,376,283,359,436,192,828,198,161,174,187,108,818,178,122,185,249,84
E01002144,Harrow 004A,E02000436,Harrow 004,E09000015,Harrow,1552,241,204,227,466,414,804,135,108,122,226,213,748,106,96,105,240,201
E01002145,Harrow 005E,E02000437,Harrow 005,E09000015,Harrow,1648,281,199,301,435,432,772,152,100,146,202,172,876,129,99,155,233,260
E01002146,Harrow 004B,E02000436,Harrow 004,E09000015,Harrow,1400,261,189,239,395,316,680,136,90,119,189,146,720,125,99,120,206,170
E01002147,Harrow 004C,E02000436,Harrow 004,E09000015,Harrow,1304,186,163,175,364,416,642,105,72,95,169,201,662,81,91,80,195,215
E01002148,Harrow 006B,E02000438,Harrow 006,E09000015,Harrow,1391,242,199,228,440,282,687,118,99,113,217,140,704,124,100,115,223,142
E01002149,Harrow 004D,E02000436,Harrow 004,E09000015,Harrow,1287,213,139,170,383,382,636,107,73,85,175,196,651,106,66,85,208,186
E01002150,Harrow 006C,E02000438,Harrow 006,E09000015,Harrow,1979,429,268,427,437,418,948,220,139,186,215,188,1031,209,129,241,222,230
E01002151,Harrow 006D,E02000438,Harrow 006,E09000015,Harrow,1528,352,250,283,391,252,761,181,147,151,167,115,767,171,103,132,224,137
E01002152,Harrow 006E,E02000438,Harrow 006,E09000015,Harrow,1609,273,211,270,421,434,769,148,99,130,209,183,840,125,112,140,212,251
E01002153,Harrow 019A,E02000451,Harrow 019,E09000015,Harrow,1753,325,252,348,451,377,851,153,118,182,211,187,902,172,134,166,240,190
E01002154,Harrow 015A,E02000447,Harrow 015,E09000015,Harrow,2300,517,339,514,567,363,1135,268,176,244,282,165,1165,249,163,270,285,198
E01002155,Harrow 019B,E02000451,Harrow 019,E09000015,Harrow,1650,328,209,303,461,349,838,184,112,145,237,160,812,144,97,158,224,189
E01002156,Harrow 015B,E02000447,Harrow 015,E09000015,Harrow,1431,266,189,228,417,331,699,139,99,108,198,155,732,127,90,120,219,176
E01002157,Harrow 019C,E02000451,Harrow 019,E09000015,Harrow,1778,342,316,416,430,274,877,155,170,208,205,139,901,187,146,208,225,135
E01002158,Harrow 019D,E02000451,Harrow 019,E09000015,Harrow,1363,242,213,208,428,272,675,117,111,110,207,130,688,125,102,98,221,142
E01002159,Harrow 021A,E02000453,Harrow 021,E09000015,Harrow,1867,346,284,430,492,315,959,172,155,223,251,158,908,174,129,207,241,157
E01002160,Harrow 021B,E02000453,Harrow 021,E09000015,Harrow,2429,575,407,705,528,214,1243,294,206,382,267,94,1186,281,201,323,261,120
E01002161,Harrow 021C,E02000453,Harrow 021,E09000015,Harrow,2099,466,362,461,503,307,1034,242,191,243,211,147,1065,224,171,218,292,160
E01002162,Harrow 015C,E02000447,Harrow 015,E09000015,Harrow,1959,465,296,503,457,238,951,213,147,269,214,108,1008,252,149,234,243,130
E01002163,Harrow 015D,E02000447,Harrow 015,E09000015,Harrow,1592,324,250,294,428,296,793,179,122,139,205,148,799,145,128,155,223,148
E01002164,Harrow 021D,E02000453,Harrow 021,E09000015,Harrow,1861,434,280,446,443,258,924,240,153,193,228,110,937,194,127,253,215,148
E01002165,Harrow 017A,E02000449,Harrow 017,E09000015,Harrow,1814,370,305,494,401,244,970,208,165,275,205,117,844,162,140,219,196,127
E01002166,Harrow 017B,E02000449,Harrow 017,E09000015,Harrow,1675,331,292,371,434,247,864,164,160,209,222,109,811,167,132,162,212,138
E01002167,Harrow 017C,E02000449,Harrow 017,E09000015,Harrow,1620,333,303,344,414,226,792,146,161,187,201,97,828,187,142,157,213,129
E01002168,Harrow 017D,E02000449,Harrow 017,E09000015,Harrow,1604,344,290,342,431,197,777,171,152,171,200,83,827,173,138,171,231,114
E01002169,Harrow 017E,E02000449,Harrow 017,E09000015,Harrow,1654,287,311,382,401,273,858,165,171,207,188,127,796,122,140,175,213,146
E01002170,Harrow 033A,E02006882,Harrow 033,E09000015,Harrow,1307,254,227,260,354,212,652,132,111,132,172,105,655,122,116,128,182,107
E01002171,Harrow 033B,E02006882,Harrow 033,E09000015,Harrow,1741,354,325,389,383,290,878,174,161,205,200,138,863,180,164,184,183,152
E01002172,Harrow 033C,E02006882,Harrow 033,E09000015,Harrow,1626,394,230,370,384,248,776,203,112,170,192,99,850,191,118,200,192,149
E01002173,Harrow 033D,E02006882,Harrow 033,E09000015,Harrow,1787,302,305,383,429,368,870,148,172,190,208,152,917,154,133,193,221,216
E01002174,Harrow 033E,E02006882,Harrow 033,E09000015,Harrow,1574,289,213,336,415,321,803,154,114,181,199,155,771,135,99,155,216,166
E01002175,Harrow 033F,E02006882,Harrow 033,E09000015,Harrow,1448,264,233,329,352,270,743,127,107,211,173,125,705,137,126,118,179,145
E01002176,Harrow 033G,E02006882,Harrow 033,E09000015,Harrow,1735,298,284,453,395,305,867,136,107,275,194,155,868,162,177,178,201,150
E01002177,Harrow 033H,E02006882,Harrow 033,E09000015,Harrow,1395,269,238,268,398,222,740,148,133,152,206,101,655,121,105,116,192,121
E01002178,Harrow 033I,E02006882,Harrow 033,E09000015,Harrow,1585,275,317,271,477,245,756,130,158,150,212,106,829,145,159,121,265,139
E01002179,Harrow 013A,E02000445,Harrow 013,E09000015,Harrow,2733,661,455,794,546,277,1383,340,267,407,265,104,1350,321,188,387,281,173
E01002180,Harrow 013B,E02000445,Harrow 013,E09000015,Harrow,2428,597,395,577,595,264,1284,311,216,323,295,139,1144,286,179,254,300,125
E01002181,Harrow 020C,E02000452,Harrow 020,E09000015,Harrow,1916,431,278,506,455,246,996,210,154,261,250,121,920,221,124,245,205,125
E01002182,Harrow 020D,E02000452,Harrow 020,E09000015,Harrow,2124,481,320,606,480,237,1139,267,175,312,270,115,985,214,145,294,210,122
E01002183,Harrow 013C,E02000445,Harrow 013,E09000015,Harrow,2224,463,361,511,515,374,1152,240,198,287,259,168,1072,223,163,224,256,206
E01002184,Harrow 013D,E02000445,Harrow 013,E09000015,Harrow,1956,442,331,442,498,243,1016,239,174,232,259,112,940,203,157,210,239,131
E01002185,Harrow 009A,E02000441,Harrow 009,E09000015,Harrow,1721,379,306,354,476,206,787,191,143,155,215,83,934,188,163,199,261,123
E01002186,Harrow 009B,E02000441,Harrow 009,E09000015,Harrow,1786,380,204,476,419,307,886,216,99,232,208,131,900,164,105,244,211,176
E01002187,Harrow 009C,E02000441,Harrow 009,E09000015,Harrow,2008,396,239,425,480,468,963,204,108,215,217,219,1045,192,131,210,263,249
E01002188,Harrow 016A,E02000448,Harrow 016,E09000015,Harrow,1583,247,213,211,499,413,762,126,124,107,221,184,821,121,89,104,278,229
E01002189,Harrow 016B,E02000448,Harrow 016,E09000015,Harrow,1782,328,235,393,452,374,905,191,134,205,220,155,877,137,101,188,232,219
E01002190,Harrow 009D,E02000441,Harrow 009,E09000015,Harrow,1573,295,158,229,429,462,761,147,85,102,197,230,812,148,73,127,232,232
E01002191,Harrow 022A,E02000454,Harrow 022,E09000015,Harrow,1937,418,309,398,490,322,944,209,160,192,243,140,993,209,149,206,247,182
E01002192,Harrow 016C,E02000448,Harrow 016,E09000015,Harrow,1604,325,148,267,428,436,776,160,74,137,210,195,828,165,74,130,218,241
E01002193,Harrow 016D,E02000448,Harrow 016,E09000015,Harrow,1973,509,239,512,429,284,947,257,112,256,205,117,1026,252,127,256,224,167
E01002194,Harrow 022B,E02000454,Harrow 022,E09000015,Harrow,1718,404,183,306,445,380,822,196,114,124,208,180,896,208,69,182,237,200
E01002195,Harrow 022C,E02000454,Harrow 022,E09000015,Harrow,1669,375,224,303,449,318,811,189,117,153,209,143,858,186,107,150,240,175
E01002196,Harrow 022D,E02000454,Harrow 022,E09000015,Harrow,1689,383,172,311,478,345,819,192,85,146,216,180,870,191,87,165,262,165
E01002197,Harrow 012B,E02000444,Harrow 012,E09000015,Harrow,1372,241,219,264,348,300,646,107,112,129,169,129,726,134,107,135,179,171
E01002198,Harrow 010C,E02000442,Harrow 010,E09000015,Harrow,1927,406,380,474,438,229,1008,209,206,256,219,118,919,197,174,218,219,111
E01002199,Harrow 012C,E02000444,Harrow 012,E09000015,Harrow,1527,331,263,306,380,247,779,176,142,143,197,121,748,155,121,163,183,126
E01002200,Harrow 010D,E02000442,Harrow 010,E09000015,Harrow,1729,359,318,395,438,219,897,183,172,234,200,108,832,176,146,161,238,111
E01002201,Harrow 012D,E02000444,Harrow 012,E09000015,Harrow,1698,310,289,342,453,304,888,180,158,186,212,152,810,130,131,156,241,152
E01002202,Harrow 012E,E02000444,Harrow 012,E09000015,Harrow,2409,655,383,712,424,235,1253,344,196,365,245,103,1156,311,187,347,179,132
E01002203,Harrow 010E,E02000442,Harrow 010,E09000015,Harrow,1885,452,318,468,452,195,948,220,144,247,248,89,937,232,174,221,204,106
E01002204,Harrow 032A,E02006795,Harrow 032,E09000015,Harrow,1856,450,268,560,390,188,944,238,127,298,200,81,912,212,141,262,190,107
E01002206,Harrow 032B,E02006795,Harrow 032,E09000015,Harrow,1300,242,197,274,378,209,688,124,104,156,195,109,612,118,93,118,183,100
E01002207,Harrow 032C,E02006795,Harrow 032,E09000015,Harrow,1636,323,261,326,458,268,838,156,133,180,239,130,798,167,128,146,219,138
E01002208,Harrow 025A,E02000457,Harrow 025,E09000015,Harrow,1257,232,163,190,359,313,635,121,88,94,185,147,622,111,75,96,174,166
E01002209,Harrow 025B,E02000457,Harrow 025,E09000015,Harrow,1746,332,278,393,463,280,886,166,157,219,218,126,860,166,121,174,245,154
E01002210,Harrow 032D,E02006795,Harrow 032,E09000015,Harrow,1616,318,259,350,427,262,824,161,146,174,215,128,792,157,113,176,212,134
E01002211,Harrow 028A,E02000460,Harrow 028,E09000015,Harrow,1415,306,283,325,319,182,726,160,162,173,142,89,689,146,121,152,177,93
E01002212,Harrow 028B,E02000460,Harrow 028,E09000015,Harrow,1778,445,301,428,411,193,886,199,163,202,241,81,892,246,138,226,170,112
E01002213,Harrow 027D,E02000459,Harrow 027,E09000015,Harrow,3728,918,655,1092,710,353,1862,500,320,542,350,150,1866,418,335,550,360,203
E01002214,Harrow 031A,E02000463,Harrow 031,E09000015,Harrow,1896,492,309,422,459,214,966,253,173,197,230,113,930,239,136,225,229,101
E01002215,Harrow 031B,E02000463,Harrow 031,E09000015,Harrow,1634,369,257,325,432,251,757,172,141,159,185,100,877,197,116,166,247,151
E01002216,Harrow 028C,E02000460,Harrow 028,E09000015,Harrow,1753,470,241,399,420,223,887,231,136,203,218,99,866,239,105,196,202,124
E01002217,Harrow 028D,E02000460,Harrow 028,E09000015,Harrow,1912,478,373,489,431,141,915,254,194,253,169,45,997,224,179,236,262,96
E01002218,Harrow 030A,E02000462,Harrow 030,E09000015,Harrow,1747,386,244,381,455,281,883,200,137,194,221,131,864,186,107,187,234,150
E01002219,Harrow 030B,E02000462,Harrow 030,E09000015,Harrow,1813,386,281,454,445,247,901,178,144,236,232,111,912,208,137,218,213,136
E01002220,Harrow 031C,E02000463,Harrow 031,E09000015,Harrow,1586,351,304,282,457,192,823,181,169,157,220,96,763,170,135,125,237,96
E01002221,Harrow 030C,E02000462,Harrow 030,E09000015,Harrow,1625,302,314,385,412,212,842,172,141,221,206,102,783,130,173,164,206,110
E01002222,Harrow 030D,E02000462,Harrow 030,E09000015,Harrow,1622,371,269,307,459,216,814,186,125,168,238,97,808,185,144,139,221,119
E01002223,Harrow 031D,E02000463,Harrow 031,E09000015,Harrow,1700,380,253,342,494,231,858,206,129,163,238,122,842,174,124,179,256,109
E01002224,Harrow 031E,E02000463,Harrow 031,E09000015,Harrow,1480,337,289,276,407,171,714,180,151,127,180,76,766,157,138,149,227,95
E01002225,Harrow 001C,E02000433,Harrow 001,E09000015,Harrow,1827,239,171,225,441,751,802,102,94,99,208,299,1025,137,77,126,233,452
E01002226,Harrow 001D,E02000433,Harrow 001,E09000015,Harrow,2277,406,333,486,504,548,1065,190,176,223,241,235,1212,216,157,263,263,313
E01002227,Harrow 003A,E02000435,Harrow 003,E09000015,Harrow,1847,384,318,317,467,361,941,210,178,167,213,173,906,174,140,150,254,188
E01002228,Harrow 003B,E02000435,Harrow 003,E09000015,Harrow,2256,467,394,524,509,362,1111,248,201,285,226,151,1145,219,193,239,283,211
E01002229,Harrow 003C,E02000435,Harrow 003,E09000015,Harrow,1848,392,205,415,394,442,847,186,94,181,195,191,1001,206,111,234,199,251
E01002230,Harrow 003D,E02000435,Harrow 003,E09000015,Harrow,1822,344,286,328,443,421,930,163,166,176,205,220,892,181,120,152,238,201
E01002231,Harrow 013E,E02000445,Harrow 013,E09000015,Harrow,1957,480,379,432,454,212,969,250,201,212,206,100,988,230,178,220,248,112
E01002232,Harrow 011A,E02000443,Harrow 011,E09000015,Harrow,2067,460,359,446,428,374,1062,237,205,241,209,170,1005,223,154,205,219,204
E01002233,Harrow 011B,E02000443,Harrow 011,E09000015,Harrow,2326,567,398,549,553,259,1147,264,215,289,274,105,1179,303,183,260,279,154
E01002234,Harrow 011C,E02000443,Harrow 011,E09000015,Harrow,1673,422,362,352,393,144,844,222,187,172,197,66,829,200,175,180,196,78
E01002235,Harrow 011D,E02000443,Harrow 011,E09000015,Harrow,1978,529,318,402,464,265,929,252,157,209,201,110,1049,277,161,193,263,155
E01002236,Harrow 011E,E02000443,Harrow 011,E09000015,Harrow,2283,554,429,598,485,217,1120,244,222,311,233,110,1163,310,207,287,252,107
E01002237,Harrow 024A,E02000456,Harrow 024,E09000015,Harrow,1778,357,324,510,424,163,916,195,162,269,206,84,862,162,162,241,218,79
E01002238,Harrow 024B,E02000456,Harrow 024,E09000015,Harrow,1920,452,313,444,489,222,978,220,175,222,253,108,942,232,138,222,236,114
E01002239,Harrow 025C,E02000457,Harrow 025,E09000015,Harrow,1780,331,233,390,457,369,891,169,122,205,225,170,889,162,111,185,232,199
E01002240,Harrow 024C,E02000456,Harrow 024,E09000015,Harrow,1752,339,290,354,474,295,850,162,144,186,226,132,902,177,146,168,248,163
E01002241,Harrow 025D,E02000457,Harrow 025,E09000015,Harrow,1820,388,300,398,496,238,889,177,155,196,243,118,931,211,145,202,253,120
E01002242,Harrow 024D,E02000456,Harrow 024,E09000015,Harrow,1832,380,278,341,465,368,921,205,149,170,229,168,911,175,129,171,236,200
E01002243,Havering 013A,E02000476,Havering 013,E09000016,Havering,2045,466,343,523,443,270,962,236,163,220,230,113,1083,230,180,303,213,157
E01002244,Havering 011A,E02000474,Havering 011,E09000016,Havering,1933,449,322,502,441,219,921,205,166,223,231,96,1012,244,156,279,210,123
E01002245,Havering 011B,E02000474,Havering 011,E09000016,Havering,1634,343,274,382,375,260,782,187,128,198,172,97,852,156,146,184,203,163
E01002246,Havering 017A,E02000480,Havering 017,E09000016,Havering,1865,273,318,284,437,553,834,129,173,134,204,194,1031,144,145,150,233,359
E01002247,Havering 017B,E02000480,Havering 017,E09000016,Havering,2282,549,464,596,507,166,1102,272,237,279,235,79,1180,277,227,317,272,87
E01002248,Havering 017C,E02000480,Havering 017,E09000016,Havering,1682,429,297,378,342,236,832,220,139,180,184,109,850,209,158,198,158,127
E01002249,Havering 017D,E02000480,Havering 017,E09000016,Havering,3980,1065,818,1267,613,217,1915,572,361,584,292,106,2065,493,457,683,321,111
E01002250,Havering 017E,E02000480,Havering 017,E09000016,Havering,1879,424,380,437,456,182,893,200,170,199,232,92,986,224,210,238,224,90
E01002251,Havering 017F,E02000480,Havering 017,E09000016,Havering,1473,343,263,310,365,192,711,191,124,142,159,95,762,152,139,168,206,97
E01002252,Havering 018A,E02000481,Havering 018,E09000016,Havering,1589,280,252,265,383,409,734,139,122,124,181,168,855,141,130,141,202,241
E01002253,Havering 019A,E02000482,Havering 019,E09000016,Havering,1577,241,202,270,433,431,786,131,95,150,199,211,791,110,107,120,234,220
E01002254,Havering 019B,E02000482,Havering 019,E09000016,Havering,1575,294,216,236,424,405,760,155,123,109,211,162,815,139,93,127,213,243
E01002255,Havering 022A,E02000485,Havering 022,E09000016,Havering,1651,334,229,347,428,313,778,163,105,176,196,138,873,171,124,171,232,175
E01002256,Havering 018B,E02000481,Havering 018,E09000016,Havering,1552,289,218,292,404,349,747,149,103,153,194,148,805,140,115,139,210,201
E01002257,Havering 019C,E02000482,Havering 019,E09000016,Havering,1759,318,249,253,483,456,854,153,148,115,238,200,905,165,101,138,245,256
E01002258,Havering 018C,E02000481,Havering 018,E09000016,Havering,1782,350,278,325,436,393,848,171,160,145,209,163,934,179,118,180,227,230
E01002259,Havering 018D,E02000481,Havering 018,E09000016,Havering,1486,290,235,279,389,293,685,148,112,135,179,111,801,142,123,144,210,182
E01002260,Havering 026A,E02000489,Havering 026,E09000016,Havering,1855,403,296,404,444,308,900,216,159,170,215,140,955,187,137,234,229,168
E01002261,Havering 026B,E02000489,Havering 026,E09000016,Havering,1716,363,289,338,479,247,824,177,156,159,241,91,892,186,133,179,238,156
E01002262,Havering 026C,E02000489,Havering 026,E09000016,Havering,1819,348,298,396,488,289,869,165,149,196,239,120,950,183,149,200,249,169
E01002263,Havering 026D,E02000489,Havering 026,E09000016,Havering,1637,322,210,341,419,345,820,176,109,162,219,154,817,146,101,179,200,191
E01002264,Havering 026E,E02000489,Havering 026,E09000016,Havering,1684,436,283,331,369,265,735,200,126,128,185,96,949,236,157,203,184,169
E01002265,Havering 025A,E02000488,Havering 025,E09000016,Havering,1396,251,208,304,359,274,671,130,116,153,155,117,725,121,92,151,204,157
E01002266,Havering 027A,E02000490,Havering 027,E09000016,Havering,1425,274,220,256,350,325,691,149,111,126,172,133,734,125,109,130,178,192
E01002267,Havering 027B,E02000490,Havering 027,E09000016,Havering,1575,309,273,322,334,337,741,165,154,147,152,123,834,144,119,175,182,214
E01002268,Havering 010A,E02000473,Havering 010,E09000016,Havering,1436,293,258,257,374,254,692,149,135,124,170,114,744,144,123,133,204,140
E01002269,Havering 010B,E02000473,Havering 010,E09000016,Havering,1812,381,301,311,474,345,856,187,153,151,222,143,956,194,148,160,252,202
E01002270,Havering 015A,E02000478,Havering 015,E09000016,Havering,1671,223,275,245,468,460,790,117,136,127,216,194,881,106,139,118,252,266
E01002271,Havering 015B,E02000478,Havering 015,E09000016,Havering,1532,247,234,217,423,411,751,115,137,109,209,181,781,132,97,108,214,230
E01002272,Havering 014A,E02000477,Havering 014,E09000016,Havering,1262,249,175,261,339,238,582,109,72,134,170,97,680,140,103,127,169,141
E01002273,Havering 015C,E02000478,Havering 015,E09000016,Havering,1282,193,193,188,364,344,599,86,104,89,173,147,683,107,89,99,191,197
E01002274,Havering 014B,E02000477,Havering 014,E09000016,Havering,1633,278,272,285,443,355,818,140,140,153,221,164,815,138,132,132,222,191
E01002275,Havering 015D,E02000478,Havering 015,E09000016,Havering,1325,182,211,153,387,392,657,95,117,83,183,179,668,87,94,70,204,213
E01002276,Havering 001A,E02000464,Havering 001,E09000016,Havering,2163,458,398,426,498,383,994,216,180,193,235,170,1169,242,218,233,263,213
E01002277,Havering 002A,E02000465,Havering 002,E09000016,Havering,1589,348,262,345,418,216,782,176,134,168,206,98,807,172,128,177,212,118
E01002278,Havering 001B,E02000464,Havering 001,E09000016,Havering,1707,423,350,358,369,207,826,218,189,143,178,98,881,205,161,215,191,109
E01002279,Havering 002B,E02000465,Havering 002,E09000016,Havering,1745,433,272,390,438,212,827,209,142,175,205,96,918,224,130,215,233,116
E01002280,Havering 004A,E02000467,Havering 004,E09000016,Havering,1867,523,393,414,388,149,871,268,188,171,171,73,996,255,205,243,217,76
E01002281,Havering 002C,E02000465,Havering 002,E09000016,Havering,2495,728,360,794,435,178,1216,394,151,363,226,82,1279,334,209,431,209,96
E01002282,Havering 004B,E02000467,Havering 004,E09000016,Havering,2022,639,394,441,374,174,977,335,166,194,189,93,1045,304,228,247,185,81
E01002283,Havering 002D,E02000465,Havering 002,E09000016,Havering,1670,422,288,353,384,223,837,228,159,148,192,110,833,194,129,205,192,113
E01002284,Havering 004C,E02000467,Havering 004,E09000016,Havering,2026,487,369,473,491,206,965,244,189,210,242,80,1061,243,180,263,249,126
E01002285,Havering 025B,E02000488,Havering 025,E09000016,Havering,1306,229,190,243,337,307,654,108,97,124,172,153,652,121,93,119,165,154
E01002286,Havering 025C,E02000488,Havering 025,E09000016,Havering,1606,269,242,254,473,368,786,129,124,118,236,179,820,140,118,136,237,189
E01002287,Havering 023A,E02000486,Havering 023,E09000016,Havering,1522,283,227,274,416,322,713,122,119,136,186,150,809,161,108,138,230,172
E01002288,Havering 025D,E02000488,Havering 025,E09000016,Havering,1571,281,216,285,471,318,783,143,121,131,227,161,788,138,95,154,244,157
E01002289,Havering 022B,E02000485,Havering 022,E09000016,Havering,1690,318,263,353,481,275,802,152,141,176,214,119,888,166,122,177,267,156
E01002290,Havering 025E,E02000488,Havering 025,E09000016,Havering,1446,199,204,213,407,423,702,113,101,106,212,170,744,86,103,107,195,253
E01002291,Havering 023B,E02000486,Havering 023,E09000016,Havering,1654,210,244,331,435,434,823,123,117,162,229,192,831,87,127,169,206,242
E01002292,Havering 022C,E02000485,Havering 022,E09000016,Havering,1639,339,231,335,426,308,776,182,116,152,199,127,863,157,115,183,227,181
E01002293,Havering 007A,E02000470,Havering 007,E09000016,Havering,2707,483,516,902,528,278,1358,261,225,478,278,116,1349,222,291,424,250,162
E01002294,Havering 007B,E02000470,Havering 007,E09000016,Havering,1502,254,214,257,396,381,737,117,124,128,184,184,765,137,90,129,212,197
E01002295,Havering 010C,E02000473,Havering 010,E09000016,Havering,1919,364,321,495,395,344,927,180,163,227,204,153,992,184,158,268,191,191
E01002296,Havering 007C,E02000470,Havering 007,E09000016,Havering,1734,288,276,267,471,432,838,125,143,151,226,193,896,163,133,116,245,239
E01002297,Havering 004D,E02000467,Havering 004,E09000016,Havering,1652,378,342,368,380,184,869,211,164,197,205,92,783,167,178,171,175,92
E01002298,Havering 007D,E02000470,Havering 007,E09000016,Havering,1567,284,238,289,439,317,756,150,120,143,212,131,811,134,118,146,227,186
E01002299,Havering 002E,E02000465,Havering 002,E09000016,Havering,1964,477,325,456,489,217,939,234,154,218,237,96,1025,243,171,238,252,121
E01002300,Havering 007E,E02000470,Havering 007,E09000016,Havering,1863,331,289,378,452,413,904,171,147,187,223,176,959,160,142,191,229,237
E01002301,Havering 003A,E02000466,Havering 003,E09000016,Havering,1678,327,238,306,429,378,801,169,111,145,195,181,877,158,127,161,234,197
E01002302,Havering 005A,E02000468,Havering 005,E09000016,Havering,1681,355,294,334,427,271,768,169,142,150,189,118,913,186,152,184,238,153
E01002303,Havering 003B,E02000466,Havering 003,E09000016,Havering,2113,497,385,426,471,334,963,255,195,194,185,134,1150,242,190,232,286,200
E01002304,Havering 003C,E02000466,Havering 003,E09000016,Havering,1599,258,287,259,393,402,771,133,138,131,182,187,828,125,149,128,211,215
E01002305,Havering 005B,E02000468,Havering 005,E09000016,Havering,1657,373,256,352,378,298,781,184,131,160,167,139,876,189,125,192,211,159
E01002306,Havering 003D,E02000466,Havering 003,E09000016,Havering,1763,498,319,390,369,187,826,256,146,162,177,85,937,242,173,228,192,102
E01002307,Havering 003E,E02000466,Havering 003,E09000016,Havering,1844,469,363,358,458,196,877,248,176,162,207,84,967,221,187,196,251,112
E01002308,Havering 005C,E02000468,Havering 005,E09000016,Havering,1821,394,313,356,406,352,845,192,148,174,198,133,976,202,165,182,208,219
E01002309,Havering 006A,E02000469,Havering 006,E09000016,Havering,1848,462,279,365,447,295,911,249,151,156,212,143,937,213,128,209,235,152
E01002310,Havering 006B,E02000469,Havering 006,E09000016,Havering,1814,375,329,359,429,322,835,189,165,156,206,119,979,186,164,203,223,203
E01002311,Havering 006C,E02000469,Havering 006,E09000016,Havering,1870,482,322,386,424,256,889,239,159,184,202,105,981,243,163,202,222,151
E01002312,Havering 001C,E02000464,Havering 001,E09000016,Havering,1651,333,243,312,380,383,784,159,131,132,193,169,867,174,112,180,187,214
E01002313,Havering 001D,E02000464,Havering 001,E09000016,Havering,2234,576,389,519,477,273,1008,277,184,216,222,109,1226,299,205,303,255,164
E01002314,Havering 004E,E02000467,Havering 004,E09000016,Havering,1841,514,319,438,372,198,871,278,163,185,167,78,970,236,156,253,205,120
E01002315,Havering 006D,E02000469,Havering 006,E09000016,Havering,1827,473,286,424,412,232,852,215,140,192,197,108,975,258,146,232,215,124
E01002316,Havering 004F,E02000467,Havering 004,E09000016,Havering,1952,537,288,421,453,253,930,280,128,188,228,106,1022,257,160,233,225,147
E01002317,Havering 014C,E02000477,Havering 014,E09000016,Havering,1595,256,286,268,451,334,776,135,150,133,208,150,819,121,136,135,243,184
E01002318,Havering 014D,E02000477,Havering 014,E09000016,Havering,1620,289,253,255,444,379,780,138,145,114,211,172,840,151,108,141,233,207
E01002319,Havering 016A,E02000479,Havering 016,E09000016,Havering,1763,365,310,346,456,286,851,184,142,187,229,109,912,181,168,159,227,177
E01002320,Havering 021A,E02000484,Havering 021,E09000016,Havering,1467,231,272,240,484,240,700,109,136,113,232,110,767,122,136,127,252,130
E01002321,Havering 021B,E02000484,Havering 021,E09000016,Havering,1766,297,292,305,519,353,872,135,159,146,268,164,894,162,133,159,251,189
E01002322,Havering 021C,E02000484,Havering 021,E09000016,Havering,1944,336,388,346,557,317,954,166,217,176,250,145,990,170,171,170,307,172
E01002323,Havering 021D,E02000484,Havering 021,E09000016,Havering,1668,293,298,292,491,294,814,158,138,152,237,129,854,135,160,140,254,165
E01002324,Havering 021E,E02000484,Havering 021,E09000016,Havering,1471,231,230,254,416,340,731,117,133,121,213,147,740,114,97,133,203,193
E01002325,Havering 011C,E02000474,Havering 011,E09000016,Havering,1951,439,344,396,397,375,812,199,155,159,167,132,1139,240,189,237,230,243
E01002326,Havering 005D,E02000468,Havering 005,E09000016,Havering,1666,356,265,346,409,290,799,187,128,168,185,131,867,169,137,178,224,159
E01002327,Havering 009A,E02000472,Havering 009,E09000016,Havering,1482,279,233,304,382,284,656,136,104,137,171,108,826,143,129,167,211,176
E01002328,Havering 009B,E02000472,Havering 009,E09000016,Havering,1766,386,268,409,428,275,857,187,161,179,199,131,909,199,107,230,229,144
E01002329,Havering 011D,E02000474,Havering 011,E09000016,Havering,1752,332,287,378,429,326,866,178,152,163,227,146,886,154,135,215,202,180
E01002330,Havering 011E,E02000474,Havering 011,E09000016,Havering,1992,472,317,422,477,304,992,252,167,200,240,133,1000,220,150,222,237,171
E01002331,Havering 005E,E02000468,Havering 005,E09000016,Havering,1565,296,237,290,419,323,760,140,129,123,209,159,805,156,108,167,210,164
E01002332,Havering 009C,E02000472,Havering 009,E09000016,Havering,1689,345,206,371,396,371,778,174,99,161,187,157,911,171,107,210,209,214
E01002333,Havering 008A,E02000471,Havering 008,E09000016,Havering,1348,206,204,202,378,358,638,102,101,95,187,153,710,104,103,107,191,205
E01002334,Havering 008B,E02000471,Havering 008,E09000016,Havering,1695,239,231,229,502,494,829,119,117,121,247,225,866,120,114,108,255,269
E01002335,Havering 009D,E02000472,Havering 009,E09000016,Havering,1606,346,231,323,349,357,772,184,122,158,158,150,834,162,109,165,191,207
E01002336,Havering 008C,E02000471,Havering 008,E09000016,Havering,1636,309,249,280,408,390,798,164,131,149,186,168,838,145,118,131,222,222
E01002337,Havering 012A,E02000475,Havering 012,E09000016,Havering,1315,183,215,166,352,399,631,88,124,76,171,172,684,95,91,90,181,227
E01002338,Havering 009E,E02000472,Havering 009,E09000016,Havering,1368,283,209,275,350,251,669,131,112,143,175,108,699,152,97,132,175,143
E01002339,Havering 008D,E02000471,Havering 008,E09000016,Havering,1615,294,229,231,450,411,785,160,120,99,223,183,830,134,109,132,227,228
E01002340,Havering 009F,E02000472,Havering 009,E09000016,Havering,1426,289,211,280,389,257,709,170,99,135,197,108,717,119,112,145,192,149
E01002341,Havering 008E,E02000471,Havering 008,E09000016,Havering,1304,229,166,208,375,326,622,128,81,120,155,138,682,101,85,88,220,188
E01002342,Havering 030A,E02000493,Havering 030,E09000016,Havering,1704,408,292,341,424,239,874,220,167,159,223,105,830,188,125,182,201,134
E01002343,Havering 029A,E02000492,Havering 029,E09000016,Havering,1733,305,297,280,461,390,865,155,148,150,233,179,868,150,149,130,228,211
E01002344,Havering 029B,E02000492,Havering 029,E09000016,Havering,1818,420,265,340,458,335,877,199,126,163,252,137,941,221,139,177,206,198
E01002345,Havering 030B,E02000493,Havering 030,E09000016,Havering,1911,522,338,497,373,181,901,273,150,225,178,75,1010,249,188,272,195,106
E01002346,Havering 030C,E02000493,Havering 030,E09000016,Havering,1551,366,273,322,392,198,745,176,143,136,204,86,806,190,130,186,188,112
E01002347,Havering 030D,E02000493,Havering 030,E09000016,Havering,1650,377,269,351,386,267,768,181,133,173,165,116,882,196,136,178,221,151
E01002348,Havering 029C,E02000492,Havering 029,E09000016,Havering,1476,222,211,233,401,409,715,111,117,118,196,173,761,111,94,115,205,236
E01002349,Havering 029D,E02000492,Havering 029,E09000016,Havering,1466,226,248,215,439,338,715,127,126,96,204,162,751,99,122,119,235,176
E01002350,Havering 016B,E02000479,Havering 016,E09000016,Havering,1818,346,414,477,369,212,906,170,233,256,171,76,912,176,181,221,198,136
E01002351,Havering 016C,E02000479,Havering 016,E09000016,Havering,1776,414,277,460,429,196,818,191,128,211,198,90,958,223,149,249,231,106
E01002352,Havering 016D,E02000479,Havering 016,E09000016,Havering,2007,422,359,526,451,249,956,213,179,251,219,94,1051,209,180,275,232,155
E01002353,Havering 013B,E02000476,Havering 013,E09000016,Havering,2135,371,414,451,492,407,1063,205,192,215,262,189,1072,166,222,236,230,218
E01002354,Havering 012B,E02000475,Havering 012,E09000016,Havering,1390,263,192,249,367,319,663,126,97,122,181,137,727,137,95,127,186,182
E01002355,Havering 014E,E02000477,Havering 014,E09000016,Havering,1502,312,210,297,423,260,735,149,112,147,200,127,767,163,98,150,223,133
E01002356,Havering 013C,E02000476,Havering 013,E09000016,Havering,2498,583,587,702,427,199,1250,321,281,348,223,77,1248,262,306,354,204,122
E01002358,Havering 016E,E02000479,Havering 016,E09000016,Havering,2256,465,467,654,485,185,1069,236,202,302,238,91,1187,229,265,352,247,94
E01002359,Havering 020A,E02000483,Havering 020,E09000016,Havering,1306,223,206,206,379,292,640,109,106,103,196,126,666,114,100,103,183,166
E01002360,Havering 020B,E02000483,Havering 020,E09000016,Havering,1480,178,208,215,392,487,665,88,116,100,194,167,815,90,92,115,198,320
E01002361,Havering 020C,E02000483,Havering 020,E09000016,Havering,1993,363,359,489,436,346,963,183,177,228,239,136,1030,180,182,261,197,210
E01002362,Havering 022D,E02000485,Havering 022,E09000016,Havering,1557,273,232,319,426,307,761,145,121,155,206,134,796,128,111,164,220,173
E01002363,Havering 020D,E02000483,Havering 020,E09000016,Havering,1543,284,240,285,404,330,726,152,118,136,193,127,817,132,122,149,211,203
E01002364,Havering 023C,E02000486,Havering 023,E09000016,Havering,1466,188,199,248,404,427,673,102,99,120,190,162,793,86,100,128,214,265
E01002365,Havering 023D,E02000486,Havering 023,E09000016,Havering,1411,240,272,269,393,237,726,135,153,130,193,115,685,105,119,139,200,122
E01002366,Havering 023E,E02000486,Havering 023,E09000016,Havering,1448,247,257,279,430,235,726,141,134,139,216,96,722,106,123,140,214,139
E01002367,Havering 020E,E02000483,Havering 020,E09000016,Havering,1671,277,281,354,445,314,823,139,131,196,220,137,848,138,150,158,225,177
E01002368,Havering 028A,E02000491,Havering 028,E09000016,Havering,2028,510,391,441,495,191,1038,282,192,219,256,89,990,228,199,222,239,102
E01002369,Havering 028B,E02000491,Havering 028,E09000016,Havering,2031,436,353,398,480,364,971,206,185,183,235,162,1060,230,168,215,245,202
E01002370,Havering 028C,E02000491,Havering 028,E09000016,Havering,2293,557,406,503,544,283,1162,300,214,246,265,137,1131,257,192,257,279,146
E01002371,Havering 028D,E02000491,Havering 028,E09000016,Havering,1687,354,270,322,406,335,811,193,130,146,195,147,876,161,140,176,211,188
E01002372,Havering 027C,E02000490,Havering 027,E09000016,Havering,1694,327,286,275,457,349,818,173,158,131,219,137,876,154,128,144,238,212
E01002373,Havering 027D,E02000490,Havering 027,E09000016,Havering,1661,384,231,318,419,309,812,195,118,164,185,150,849,189,113,154,234,159
E01002374,Havering 027E,E02000490,Havering 027,E09000016,Havering,1630,352,290,309,425,254,786,176,148,134,220,108,844,176,142,175,205,146
E01002375,Havering 028E,E02000491,Havering 028,E09000016,Havering,1815,441,242,437,410,285,875,222,110,212,212,119,940,219,132,225,198,166
E01002376,Havering 012C,E02000475,Havering 012,E09000016,Havering,1392,237,183,229,431,312,695,122,104,113,211,145,697,115,79,116,220,167
E01002377,Havering 010D,E02000473,Havering 010,E09000016,Havering,1749,363,290,401,404,291,861,164,169,195,204,129,888,199,121,206,200,162
E01002378,Havering 010E,E02000473,Havering 010,E09000016,Havering,1674,351,276,334,463,250,806,177,140,162,217,110,868,174,136,172,246,140
E01002379,Havering 012D,E02000475,Havering 012,E09000016,Havering,1663,300,274,353,408,328,810,147,135,177,227,124,853,153,139,176,181,204
E01002380,Havering 012E,E02000475,Havering 012,E09000016,Havering,2437,459,493,633,481,371,1195,240,258,304,245,148,1242,219,235,329,236,223
E01002381,Havering 012F,E02000475,Havering 012,E09000016,Havering,1693,286,279,343,417,368,784,135,138,162,192,157,909,151,141,181,225,211
E01002382,Havering 014F,E02000477,Havering 014,E09000016,Havering,1954,388,315,526,421,304,960,202,137,280,225,116,994,186,178,246,196,188
E01002383,Havering 010F,E02000473,Havering 010,E09000016,Havering,1698,317,266,360,448,307,860,169,164,174,222,131,838,148,102,186,226,176
E01002384,Havering 019D,E02000482,Havering 019,E09000016,Havering,1603,287,192,293,457,374,799,163,99,149,226,162,804,124,93,144,231,212
E01002385,Havering 024A,E02000487,Havering 024,E09000016,Havering,1640,263,250,263,464,400,818,136,165,142,213,162,822,127,85,121,251,238
E01002386,Havering 022E,E02000485,Havering 022,E09000016,Havering,2105,408,383,466,495,353,1007,195,159,264,251,138,1098,213,224,202,244,215
E01002387,Havering 024B,E02000487,Havering 024,E09000016,Havering,1598,293,208,193,496,408,765,139,107,99,238,182,833,154,101,94,258,226
E01002388,Havering 024C,E02000487,Havering 024,E09000016,Havering,1633,260,226,257,484,406,751,129,103,118,228,173,882,131,123,139,256,233
E01002389,Havering 024D,E02000487,Havering 024,E09000016,Havering,1472,203,189,171,420,489,704,109,84,83,206,222,768,94,105,88,214,267
E01002390,Havering 024E,E02000487,Havering 024,E09000016,Havering,1416,258,184,224,422,328,687,124,102,109,204,148,729,134,82,115,218,180
E01002391,Havering 018E,E02000481,Havering 018,E09000016,Havering,1711,262,236,262,455,496,812,137,141,127,213,194,899,125,95,135,242,302
E01002392,Hillingdon 020A,E02000513,Hillingdon 020,E09000017,Hillingdon,1833,582,310,405,408,128,875,305,152,159,192,67,958,277,158,246,216,61
E01002393,Hillingdon 020B,E02000513,Hillingdon 020,E09000017,Hillingdon,2183,552,395,502,535,199,1059,267,191,250,265,86,1124,285,204,252,270,113
E01002394,Hillingdon 021A,E02000514,Hillingdon 021,E09000017,Hillingdon,1731,429,308,440,363,191,930,230,186,220,207,87,801,199,122,220,156,104
E01002395,Hillingdon 021B,E02000514,Hillingdon 021,E09000017,Hillingdon,1475,309,233,392,378,163,816,164,127,223,199,103,659,145,106,169,179,60
E01002396,Hillingdon 026A,E02000519,Hillingdon 026,E09000017,Hillingdon,1866,425,344,408,425,264,960,220,183,214,221,122,906,205,161,194,204,142
E01002397,Hillingdon 021C,E02000514,Hillingdon 021,E09000017,Hillingdon,2091,558,345,526,486,176,1104,280,184,258,284,98,987,278,161,268,202,78
E01002398,Hillingdon 021D,E02000514,Hillingdon 021,E09000017,Hillingdon,1907,419,344,512,455,177,1079,264,188,293,247,87,828,155,156,219,208,90
E01002399,Hillingdon 021E,E02000514,Hillingdon 021,E09000017,Hillingdon,1647,366,265,391,393,232,848,172,153,195,220,108,799,194,112,196,173,124
E01002400,Hillingdon 024A,E02000517,Hillingdon 024,E09000017,Hillingdon,1840,466,319,421,426,208,937,232,189,219,197,100,903,234,130,202,229,108
E01002401,Hillingdon 024B,E02000517,Hillingdon 024,E09000017,Hillingdon,2283,650,389,588,439,217,1125,335,183,299,216,92,1158,315,206,289,223,125
E01002402,Hillingdon 024C,E02000517,Hillingdon 024,E09000017,Hillingdon,1633,389,293,368,398,185,806,205,145,182,182,92,827,184,148,186,216,93
E01002403,Hillingdon 024D,E02000517,Hillingdon 024,E09000017,Hillingdon,2345,690,396,579,475,205,1112,329,193,282,219,89,1233,361,203,297,256,116
E01002404,Hillingdon 024E,E02000517,Hillingdon 024,E09000017,Hillingdon,2061,571,337,496,467,190,1030,303,189,227,224,87,1031,268,148,269,243,103
E01002405,Hillingdon 027A,E02000520,Hillingdon 027,E09000017,Hillingdon,2071,465,387,473,512,234,1088,273,188,240,271,116,983,192,199,233,241,118
E01002406,Hillingdon 027B,E02000520,Hillingdon 027,E09000017,Hillingdon,2907,757,585,686,626,253,1507,403,295,349,347,113,1400,354,290,337,279,140
E01002407,Hillingdon 030A,E02000523,Hillingdon 030,E09000017,Hillingdon,3745,956,712,1157,661,259,1909,486,325,618,349,131,1836,470,387,539,312,128
E01002408,Hillingdon 019A,E02000512,Hillingdon 019,E09000017,Hillingdon,1638,351,335,377,393,182,868,204,191,198,192,83,770,147,144,179,201,99
E01002409,Hillingdon 019B,E02000512,Hillingdon 019,E09000017,Hillingdon,2047,465,373,442,451,316,1044,254,216,232,217,125,1003,211,157,210,234,191
E01002410,Hillingdon 017A,E02000510,Hillingdon 017,E09000017,Hillingdon,1883,397,339,412,445,290,965,205,184,209,233,134,918,192,155,203,212,156
E01002411,Hillingdon 022A,E02000515,Hillingdon 022,E09000017,Hillingdon,1934,403,528,403,370,230,1019,218,296,213,174,118,915,185,232,190,196,112
E01002412,Hillingdon 017B,E02000510,Hillingdon 017,E09000017,Hillingdon,2553,399,728,548,574,304,1373,214,464,279,271,145,1180,185,264,269,303,159
E01002413,Hillingdon 022B,E02000515,Hillingdon 022,E09000017,Hillingdon,1612,427,315,342,344,184,824,244,165,163,180,72,788,183,150,179,164,112
E01002414,Hillingdon 015A,E02000508,Hillingdon 015,E09000017,Hillingdon,3937,232,2864,373,274,194,2380,140,1799,205,166,70,1557,92,1065,168,108,124
E01002415,Hillingdon 010A,E02000503,Hillingdon 010,E09000017,Hillingdon,1648,379,181,365,483,240,831,208,94,169,243,117,817,171,87,196,240,123
E01002416,Hillingdon 008A,E02000501,Hillingdon 008,E09000017,Hillingdon,1740,372,255,367,463,283,861,177,130,181,236,137,879,195,125,186,227,146
E01002417,Hillingdon 008B,E02000501,Hillingdon 008,E09000017,Hillingdon,1730,319,202,384,430,395,830,171,106,177,218,158,900,148,96,207,212,237
E01002418,Hillingdon 006A,E02000499,Hillingdon 006,E09000017,Hillingdon,1768,359,278,331,517,283,851,187,148,159,223,134,917,172,130,172,294,149
E01002419,Hillingdon 006B,E02000499,Hillingdon 006,E09000017,Hillingdon,1583,335,192,346,438,272,768,177,97,171,207,116,815,158,95,175,231,156
E01002420,Hillingdon 008C,E02000501,Hillingdon 008,E09000017,Hillingdon,1615,340,203,375,431,266,768,176,110,176,186,120,847,164,93,199,245,146
E01002421,Hillingdon 008D,E02000501,Hillingdon 008,E09000017,Hillingdon,1668,326,201,380,413,348,822,159,116,198,200,149,846,167,85,182,213,199
E01002422,Hillingdon 018A,E02000511,Hillingdon 018,E09000017,Hillingdon,1530,330,262,329,395,214,770,162,150,158,204,96,760,168,112,171,191,118
E01002423,Hillingdon 018B,E02000511,Hillingdon 018,E09000017,Hillingdon,1742,371,284,338,512,237,910,219,157,163,269,102,832,152,127,175,243,135
E01002424,Hillingdon 018C,E02000511,Hillingdon 018,E09000017,Hillingdon,1720,407,276,370,435,232,859,212,140,163,226,118,861,195,136,207,209,114
E01002425,Hillingdon 018D,E02000511,Hillingdon 018,E09000017,Hillingdon,1866,468,489,340,402,167,969,264,259,154,209,83,897,204,230,186,193,84
E01002426,Hillingdon 021F,E02000514,Hillingdon 021,E09000017,Hillingdon,1966,563,233,440,492,238,970,290,119,196,265,100,996,273,114,244,227,138
E01002427,Hillingdon 018E,E02000511,Hillingdon 018,E09000017,Hillingdon,1628,312,262,359,410,285,790,156,132,186,200,116,838,156,130,173,210,169
E01002428,Hillingdon 018F,E02000511,Hillingdon 018,E09000017,Hillingdon,1509,306,300,310,387,206,792,178,177,172,177,88,717,128,123,138,210,118
E01002429,Hillingdon 019C,E02000512,Hillingdon 019,E09000017,Hillingdon,1478,350,317,286,365,160,759,196,181,140,172,70,719,154,136,146,193,90
E01002430,Hillingdon 007A,E02000500,Hillingdon 007,E09000017,Hillingdon,1400,238,211,162,472,317,665,108,108,82,221,146,735,130,103,80,251,171
E01002431,Hillingdon 006C,E02000499,Hillingdon 006,E09000017,Hillingdon,1336,263,178,235,374,286,643,135,93,101,181,133,693,128,85,134,193,153
E01002432,Hillingdon 006D,E02000499,Hillingdon 006,E09000017,Hillingdon,1540,274,207,342,409,308,751,147,91,173,209,131,789,127,116,169,200,177
E01002433,Hillingdon 004A,E02000497,Hillingdon 004,E09000017,Hillingdon,2459,502,385,635,580,357,1156,247,182,295,286,146,1303,255,203,340,294,211
E01002434,Hillingdon 007B,E02000500,Hillingdon 007,E09000017,Hillingdon,1309,204,197,169,404,335,625,99,105,78,190,153,684,105,92,91,214,182
E01002435,Hillingdon 007C,E02000500,Hillingdon 007,E09000017,Hillingdon,1502,297,197,238,421,349,735,148,97,117,197,176,767,149,100,121,224,173
E01002436,Hillingdon 004B,E02000497,Hillingdon 004,E09000017,Hillingdon,1744,371,220,353,448,352,845,188,117,162,211,167,899,183,103,191,237,185
E01002437,Hillingdon 006E,E02000499,Hillingdon 006,E09000017,Hillingdon,1377,166,162,150,386,513,684,88,101,62,185,248,693,78,61,88,201,265
E01002438,Hillingdon 003A,E02000496,Hillingdon 003,E09000017,Hillingdon,1426,234,163,239,469,321,697,131,74,112,241,139,729,103,89,127,228,182
E01002439,Hillingdon 003B,E02000496,Hillingdon 003,E09000017,Hillingdon,1626,354,226,327,399,320,786,197,101,152,185,151,840,157,125,175,214,169
E01002440,Hillingdon 003C,E02000496,Hillingdon 003,E09000017,Hillingdon,1510,293,213,293,425,286,733,136,125,149,198,125,777,157,88,144,227,161
E01002441,Hillingdon 003D,E02000496,Hillingdon 003,E09000017,Hillingdon,1584,285,245,300,405,349,766,150,125,145,184,162,818,135,120,155,221,187
E01002442,Hillingdon 003E,E02000496,Hillingdon 003,E09000017,Hillingdon,1550,323,233,311,436,247,766,161,122,156,216,111,784,162,111,155,220,136
E01002443,Hillingdon 032A,E02000525,Hillingdon 032,E09000017,Hillingdon,2047,456,345,598,485,163,1081,225,176,321,285,74,966,231,169,277,200,89
E01002444,Hillingdon 031A,E02000524,Hillingdon 031,E09000017,Hillingdon,2266,360,391,695,573,247,1401,194,260,473,353,121,865,166,131,222,220,126
E01002445,Hillingdon 029A,E02000522,Hillingdon 029,E09000017,Hillingdon,1827,553,322,448,340,164,891,293,163,206,157,72,936,260,159,242,183,92
E01002446,Hillingdon 031B,E02000524,Hillingdon 031,E09000017,Hillingdon,1940,432,332,494,471,211,1029,217,170,267,281,94,911,215,162,227,190,117
E01002447,Hillingdon 031C,E02000524,Hillingdon 031,E09000017,Hillingdon,2351,465,437,717,571,161,1307,256,256,355,338,102,1044,209,181,362,233,59
E01002448,Hillingdon 032B,E02000525,Hillingdon 032,E09000017,Hillingdon,2419,576,372,675,502,294,1240,254,203,351,271,161,1179,322,169,324,231,133
E01002449,Hillingdon 032C,E02000525,Hillingdon 032,E09000017,Hillingdon,2309,497,360,729,556,167,1230,263,177,380,320,90,1079,234,183,349,236,77
E01002450,Hillingdon 014A,E02000507,Hillingdon 014,E09000017,Hillingdon,1536,366,240,368,389,173,753,186,104,180,198,85,783,180,136,188,191,88
E01002451,Hillingdon 014B,E02000507,Hillingdon 014,E09000017,Hillingdon,1496,330,246,309,382,229,734,163,149,135,173,114,762,167,97,174,209,115
E01002452,Hillingdon 014C,E02000507,Hillingdon 014,E09000017,Hillingdon,1519,316,259,347,388,209,781,164,143,176,189,109,738,152,116,171,199,100
E01002453,Hillingdon 014D,E02000507,Hillingdon 014,E09000017,Hillingdon,1802,424,309,379,462,228,892,198,195,176,228,95,910,226,114,203,234,133
E01002454,Hillingdon 014E,E02000507,Hillingdon 014,E09000017,Hillingdon,1905,530,300,417,357,301,896,247,154,189,184,122,1009,283,146,228,173,179
E01002455,Hillingdon 019D,E02000512,Hillingdon 019,E09000017,Hillingdon,1913,453,326,427,443,264,971,245,168,204,219,135,942,208,158,223,224,129
E01002456,Hillingdon 017C,E02000510,Hillingdon 017,E09000017,Hillingdon,1807,419,258,406,405,319,862,205,136,187,200,134,945,214,122,219,205,185
E01002457,Hillingdon 019E,E02000512,Hillingdon 019,E09000017,Hillingdon,1682,412,365,365,375,165,813,195,200,165,175,78,869,217,165,200,200,87
E01002458,Hillingdon 011A,E02000504,Hillingdon 011,E09000017,Hillingdon,1427,270,184,222,411,340,689,135,97,115,190,152,738,135,87,107,221,188
E01002459,Hillingdon 011B,E02000504,Hillingdon 011,E09000017,Hillingdon,1604,292,174,244,469,425,755,142,86,116,228,183,849,150,88,128,241,242
E01002460,Hillingdon 011C,E02000504,Hillingdon 011,E09000017,Hillingdon,1350,256,173,267,333,321,686,135,104,133,164,150,664,121,69,134,169,171
E01002461,Hillingdon 013A,E02000506,Hillingdon 013,E09000017,Hillingdon,1497,253,231,282,422,309,730,142,108,129,200,151,767,111,123,153,222,158
E01002462,Hillingdon 011D,E02000504,Hillingdon 011,E09000017,Hillingdon,1477,362,182,311,374,248,717,183,82,150,179,123,760,179,100,161,195,125
E01002463,Hillingdon 013B,E02000506,Hillingdon 013,E09000017,Hillingdon,1529,234,237,211,484,363,753,109,130,107,237,170,776,125,107,104,247,193
E01002464,Hillingdon 011E,E02000504,Hillingdon 011,E09000017,Hillingdon,1591,334,191,356,485,225,776,172,107,168,233,96,815,162,84,188,252,129
E01002465,Hillingdon 009A,E02000502,Hillingdon 009,E09000017,Hillingdon,1654,382,280,412,379,201,764,183,116,211,177,77,890,199,164,201,202,124
E01002466,Hillingdon 010B,E02000503,Hillingdon 010,E09000017,Hillingdon,1643,340,214,354,458,277,795,171,103,178,210,133,848,169,111,176,248,144
E01002467,Hillingdon 009B,E02000502,Hillingdon 009,E09000017,Hillingdon,1511,326,161,286,365,373,740,157,101,134,192,156,771,169,60,152,173,217
E01002468,Hillingdon 010C,E02000503,Hillingdon 010,E09000017,Hillingdon,1774,385,257,397,497,238,854,193,136,187,224,114,920,192,121,210,273,124
E01002469,Hillingdon 010D,E02000503,Hillingdon 010,E09000017,Hillingdon,1669,314,241,306,509,299,823,157,122,155,247,142,846,157,119,151,262,157
E01002470,Hillingdon 007D,E02000500,Hillingdon 007,E09000017,Hillingdon,1870,350,281,436,440,363,952,178,141,219,228,186,918,172,140,217,212,177
E01002471,Hillingdon 008E,E02000501,Hillingdon 008,E09000017,Hillingdon,1617,351,181,360,444,281,775,186,89,176,210,114,842,165,92,184,234,167
E01002472,Hillingdon 002A,E02000495,Hillingdon 002,E09000017,Hillingdon,1731,302,265,431,361,372,846,169,127,202,195,153,885,133,138,229,166,219
E01002473,Hillingdon 001A,E02000494,Hillingdon 001,E09000017,Hillingdon,1585,238,193,209,529,416,764,97,97,106,261,203,821,141,96,103,268,213
E01002474,Hillingdon 002B,E02000495,Hillingdon 002,E09000017,Hillingdon,1669,316,202,351,448,352,752,131,96,167,213,145,917,185,106,184,235,207
E01002475,Hillingdon 001B,E02000494,Hillingdon 001,E09000017,Hillingdon,1503,293,142,341,371,356,694,124,63,145,198,164,809,169,79,196,173,192
E01002476,Hillingdon 001C,E02000494,Hillingdon 001,E09000017,Hillingdon,1590,290,158,295,429,418,781,161,76,143,197,204,809,129,82,152,232,214
E01002477,Hillingdon 001D,E02000494,Hillingdon 001,E09000017,Hillingdon,1391,287,132,289,362,321,683,166,62,133,175,147,708,121,70,156,187,174
E01002478,Hillingdon 002C,E02000495,Hillingdon 002,E09000017,Hillingdon,1663,327,204,347,395,390,803,171,92,172,192,176,860,156,112,175,203,214
E01002479,Hillingdon 004C,E02000497,Hillingdon 004,E09000017,Hillingdon,1688,348,240,335,464,301,798,180,125,168,227,98,890,168,115,167,237,203
E01002480,Hillingdon 004D,E02000497,Hillingdon 004,E09000017,Hillingdon,1727,340,177,369,483,358,844,183,86,176,240,159,883,157,91,193,243,199
E01002481,Hillingdon 004E,E02000497,Hillingdon 004,E09000017,Hillingdon,1607,303,224,308,483,289,792,149,119,149,234,141,815,154,105,159,249,148
E01002482,Hillingdon 001E,E02000494,Hillingdon 001,E09000017,Hillingdon,1611,285,196,281,491,358,745,124,96,142,220,163,866,161,100,139,271,195
E01002483,Hillingdon 002D,E02000495,Hillingdon 002,E09000017,Hillingdon,2013,433,310,469,474,327,961,220,135,245,224,137,1052,213,175,224,250,190
E01002484,Hillingdon 002E,E02000495,Hillingdon 002,E09000017,Hillingdon,1363,265,169,330,366,233,669,141,85,167,175,101,694,124,84,163,191,132
E01002485,Hillingdon 002F,E02000495,Hillingdon 002,E09000017,Hillingdon,1987,445,313,518,414,297,982,219,144,275,198,146,1005,226,169,243,216,151
E01002486,Hillingdon 028A,E02000521,Hillingdon 028,E09000017,Hillingdon,2331,595,443,576,508,209,1193,307,238,268,280,100,1138,288,205,308,228,109
E01002487,Hillingdon 028B,E02000521,Hillingdon 028,E09000017,Hillingdon,2011,478,339,488,497,209,1055,265,182,248,274,86,956,213,157,240,223,123
E01002488,Hillingdon 030B,E02000523,Hillingdon 030,E09000017,Hillingdon,1828,435,326,429,442,196,988,243,177,231,242,95,840,192,149,198,200,101
E01002489,Hillingdon 030C,E02000523,Hillingdon 030,E09000017,Hillingdon,2156,485,374,572,502,223,1160,270,207,317,272,94,996,215,167,255,230,129
E01002490,Hillingdon 030D,E02000523,Hillingdon 030,E09000017,Hillingdon,2315,519,435,621,518,222,1234,251,230,363,281,109,1081,268,205,258,237,113
E01002491,Hillingdon 032D,E02000525,Hillingdon 032,E09000017,Hillingdon,1793,497,288,422,399,187,901,265,158,214,181,83,892,232,130,208,218,104
E01002492,Hillingdon 030E,E02000523,Hillingdon 030,E09000017,Hillingdon,1855,419,315,451,466,204,979,235,171,235,232,106,876,184,144,216,234,98
E01002493,Hillingdon 032E,E02000525,Hillingdon 032,E09000017,Hillingdon,1973,606,280,480,444,163,919,279,134,222,201,83,1054,327,146,258,243,80
E01002494,Hillingdon 009C,E02000502,Hillingdon 009,E09000017,Hillingdon,1732,402,265,436,424,205,849,195,129,222,202,101,883,207,136,214,222,104
E01002495,Hillingdon 010E,E02000503,Hillingdon 010,E09000017,Hillingdon,2325,429,576,691,424,205,1277,215,372,392,214,84,1048,214,204,299,210,121
E01002496,Hillingdon 033A,E02006796,Hillingdon 033,E09000017,Hillingdon,1877,406,291,503,438,239,951,225,142,248,225,111,926,181,149,255,213,128
E01002497,Hillingdon 033B,E02006796,Hillingdon 033,E09000017,Hillingdon,2424,587,398,703,431,305,1157,296,191,305,223,142,1267,291,207,398,208,163
E01002498,Hillingdon 033C,E02006796,Hillingdon 033,E09000017,Hillingdon,1327,269,190,244,371,253,655,144,101,124,169,117,672,125,89,120,202,136
E01002499,Hillingdon 033D,E02006796,Hillingdon 033,E09000017,Hillingdon,1841,373,289,480,426,273,948,194,165,252,227,110,893,179,124,228,199,163
E01002501,Hillingdon 026B,E02000519,Hillingdon 026,E09000017,Hillingdon,1725,356,323,401,418,227,896,193,187,211,199,106,829,163,136,190,219,121
E01002502,Hillingdon 026C,E02000519,Hillingdon 026,E09000017,Hillingdon,1747,425,350,376,391,205,902,228,188,184,200,102,845,197,162,192,191,103
E01002503,Hillingdon 027C,E02000520,Hillingdon 027,E09000017,Hillingdon,1887,436,373,475,418,185,956,222,203,221,212,98,931,214,170,254,206,87
E01002504,Hillingdon 027D,E02000520,Hillingdon 027,E09000017,Hillingdon,2888,799,399,781,614,295,1413,417,191,368,317,120,1475,382,208,413,297,175
E01002505,Hillingdon 026D,E02000519,Hillingdon 026,E09000017,Hillingdon,1793,467,276,435,453,162,869,247,143,186,234,59,924,220,133,249,219,103
E01002506,Hillingdon 027E,E02000520,Hillingdon 027,E09000017,Hillingdon,2321,607,353,631,539,191,1227,337,177,326,298,89,1094,270,176,305,241,102
E01002507,Hillingdon 027F,E02000520,Hillingdon 027,E09000017,Hillingdon,2040,498,356,555,444,187,1053,261,198,301,212,81,987,237,158,254,232,106
E01002508,Hillingdon 026E,E02000519,Hillingdon 026,E09000017,Hillingdon,2174,501,422,454,502,295,1173,289,257,244,236,147,1001,212,165,210,266,148
E01002509,Hillingdon 017D,E02000510,Hillingdon 017,E09000017,Hillingdon,1425,283,237,264,364,277,695,148,101,131,179,136,730,135,136,133,185,141
E01002511,Hillingdon 017E,E02000510,Hillingdon 017,E09000017,Hillingdon,1555,358,243,333,378,243,737,174,115,166,180,102,818,184,128,167,198,141
E01002512,Hillingdon 013C,E02000506,Hillingdon 013,E09000017,Hillingdon,1918,355,278,356,539,390,926,168,137,173,276,172,992,187,141,183,263,218
E01002513,Hillingdon 013D,E02000506,Hillingdon 013,E09000017,Hillingdon,1363,219,178,208,412,346,669,116,86,104,210,153,694,103,92,104,202,193
E01002514,Hillingdon 015C,E02000508,Hillingdon 015,E09000017,Hillingdon,2208,437,443,538,518,272,1155,265,213,283,280,114,1053,172,230,255,238,158
E01002515,Hillingdon 015D,E02000508,Hillingdon 015,E09000017,Hillingdon,2310,547,424,623,475,241,1121,277,185,299,232,128,1189,270,239,324,243,113
E01002516,Hillingdon 013E,E02000506,Hillingdon 013,E09000017,Hillingdon,1515,279,212,277,436,311,786,164,122,141,221,138,729,115,90,136,215,173
E01002518,Hillingdon 022C,E02000515,Hillingdon 022,E09000017,Hillingdon,1457,252,365,263,366,211,725,133,194,136,165,97,732,119,171,127,201,114
E01002519,Hillingdon 022D,E02000515,Hillingdon 022,E09000017,Hillingdon,1538,230,274,382,373,279,815,123,150,211,199,132,723,107,124,171,174,147
E01002520,Hillingdon 016B,E02000509,Hillingdon 016,E09000017,Hillingdon,1805,436,380,472,380,137,906,229,181,241,184,71,899,207,199,231,196,66
E01002521,Hillingdon 016C,E02000509,Hillingdon 016,E09000017,Hillingdon,2083,415,415,634,359,260,1051,196,172,359,184,140,1032,219,243,275,175,120
E01002523,Hillingdon 016D,E02000509,Hillingdon 016,E09000017,Hillingdon,1776,324,565,403,343,141,862,171,239,224,164,64,914,153,326,179,179,77
E01002525,Hillingdon 029B,E02000522,Hillingdon 029,E09000017,Hillingdon,1788,389,257,440,416,286,921,216,120,219,231,135,867,173,137,221,185,151
E01002526,Hillingdon 028C,E02000521,Hillingdon 028,E09000017,Hillingdon,2828,748,478,845,525,232,1404,377,249,437,227,114,1424,371,229,408,298,118
E01002527,Hillingdon 031D,E02000524,Hillingdon 031,E09000017,Hillingdon,1764,403,300,397,349,315,847,224,138,207,173,105,917,179,162,190,176,210
E01002528,Hillingdon 028D,E02000521,Hillingdon 028,E09000017,Hillingdon,1801,454,305,406,431,205,880,221,151,195,207,106,921,233,154,211,224,99
E01002529,Hillingdon 029C,E02000522,Hillingdon 029,E09000017,Hillingdon,2621,725,464,780,446,206,1313,356,232,405,225,95,1308,369,232,375,221,111
E01002530,Hillingdon 029D,E02000522,Hillingdon 029,E09000017,Hillingdon,1819,489,342,413,409,166,864,260,145,192,183,84,955,229,197,221,226,82
E01002531,Hillingdon 029E,E02000522,Hillingdon 029,E09000017,Hillingdon,1701,270,272,399,455,305,884,140,142,215,236,151,817,130,130,184,219,154
E01002532,Hillingdon 028E,E02000521,Hillingdon 028,E09000017,Hillingdon,4515,1351,813,1460,701,190,2209,693,376,727,324,89,2306,658,437,733,377,101
E01002533,Hillingdon 005A,E02000498,Hillingdon 005,E09000017,Hillingdon,1436,272,247,328,381,208,705,159,127,160,160,99,731,113,120,168,221,109
E01002534,Hillingdon 005B,E02000498,Hillingdon 005,E09000017,Hillingdon,1448,303,181,258,379,327,728,152,105,123,189,159,720,151,76,135,190,168
E01002535,Hillingdon 007E,E02000500,Hillingdon 007,E09000017,Hillingdon,2156,325,354,538,522,417,1106,170,178,291,277,190,1050,155,176,247,245,227
E01002536,Hillingdon 009D,E02000502,Hillingdon 009,E09000017,Hillingdon,1564,352,258,440,318,196,773,180,125,220,169,79,791,172,133,220,149,117
E01002537,Hillingdon 009E,E02000502,Hillingdon 009,E09000017,Hillingdon,2315,546,287,632,431,419,1119,272,136,301,222,188,1196,274,151,331,209,231
E01002538,Hillingdon 005C,E02000498,Hillingdon 005,E09000017,Hillingdon,1594,285,180,323,423,383,745,131,90,150,193,181,849,154,90,173,230,202
E01002539,Hillingdon 005D,E02000498,Hillingdon 005,E09000017,Hillingdon,1673,307,196,268,483,419,826,168,111,128,227,192,847,139,85,140,256,227
E01002540,Hillingdon 020C,E02000513,Hillingdon 020,E09000017,Hillingdon,1894,530,306,508,375,175,901,248,147,255,190,61,993,282,159,253,185,114
E01002541,Hillingdon 023A,E02000516,Hillingdon 023,E09000017,Hillingdon,2067,429,329,543,550,216,1044,215,177,277,270,105,1023,214,152,266,280,111
E01002542,Hillingdon 020D,E02000513,Hillingdon 020,E09000017,Hillingdon,2222,685,381,588,396,172,1127,319,210,297,228,73,1095,366,171,291,168,99
E01002543,Hillingdon 020E,E02000513,Hillingdon 020,E09000017,Hillingdon,1965,579,321,441,455,169,936,286,155,193,216,86,1029,293,166,248,239,83
E01002544,Hillingdon 023B,E02000516,Hillingdon 023,E09000017,Hillingdon,1896,445,298,515,448,190,987,228,156,262,251,90,909,217,142,253,197,100
E01002545,Hillingdon 023C,E02000516,Hillingdon 023,E09000017,Hillingdon,1561,467,243,380,352,119,746,242,117,174,146,67,815,225,126,206,206,52
E01002546,Hillingdon 023D,E02000516,Hillingdon 023,E09000017,Hillingdon,1769,435,254,450,461,169,923,216,149,216,261,81,846,219,105,234,200,88
E01002547,Hillingdon 023E,E02000516,Hillingdon 023,E09000017,Hillingdon,1746,466,294,383,439,164,861,223,142,193,216,87,885,243,152,190,223,77
E01002548,Hillingdon 025A,E02000518,Hillingdon 025,E09000017,Hillingdon,1643,405,259,378,367,234,795,185,121,190,190,109,848,220,138,188,177,125
E01002549,Hillingdon 025B,E02000518,Hillingdon 025,E09000017,Hillingdon,1797,372,326,432,425,242,898,190,173,205,213,117,899,182,153,227,212,125
E01002550,Hillingdon 022E,E02000515,Hillingdon 022,E09000017,Hillingdon,1932,485,390,520,420,117,992,255,214,246,213,64,940,230,176,274,207,53
E01002551,Hillingdon 025C,E02000518,Hillingdon 025,E09000017,Hillingdon,1990,419,389,442,517,223,984,215,228,222,245,74,1006,204,161,220,272,149
E01002552,Hillingdon 025D,E02000518,Hillingdon 025,E09000017,Hillingdon,1689,397,315,377,418,182,848,210,146,191,200,101,841,187,169,186,218,81
E01002553,Hillingdon 025E,E02000518,Hillingdon 025,E09000017,Hillingdon,1662,345,351,377,390,199,785,171,162,178,188,86,877,174,189,199,202,113
E01002554,Hillingdon 022F,E02000515,Hillingdon 022,E09000017,Hillingdon,3736,919,766,1153,700,198,1863,450,346,591,369,107,1873,469,420,562,331,91
E01002555,Hounslow 022A,E02000547,Hounslow 022,E09000018,Hounslow,2025,412,313,486,497,317,1042,210,161,286,239,146,983,202,152,200,258,171
E01002556,Hounslow 022B,E02000547,Hounslow 022,E09000018,Hounslow,1667,381,269,368,427,222,855,212,133,185,219,106,812,169,136,183,208,116
E01002557,Hounslow 023A,E02000548,Hounslow 023,E09000018,Hounslow,1884,437,345,417,440,245,939,208,179,212,231,109,945,229,166,205,209,136
E01002558,Hounslow 023B,E02000548,Hounslow 023,E09000018,Hounslow,2296,598,420,545,476,257,1121,285,219,286,219,112,1175,313,201,259,257,145
E01002559,Hounslow 023C,E02000548,Hounslow 023,E09000018,Hounslow,2559,650,450,651,564,244,1276,330,217,319,291,119,1283,320,233,332,273,125
E01002560,Hounslow 023D,E02000548,Hounslow 023,E09000018,Hounslow,1745,373,321,317,427,307,845,182,181,159,207,116,900,191,140,158,220,191
E01002561,Hounslow 023E,E02000548,Hounslow 023,E09000018,Hounslow,1421,385,273,307,354,102,692,183,141,145,165,58,729,202,132,162,189,44
E01002562,Hounslow 003A,E02000528,Hounslow 003,E09000018,Hounslow,1409,295,266,296,362,190,725,146,158,144,180,97,684,149,108,152,182,93
E01002563,Hounslow 006A,E02000531,Hounslow 006,E09000018,Hounslow,1606,298,309,364,375,260,799,151,150,190,192,116,807,147,159,174,183,144
E01002564,Hounslow 003B,E02000528,Hounslow 003,E09000018,Hounslow,1786,398,283,429,450,226,863,204,138,199,227,95,923,194,145,230,223,131
E01002565,Hounslow 006B,E02000531,Hounslow 006,E09000018,Hounslow,2999,447,991,728,540,293,1544,207,485,406,296,150,1455,240,506,322,244,143
E01002566,Hounslow 003C,E02000528,Hounslow 003,E09000018,Hounslow,3109,714,504,849,753,289,1506,344,251,399,367,145,1603,370,253,450,386,144
E01002567,Hounslow 006C,E02000531,Hounslow 006,E09000018,Hounslow,1727,333,244,474,447,229,882,167,127,247,237,104,845,166,117,227,210,125
E01002568,Hounslow 003D,E02000528,Hounslow 003,E09000018,Hounslow,3431,732,679,1029,659,332,1661,367,344,504,301,145,1770,365,335,525,358,187
E01002569,Hounslow 001A,E02000526,Hounslow 001,E09000018,Hounslow,2014,393,307,509,476,329,966,198,149,254,237,128,1048,195,158,255,239,201
E01002570,Hounslow 001B,E02000526,Hounslow 001,E09000018,Hounslow,1657,246,297,439,473,202,822,122,141,221,247,91,835,124,156,218,226,111
E01002571,Hounslow 007A,E02000532,Hounslow 007,E09000018,Hounslow,1325,232,171,254,429,239,692,108,97,122,239,126,633,124,74,132,190,113
E01002572,Hounslow 007B,E02000532,Hounslow 007,E09000018,Hounslow,1573,370,297,324,381,201,765,196,143,147,196,83,808,174,154,177,185,118
E01002573,Hounslow 001C,E02000526,Hounslow 001,E09000018,Hounslow,1538,291,231,266,501,249,773,156,123,127,248,119,765,135,108,139,253,130
E01002574,Hounslow 001D,E02000526,Hounslow 001,E09000018,Hounslow,1548,293,261,335,450,209,759,147,110,163,231,108,789,146,151,172,219,101
E01002575,Hounslow 001E,E02000526,Hounslow 001,E09000018,Hounslow,1727,344,289,399,460,235,840,159,152,208,229,92,887,185,137,191,231,143
E01002576,Hounslow 008A,E02000533,Hounslow 008,E09000018,Hounslow,1658,322,321,325,463,227,848,165,191,152,223,117,810,157,130,173,240,110
E01002577,Hounslow 007C,E02000532,Hounslow 007,E09000018,Hounslow,1557,279,292,342,430,214,800,133,170,182,209,106,757,146,122,160,221,108
E01002578,Hounslow 007D,E02000532,Hounslow 007,E09000018,Hounslow,1427,289,214,244,398,282,685,112,106,131,202,134,742,177,108,113,196,148
E01002579,Hounslow 008B,E02000533,Hounslow 008,E09000018,Hounslow,1728,321,192,309,490,416,846,160,93,152,235,206,882,161,99,157,255,210
E01002580,Hounslow 008C,E02000533,Hounslow 008,E09000018,Hounslow,1460,267,236,423,340,194,775,145,118,220,194,98,685,122,118,203,146,96
E01002581,Hounslow 008D,E02000533,Hounslow 008,E09000018,Hounslow,1879,309,331,558,474,207,972,156,169,293,259,95,907,153,162,265,215,112
E01002582,Hounslow 008E,E02000533,Hounslow 008,E09000018,Hounslow,1671,398,278,367,427,201,809,203,134,179,206,87,862,195,144,188,221,114
E01002583,Hounslow 013A,E02000538,Hounslow 013,E09000018,Hounslow,1703,294,340,401,431,237,872,137,173,209,234,119,831,157,167,192,197,118
E01002584,Hounslow 013B,E02000538,Hounslow 013,E09000018,Hounslow,2073,466,374,544,479,210,1099,236,226,286,248,103,974,230,148,258,231,107
E01002585,Hounslow 013C,E02000538,Hounslow 013,E09000018,Hounslow,1814,374,387,406,449,198,958,207,199,223,221,108,856,167,188,183,228,90
E01002586,Hounslow 013D,E02000538,Hounslow 013,E09000018,Hounslow,1878,340,343,492,434,269,994,152,176,290,255,121,884,188,167,202,179,148
E01002587,Hounslow 016A,E02000541,Hounslow 016,E09000018,Hounslow,2167,499,374,587,417,290,1112,239,190,317,236,130,1055,260,184,270,181,160
E01002588,Hounslow 016B,E02000541,Hounslow 016,E09000018,Hounslow,1866,511,317,405,471,162,917,281,145,180,231,80,949,230,172,225,240,82
E01002589,Hounslow 013E,E02000538,Hounslow 013,E09000018,Hounslow,2367,665,403,597,499,203,1180,342,215,295,246,82,1187,323,188,302,253,121
E01002590,Hounslow 022C,E02000547,Hounslow 022,E09000018,Hounslow,2045,474,326,469,515,261,1060,273,175,241,255,116,985,201,151,228,260,145
E01002591,Hounslow 024A,E02000549,Hounslow 024,E09000018,Hounslow,1786,382,327,382,479,216,879,174,174,202,246,83,907,208,153,180,233,133
E01002592,Hounslow 022D,E02000547,Hounslow 022,E09000018,Hounslow,2171,488,365,518,496,304,1080,260,191,249,254,126,1091,228,174,269,242,178
E01002593,Hounslow 024B,E02000549,Hounslow 024,E09000018,Hounslow,2179,400,360,500,548,371,1117,198,182,285,282,170,1062,202,178,215,266,201
E01002594,Hounslow 024C,E02000549,Hounslow 024,E09000018,Hounslow,2070,487,358,456,482,287,1044,238,190,232,259,125,1026,249,168,224,223,162
E01002595,Hounslow 022E,E02000547,Hounslow 022,E09000018,Hounslow,2047,415,405,414,571,242,1049,215,219,204,295,116,998,200,186,210,276,126
E01002596,Hounslow 027A,E02000552,Hounslow 027,E09000018,Hounslow,1867,467,391,517,395,97,960,251,206,249,205,49,907,216,185,268,190,48
E01002598,Hounslow 025B,E02000550,Hounslow 025,E09000018,Hounslow,2123,502,399,492,521,209,1091,251,229,246,250,115,1032,251,170,246,271,94
E01002599,Hounslow 025C,E02000550,Hounslow 025,E09000018,Hounslow,1596,391,260,348,420,177,800,201,129,165,214,91,796,190,131,183,206,86
E01002600,Hounslow 025D,E02000550,Hounslow 025,E09000018,Hounslow,1518,355,274,319,384,186,793,193,151,180,180,89,725,162,123,139,204,97
E01002601,Hounslow 027B,E02000552,Hounslow 027,E09000018,Hounslow,2106,476,697,452,363,118,1238,231,537,219,190,61,868,245,160,233,173,57
E01002602,Hounslow 027C,E02000552,Hounslow 027,E09000018,Hounslow,1434,300,225,336,399,174,730,139,115,184,218,74,704,161,110,152,181,100
E01002603,Hounslow 025E,E02000550,Hounslow 025,E09000018,Hounslow,1928,493,346,452,470,167,930,231,196,216,213,74,998,262,150,236,257,93
E01002604,Hounslow 026A,E02000551,Hounslow 026,E09000018,Hounslow,1610,455,359,314,359,123,821,230,203,145,175,68,789,225,156,169,184,55
E01002605,Hounslow 026B,E02000551,Hounslow 026,E09000018,Hounslow,2060,531,341,493,428,267,1021,270,170,240,219,122,1039,261,171,253,209,145
E01002606,Hounslow 026C,E02000551,Hounslow 026,E09000018,Hounslow,1713,396,280,361,451,225,885,203,153,201,215,113,828,193,127,160,236,112
E01002607,Hounslow 026D,E02000551,Hounslow 026,E09000018,Hounslow,2097,518,360,550,464,205,1044,274,172,261,237,100,1053,244,188,289,227,105
E01002608,Hounslow 028A,E02000553,Hounslow 028,E09000018,Hounslow,1923,497,313,438,444,231,935,242,167,214,215,97,988,255,146,224,229,134
E01002609,Hounslow 028B,E02000553,Hounslow 028,E09000018,Hounslow,1844,380,299,428,458,279,951,204,159,229,225,134,893,176,140,199,233,145
E01002610,Hounslow 028C,E02000553,Hounslow 028,E09000018,Hounslow,1739,449,301,380,388,221,844,234,134,181,205,90,895,215,167,199,183,131
E01002611,Hounslow 024D,E02000549,Hounslow 024,E09000018,Hounslow,1798,418,308,395,441,236,922,223,167,211,220,101,876,195,141,184,221,135
E01002612,Hounslow 024E,E02000549,Hounslow 024,E09000018,Hounslow,1869,415,302,439,456,257,939,240,137,213,244,105,930,175,165,226,212,152
E01002613,Hounslow 024F,E02000549,Hounslow 024,E09000018,Hounslow,1784,398,321,367,471,227,919,185,196,187,244,107,865,213,125,180,227,120
E01002614,Hounslow 027D,E02000552,Hounslow 027,E09000018,Hounslow,2046,485,312,586,436,227,1052,232,158,312,248,102,994,253,154,274,188,125
E01002615,Hounslow 026E,E02000551,Hounslow 026,E09000018,Hounslow,1623,396,300,368,372,187,833,201,181,178,176,97,790,195,119,190,196,90
E01002616,Hounslow 027E,E02000552,Hounslow 027,E09000018,Hounslow,1589,381,235,377,383,213,821,212,116,185,204,104,768,169,119,192,179,109
E01002617,Hounslow 028D,E02000553,Hounslow 028,E09000018,Hounslow,1603,345,242,366,388,262,791,175,117,188,185,126,812,170,125,178,203,136
E01002618,Hounslow 011A,E02000536,Hounslow 011,E09000018,Hounslow,1697,315,300,374,471,237,866,165,170,199,213,119,831,150,130,175,258,118
E01002619,Hounslow 010A,E02000535,Hounslow 010,E09000018,Hounslow,1858,345,315,439,460,299,978,166,201,252,218,141,880,179,114,187,242,158
E01002620,Hounslow 004A,E02000529,Hounslow 004,E09000018,Hounslow,2468,728,370,641,473,256,1227,372,158,324,252,121,1241,356,212,317,221,135
E01002621,Hounslow 011B,E02000536,Hounslow 011,E09000018,Hounslow,1773,393,306,449,416,209,881,207,168,226,194,86,892,186,138,223,222,123
E01002622,Hounslow 010B,E02000535,Hounslow 010,E09000018,Hounslow,1793,345,301,481,448,218,967,182,156,281,235,113,826,163,145,200,213,105
E01002623,Hounslow 011C,E02000536,Hounslow 011,E09000018,Hounslow,1725,365,284,446,397,233,895,201,150,247,200,97,830,164,134,199,197,136
E01002624,Hounslow 017A,E02000542,Hounslow 017,E09000018,Hounslow,1687,354,268,495,376,194,890,183,130,275,202,100,797,171,138,220,174,94
E01002625,Hounslow 004B,E02000529,Hounslow 004,E09000018,Hounslow,1670,344,288,353,428,257,854,180,157,174,220,123,816,164,131,179,208,134
E01002626,Hounslow 004C,E02000529,Hounslow 004,E09000018,Hounslow,1566,308,281,366,370,241,813,165,138,191,199,120,753,143,143,175,171,121
E01002627,Hounslow 004D,E02000529,Hounslow 004,E09000018,Hounslow,1763,476,304,421,390,172,898,240,170,234,178,76,865,236,134,187,212,96
E01002628,Hounslow 011D,E02000536,Hounslow 011,E09000018,Hounslow,1978,396,393,478,440,271,1018,212,179,273,217,137,960,184,214,205,223,134
E01002629,Hounslow 011E,E02000536,Hounslow 011,E09000018,Hounslow,2190,472,396,546,496,280,1164,253,217,299,261,134,1026,219,179,247,235,146
E01002630,Hounslow 012A,E02000537,Hounslow 012,E09000018,Hounslow,1920,378,289,587,442,224,992,186,154,322,237,93,928,192,135,265,205,131
E01002631,Hounslow 004E,E02000529,Hounslow 004,E09000018,Hounslow,1521,339,249,343,384,206,828,198,139,187,204,100,693,141,110,156,180,106
E01002632,Hounslow 010C,E02000535,Hounslow 010,E09000018,Hounslow,1771,364,284,356,483,284,941,208,148,183,267,135,830,156,136,173,216,149
E01002633,Hounslow 005A,E02000530,Hounslow 005,E09000018,Hounslow,1902,537,332,431,405,197,922,251,179,211,192,89,980,286,153,220,213,108
E01002634,Hounslow 005B,E02000530,Hounslow 005,E09000018,Hounslow,1757,524,322,344,409,158,867,285,174,137,190,81,890,239,148,207,219,77
E01002635,Hounslow 010D,E02000535,Hounslow 010,E09000018,Hounslow,1785,358,309,469,406,243,913,170,168,258,200,117,872,188,141,211,206,126
E01002636,Hounslow 010E,E02000535,Hounslow 010,E09000018,Hounslow,2042,393,360,468,526,295,1044,218,195,243,255,133,998,175,165,225,271,162
E01002637,Hounslow 005C,E02000530,Hounslow 005,E09000018,Hounslow,1700,452,268,372,416,192,899,221,143,207,230,98,801,231,125,165,186,94
E01002638,Hounslow 005D,E02000530,Hounslow 005,E09000018,Hounslow,2022,558,355,427,454,228,963,259,177,214,209,104,1059,299,178,213,245,124
E01002639,Hounslow 012B,E02000537,Hounslow 012,E09000018,Hounslow,1780,325,299,488,411,257,938,165,152,306,212,103,842,160,147,182,199,154
E01002640,Hounslow 012C,E02000537,Hounslow 012,E09000018,Hounslow,1945,367,333,644,402,199,1073,181,186,413,213,80,872,186,147,231,189,119
E01002641,Hounslow 018A,E02000543,Hounslow 018,E09000018,Hounslow,2368,474,328,770,514,282,1232,244,154,456,253,125,1136,230,174,314,261,157
E01002642,Hounslow 015A,E02000540,Hounslow 015,E09000018,Hounslow,3045,808,456,968,553,260,1623,427,213,566,308,109,1422,381,243,402,245,151
E01002643,Hounslow 015B,E02000540,Hounslow 015,E09000018,Hounslow,2647,573,374,689,599,412,1339,299,184,379,302,175,1308,274,190,310,297,237
E01002645,Hounslow 015C,E02000540,Hounslow 015,E09000018,Hounslow,2342,442,393,700,550,257,1290,236,190,432,290,142,1052,206,203,268,260,115
E01002646,Hounslow 017B,E02000542,Hounslow 017,E09000018,Hounslow,2334,703,352,608,449,222,1191,346,186,312,242,105,1143,357,166,296,207,117
E01002647,Hounslow 021A,E02000546,Hounslow 021,E09000018,Hounslow,2241,611,326,544,564,196,1153,348,161,267,274,103,1088,263,165,277,290,93
E01002648,Hounslow 018C,E02000543,Hounslow 018,E09000018,Hounslow,2996,738,535,877,614,232,1598,414,272,505,302,105,1398,324,263,372,312,127
E01002649,Hounslow 018D,E02000543,Hounslow 018,E09000018,Hounslow,2059,503,322,574,505,155,1092,267,135,312,291,87,967,236,187,262,214,68
E01002650,Hounslow 021B,E02000546,Hounslow 021,E09000018,Hounslow,2446,687,390,645,503,221,1255,378,186,353,231,107,1191,309,204,292,272,114
E01002651,Hounslow 021C,E02000546,Hounslow 021,E09000018,Hounslow,1764,385,300,441,401,237,911,186,145,251,214,115,853,199,155,190,187,122
E01002652,Hounslow 021D,E02000546,Hounslow 021,E09000018,Hounslow,1745,304,305,451,436,249,915,167,160,243,215,130,830,137,145,208,221,119
E01002653,Hounslow 019A,E02000544,Hounslow 019,E09000018,Hounslow,1762,281,355,410,453,263,939,150,217,218,221,133,823,131,138,192,232,130
E01002654,Hounslow 019B,E02000544,Hounslow 019,E09000018,Hounslow,1815,351,312,390,488,274,916,179,163,195,247,132,899,172,149,195,241,142
E01002655,Hounslow 019C,E02000544,Hounslow 019,E09000018,Hounslow,1845,337,304,423,477,304,944,166,160,224,255,139,901,171,144,199,222,165
E01002656,Hounslow 019D,E02000544,Hounslow 019,E09000018,Hounslow,1227,228,197,268,327,207,587,120,100,129,150,88,640,108,97,139,177,119
E01002657,Hounslow 018E,E02000543,Hounslow 018,E09000018,Hounslow,1830,363,279,434,495,259,939,171,145,231,269,123,891,192,134,203,226,136
E01002658,Hounslow 015D,E02000540,Hounslow 015,E09000018,Hounslow,1317,289,197,298,329,204,661,137,108,165,167,84,656,152,89,133,162,120
E01002659,Hounslow 019E,E02000544,Hounslow 019,E09000018,Hounslow,1496,319,230,361,355,231,721,165,122,156,177,101,775,154,108,205,178,130
E01002660,Hounslow 016C,E02000541,Hounslow 016,E09000018,Hounslow,1980,348,345,520,547,220,1054,180,177,300,297,100,926,168,168,220,250,120
E01002661,Hounslow 016D,E02000541,Hounslow 016,E09000018,Hounslow,1969,365,308,572,465,259,1062,190,167,338,241,126,907,175,141,234,224,133
E01002662,Hounslow 017C,E02000542,Hounslow 017,E09000018,Hounslow,2635,419,459,888,586,283,1455,205,220,591,311,128,1180,214,239,297,275,155
E01002663,Hounslow 017D,E02000542,Hounslow 017,E09000018,Hounslow,2316,509,367,688,455,297,1186,275,200,372,221,118,1130,234,167,316,234,179
E01002664,Hounslow 017E,E02000542,Hounslow 017,E09000018,Hounslow,2880,807,392,751,573,357,1472,408,172,395,342,155,1408,399,220,356,231,202
E01002665,Hounslow 016E,E02000541,Hounslow 016,E09000018,Hounslow,1753,404,278,405,445,221,917,221,144,221,231,100,836,183,134,184,214,121
E01002666,Hounslow 021E,E02000546,Hounslow 021,E09000018,Hounslow,1529,262,342,392,335,198,863,129,251,221,179,83,666,133,91,171,156,115
E01002667,Hounslow 020A,E02000545,Hounslow 020,E09000018,Hounslow,1862,376,245,420,496,325,903,191,113,190,261,148,959,185,132,230,235,177
E01002668,Hounslow 014A,E02000539,Hounslow 014,E09000018,Hounslow,2000,475,259,550,450,266,913,247,125,243,211,87,1087,228,134,307,239,179
E01002669,Hounslow 014B,E02000539,Hounslow 014,E09000018,Hounslow,1711,397,274,427,451,162,806,184,144,189,210,79,905,213,130,238,241,83
E01002670,Hounslow 020B,E02000545,Hounslow 020,E09000018,Hounslow,2006,468,310,477,489,262,990,244,171,216,261,98,1016,224,139,261,228,164
E01002671,Hounslow 020C,E02000545,Hounslow 020,E09000018,Hounslow,1616,373,231,361,409,242,741,185,116,151,190,99,875,188,115,210,219,143
E01002672,Hounslow 020D,E02000545,Hounslow 020,E09000018,Hounslow,1634,326,371,405,352,180,823,168,190,193,185,87,811,158,181,212,167,93
E01002673,Hounslow 020E,E02000545,Hounslow 020,E09000018,Hounslow,1628,528,249,363,355,133,780,292,131,155,154,48,848,236,118,208,201,85
E01002674,Hounslow 012D,E02000537,Hounslow 012,E09000018,Hounslow,1911,420,256,563,412,260,968,221,136,277,223,111,943,199,120,286,189,149
E01002675,Hounslow 009A,E02000534,Hounslow 009,E09000018,Hounslow,2521,575,449,656,546,295,1287,294,233,336,290,134,1234,281,216,320,256,161
E01002676,Hounslow 012E,E02000537,Hounslow 012,E09000018,Hounslow,1590,228,245,400,373,344,825,123,128,232,187,155,765,105,117,168,186,189
E01002677,Hounslow 015E,E02000540,Hounslow 015,E09000018,Hounslow,1895,391,282,580,468,174,982,208,124,318,237,95,913,183,158,262,231,79
E01002678,Hounslow 009B,E02000534,Hounslow 009,E09000018,Hounslow,1819,334,281,461,460,283,950,152,151,253,249,145,869,182,130,208,211,138
E01002679,Hounslow 009C,E02000534,Hounslow 009,E09000018,Hounslow,1696,309,280,469,378,260,888,164,154,249,205,116,808,145,126,220,173,144
E01002680,Hounslow 009D,E02000534,Hounslow 009,E09000018,Hounslow,1914,360,368,494,472,220,1033,196,231,271,238,97,881,164,137,223,234,123
E01002681,Hounslow 014C,E02000539,Hounslow 014,E09000018,Hounslow,1993,394,404,505,502,188,960,203,186,253,225,93,1033,191,218,252,277,95
E01002682,Hounslow 014D,E02000539,Hounslow 014,E09000018,Hounslow,2452,572,416,711,495,258,1209,278,232,347,248,104,1243,294,184,364,247,154
E01002683,Hounslow 014E,E02000539,Hounslow 014,E09000018,Hounslow,2842,695,377,842,644,284,1368,318,193,412,336,109,1474,377,184,430,308,175
E01002684,Hounslow 006D,E02000531,Hounslow 006,E09000018,Hounslow,2707,518,453,745,630,361,1330,280,232,369,296,153,1377,238,221,376,334,208
E01002686,Hounslow 006E,E02000531,Hounslow 006,E09000018,Hounslow,1592,372,287,314,434,185,750,182,147,147,191,83,842,190,140,167,243,102
E01002687,Hounslow 029A,E02006792,Hounslow 029,E09000018,Hounslow,1689,278,265,505,440,201,850,112,159,257,234,88,839,166,106,248,206,113
E01002689,Hounslow 007E,E02000532,Hounslow 007,E09000018,Hounslow,1622,311,226,343,457,285,778,165,117,152,213,131,844,146,109,191,244,154
E01002690,Hounslow 007F,E02000532,Hounslow 007,E09000018,Hounslow,1460,264,275,282,428,211,740,153,134,140,211,102,720,111,141,142,217,109
E01002691,Hounslow 029B,E02006792,Hounslow 029,E09000018,Hounslow,1625,206,437,390,372,220,854,90,259,214,187,104,771,116,178,176,185,116
E01002692,Hounslow 029C,E02006792,Hounslow 029,E09000018,Hounslow,2068,353,400,634,467,214,1080,203,199,329,249,100,988,150,201,305,218,114
E01002693,Hounslow 029D,E02006792,Hounslow 029,E09000018,Hounslow,1824,306,244,499,377,398,894,149,109,274,200,162,930,157,135,225,177,236
E01002694,Islington 019A,E02000572,Islington 019,E09000019,Islington,1620,372,404,373,295,176,742,188,176,176,120,82,878,184,228,197,175,94
E01002695,Islington 021A,E02000574,Islington 021,E09000019,Islington,1821,233,510,616,283,179,916,92,241,374,142,67,905,141,269,242,141,112
E01002696,Islington 020A,E02000573,Islington 020,E09000019,Islington,2174,294,479,733,428,240,1111,152,208,425,221,105,1063,142,271,308,207,135
E01002697,Islington 019B,E02000572,Islington 019,E09000019,Islington,2366,375,1028,377,373,213,1102,182,456,187,180,97,1264,193,572,190,193,116
E01002698,Islington 017A,E02000570,Islington 017,E09000019,Islington,2481,395,587,880,460,159,1300,210,303,512,212,63,1181,185,284,368,248,96
E01002699,Islington 017B,E02000570,Islington 017,E09000019,Islington,1738,202,391,535,388,222,923,114,209,309,181,110,815,88,182,226,207,112
E01002700,Islington 017C,E02000570,Islington 017,E09000019,Islington,1636,244,320,398,420,254,872,123,178,229,218,124,764,121,142,169,202,130
E01002701,Islington 023A,E02000576,Islington 023,E09000019,Islington,1833,224,639,440,329,201,943,124,293,271,160,95,890,100,346,169,169,106
E01002702,Islington 023B,E02000576,Islington 023,E09000019,Islington,2536,446,951,659,346,134,1294,211,467,378,178,60,1242,235,484,281,168,74
E01002703,Islington 023C,E02000576,Islington 023,E09000019,Islington,2718,521,841,726,457,173,1433,260,413,421,251,88,1285,261,428,305,206,85
E01002704,Islington 023D,E02000576,Islington 023,E09000019,Islington,2556,390,808,662,475,221,1370,199,432,365,267,107,1186,191,376,297,208,114
E01002706,Islington 023E,E02000576,Islington 023,E09000019,Islington,2516,478,806,588,447,197,1229,231,373,319,235,71,1287,247,433,269,212,126
E01002707,Islington 022B,E02000575,Islington 022,E09000019,Islington,2435,259,911,768,351,146,1298,153,423,459,209,54,1137,106,488,309,142,92
E01002708,Islington 015A,E02000568,Islington 015,E09000019,Islington,2542,344,1000,624,381,193,1256,173,500,305,193,85,1286,171,500,319,188,108
E01002709,Islington 019C,E02000572,Islington 019,E09000019,Islington,1760,233,643,382,289,213,870,114,314,206,151,85,890,119,329,176,138,128
E01002710,Islington 019D,E02000572,Islington 019,E09000019,Islington,1656,328,432,400,339,157,773,131,225,195,159,63,883,197,207,205,180,94
E01002711,Islington 021B,E02000574,Islington 021,E09000019,Islington,2642,278,1082,654,510,118,1375,131,550,371,257,66,1267,147,532,283,253,52
E01002712,Islington 015B,E02000568,Islington 015,E09000019,Islington,2243,264,832,683,339,125,1508,144,582,502,212,68,735,120,250,181,127,57
E01002713,Islington 015C,E02000568,Islington 015,E09000019,Islington,1793,290,442,388,361,312,914,156,241,197,189,131,879,134,201,191,172,181
E01002714,Islington 017D,E02000570,Islington 017,E09000019,Islington,1937,268,523,545,423,178,1029,142,275,298,230,84,908,126,248,247,193,94
E01002715,Islington 019E,E02000572,Islington 019,E09000019,Islington,1817,377,544,402,330,164,887,183,255,192,174,83,930,194,289,210,156,81
E01002716,Islington 014A,E02000567,Islington 014,E09000019,Islington,2534,490,613,697,472,262,1190,260,280,321,210,119,1344,230,333,376,262,143
E01002717,Islington 016A,E02000569,Islington 016,E09000019,Islington,1356,178,317,389,300,172,695,91,150,215,148,91,661,87,167,174,152,81
E01002718,Islington 014B,E02000567,Islington 014,E09000019,Islington,1855,222,447,620,382,184,1005,126,236,362,199,82,850,96,211,258,183,102
E01002719,Islington 016B,E02000569,Islington 016,E09000019,Islington,1689,278,329,511,314,257,820,158,137,268,138,119,869,120,192,243,176,138
E01002720,Islington 016C,E02000569,Islington 016,E09000019,Islington,2341,539,548,572,489,193,1112,286,236,285,218,87,1229,253,312,287,271,106
E01002721,Islington 014C,E02000567,Islington 014,E09000019,Islington,1814,277,360,600,419,158,895,141,163,336,168,87,919,136,197,264,251,71
E01002722,Islington 018A,E02000571,Islington 018,E09000019,Islington,1475,236,316,402,343,178,720,123,150,199,178,70,755,113,166,203,165,108
E01002723,Islington 022C,E02000575,Islington 022,E09000019,Islington,1939,246,807,441,306,139,1013,138,415,235,169,56,926,108,392,206,137,83
E01002724,Islington 022D,E02000575,Islington 022,E09000019,Islington,2660,167,1143,711,496,143,1417,78,522,432,295,90,1243,89,621,279,201,53
E01002725,Islington 022E,E02000575,Islington 022,E09000019,Islington,1765,258,689,381,303,134,953,128,393,210,153,69,812,130,296,171,150,65
E01002726,Islington 022F,E02000575,Islington 022,E09000019,Islington,1709,250,473,471,387,128,910,146,223,263,211,67,799,104,250,208,176,61
E01002727,Islington 021C,E02000574,Islington 021,E09000019,Islington,1689,225,314,569,404,177,886,107,148,325,228,78,803,118,166,244,176,99
E01002728,Islington 021D,E02000574,Islington 021,E09000019,Islington,1896,194,1030,312,284,76,900,79,428,174,177,42,996,115,602,138,107,34
E01002729,Islington 021E,E02000574,Islington 021,E09000019,Islington,1728,209,392,445,460,222,860,101,186,236,240,97,868,108,206,209,220,125
E01002730,Islington 007A,E02000560,Islington 007,E09000019,Islington,2254,282,858,568,367,179,1160,144,406,330,194,86,1094,138,452,238,173,93
E01002731,Islington 007B,E02000560,Islington 007,E09000019,Islington,3608,484,1230,1146,554,194,1878,269,576,662,294,77,1730,215,654,484,260,117
E01002732,Islington 005A,E02000558,Islington 005,E09000019,Islington,1953,312,486,503,470,182,1044,178,252,279,256,79,909,134,234,224,214,103
E01002733,Islington 007C,E02000560,Islington 007,E09000019,Islington,1655,239,497,468,294,157,832,120,232,248,153,79,823,119,265,220,141,78
E01002734,Islington 005B,E02000558,Islington 005,E09000019,Islington,2676,616,996,549,399,116,1260,314,424,272,196,54,1416,302,572,277,203,62
E01002735,Islington 003A,E02000556,Islington 003,E09000019,Islington,2408,284,917,603,447,157,1052,132,319,312,225,64,1356,152,598,291,222,93
E01002736,Islington 005C,E02000558,Islington 005,E09000019,Islington,1647,349,316,309,343,330,806,180,152,150,197,127,841,169,164,159,146,203
E01002737,Islington 005D,E02000558,Islington 005,E09000019,Islington,2007,514,519,461,366,147,976,270,254,230,175,47,1031,244,265,231,191,100
E01002738,Islington 009A,E02000562,Islington 009,E09000019,Islington,2176,359,492,607,475,243,1074,174,229,339,237,95,1102,185,263,268,238,148
E01002739,Islington 013A,E02000566,Islington 013,E09000019,Islington,2057,390,452,517,455,243,969,186,194,276,213,100,1088,204,258,241,242,143
E01002740,Islington 013B,E02000566,Islington 013,E09000019,Islington,2533,467,547,811,518,190,1306,251,238,461,262,94,1227,216,309,350,256,96
E01002741,Islington 009B,E02000562,Islington 009,E09000019,Islington,1702,363,397,434,329,179,839,185,193,228,154,79,863,178,204,206,175,100
E01002742,Islington 006A,E02000559,Islington 006,E09000019,Islington,1732,284,369,534,352,193,863,145,183,281,164,90,869,139,186,253,188,103
E01002743,Islington 009C,E02000562,Islington 009,E09000019,Islington,1871,367,423,527,330,224,946,189,225,263,166,103,925,178,198,264,164,121
E01002744,Islington 009D,E02000562,Islington 009,E09000019,Islington,1575,212,283,540,358,182,820,128,127,301,185,79,755,84,156,239,173,103
E01002745,Islington 013C,E02000566,Islington 013,E09000019,Islington,1566,233,360,425,363,185,766,134,171,201,169,91,800,99,189,224,194,94
E01002747,Islington 006B,E02000559,Islington 006,E09000019,Islington,1917,359,581,458,350,169,997,179,346,245,163,64,920,180,235,213,187,105
E01002748,Islington 006C,E02000559,Islington 006,E09000019,Islington,1644,348,370,461,331,134,808,174,156,254,154,70,836,174,214,207,177,64
E01002749,Islington 006D,E02000559,Islington 006,E09000019,Islington,1673,386,460,401,288,138,783,182,219,194,127,61,890,204,241,207,161,77
E01002751,Islington 005E,E02000558,Islington 005,E09000019,Islington,2096,457,495,528,433,183,1082,230,249,277,249,77,1014,227,246,251,184,106
E01002752,Islington 009E,E02000562,Islington 009,E09000019,Islington,1597,303,329,468,356,141,760,151,143,233,164,69,837,152,186,235,192,72
E01002753,Islington 002A,E02000555,Islington 002,E09000019,Islington,1508,208,415,350,353,182,728,113,196,184,159,76,780,95,219,166,194,106
E01002754,Islington 002B,E02000555,Islington 002,E09000019,Islington,1594,304,396,374,382,138,744,131,177,194,167,75,850,173,219,180,215,63
E01002755,Islington 001A,E02000554,Islington 001,E09000019,Islington,1416,255,288,330,372,171,714,147,148,172,166,81,702,108,140,158,206,90
E01002756,Islington 001B,E02000554,Islington 001,E09000019,Islington,1354,234,247,375,351,147,687,141,116,196,174,60,667,93,131,179,177,87
E01002757,Islington 002C,E02000555,Islington 002,E09000019,Islington,1476,317,341,301,354,163,678,162,153,144,154,65,798,155,188,157,200,98
E01002758,Islington 001C,E02000554,Islington 001,E09000019,Islington,1808,465,398,455,360,130,897,238,190,229,191,49,911,227,208,226,169,81
E01002759,Islington 002D,E02000555,Islington 002,E09000019,Islington,1578,246,364,340,377,251,750,123,183,173,168,103,828,123,181,167,209,148
E01002760,Islington 002E,E02000555,Islington 002,E09000019,Islington,1836,451,414,440,377,154,854,230,184,199,196,45,982,221,230,241,181,109
E01002762,Islington 011C,E02000564,Islington 011,E09000019,Islington,2209,242,767,634,392,174,1148,127,385,357,202,77,1061,115,382,277,190,97
E01002763,Islington 007D,E02000560,Islington 007,E09000019,Islington,1708,194,648,376,304,186,926,91,344,208,177,106,782,103,304,168,127,80
E01002764,Islington 010A,E02000563,Islington 010,E09000019,Islington,1957,338,600,488,337,194,983,197,280,271,158,77,974,141,320,217,179,117
E01002765,Islington 015D,E02000568,Islington 015,E09000019,Islington,3979,509,2001,828,461,180,1766,260,785,443,208,70,2213,249,1216,385,253,110
E01002766,Islington 015E,E02000568,Islington 015,E09000019,Islington,2524,438,857,563,451,215,1230,207,417,306,199,101,1294,231,440,257,252,114
E01002767,Islington 011D,E02000564,Islington 011,E09000019,Islington,2267,357,655,555,476,224,1041,176,280,278,215,92,1226,181,375,277,261,132
E01002768,Islington 004A,E02000557,Islington 004,E09000019,Islington,1731,254,339,471,430,237,851,159,145,256,194,97,880,95,194,215,236,140
E01002769,Islington 008A,E02000561,Islington 008,E09000019,Islington,2381,359,919,480,421,202,1175,189,436,241,199,110,1206,170,483,239,222,92
E01002770,Islington 004B,E02000557,Islington 004,E09000019,Islington,1746,249,463,499,341,194,831,110,215,265,167,74,915,139,248,234,174,120
E01002771,Islington 004C,E02000557,Islington 004,E09000019,Islington,1521,251,385,370,369,146,670,119,147,172,166,66,851,132,238,198,203,80
E01002772,Islington 002F,E02000555,Islington 002,E09000019,Islington,1909,266,597,503,374,169,971,150,285,293,168,75,938,116,312,210,206,94
E01002773,Islington 004D,E02000557,Islington 004,E09000019,Islington,1480,238,319,340,316,267,760,119,179,180,163,119,720,119,140,160,153,148
E01002774,Islington 004E,E02000557,Islington 004,E09000019,Islington,2382,434,580,692,476,200,1168,186,307,363,219,93,1214,248,273,329,257,107
E01002775,Islington 014D,E02000567,Islington 014,E09000019,Islington,1568,216,416,530,318,88,790,98,201,290,162,39,778,118,215,240,156,49
E01002776,Islington 014E,E02000567,Islington 014,E09000019,Islington,2119,386,509,643,407,174,1021,180,250,311,205,75,1098,206,259,332,202,99
E01002777,Islington 012A,E02000565,Islington 012,E09000019,Islington,1785,212,433,597,350,193,874,96,206,322,171,79,911,116,227,275,179,114
E01002778,Islington 012B,E02000565,Islington 012,E09000019,Islington,1933,434,516,492,346,145,900,221,237,236,148,58,1033,213,279,256,198,87
E01002779,Islington 012C,E02000565,Islington 012,E09000019,Islington,2147,331,758,623,324,111,1053,175,341,332,159,46,1094,156,417,291,165,65
E01002780,Islington 014F,E02000567,Islington 014,E09000019,Islington,1726,300,364,547,357,158,834,150,178,280,158,68,892,150,186,267,199,90
E01002781,Islington 012D,E02000565,Islington 012,E09000019,Islington,1506,301,345,384,345,131,736,150,177,191,156,62,770,151,168,193,189,69
E01002782,Islington 012E,E02000565,Islington 012,E09000019,Islington,1692,420,397,389,372,114,797,208,192,193,167,37,895,212,205,196,205,77
E01002783,Islington 010B,E02000563,Islington 010,E09000019,Islington,1745,316,447,413,397,172,926,168,223,222,212,101,819,148,224,191,185,71
E01002784,Islington 010C,E02000563,Islington 010,E09000019,Islington,1856,335,461,473,408,179,982,202,234,243,224,79,874,133,227,230,184,100
E01002785,Islington 008B,E02000561,Islington 008,E09000019,Islington,2049,424,426,505,452,242,1053,222,231,271,221,108,996,202,195,234,231,134
E01002786,Islington 010D,E02000563,Islington 010,E09000019,Islington,1663,273,483,469,304,134,856,140,264,250,137,65,807,133,219,219,167,69
E01002787,Islington 010E,E02000563,Islington 010,E09000019,Islington,1454,239,449,389,260,117,791,120,235,246,136,54,663,119,214,143,124,63
E01002788,Islington 008C,E02000561,Islington 008,E09000019,Islington,2136,299,438,680,491,228,1121,160,227,340,286,108,1015,139,211,340,205,120
E01002789,Islington 008D,E02000561,Islington 008,E09000019,Islington,2077,383,403,507,512,272,1028,206,200,256,230,136,1049,177,203,251,282,136
E01002790,Islington 016D,E02000569,Islington 016,E09000019,Islington,1604,311,326,364,392,211,773,136,161,197,178,101,831,175,165,167,214,110
E01002791,Islington 016E,E02000569,Islington 016,E09000019,Islington,2162,348,454,719,411,230,1079,163,209,394,208,105,1083,185,245,325,203,125
E01002792,Islington 017E,E02000570,Islington 017,E09000019,Islington,2190,336,536,716,407,195,1118,168,251,401,200,98,1072,168,285,315,207,97
E01002793,Islington 016F,E02000569,Islington 016,E09000019,Islington,2163,283,554,710,421,195,1140,167,271,401,199,102,1023,116,283,309,222,93
E01002794,Islington 020B,E02000573,Islington 020,E09000019,Islington,2039,211,576,606,409,237,1075,95,277,375,217,111,964,116,299,231,192,126
E01002795,Islington 013D,E02000566,Islington 013,E09000019,Islington,2173,276,568,746,402,181,1060,151,256,385,183,85,1113,125,312,361,219,96
E01002796,Islington 013E,E02000566,Islington 013,E09000019,Islington,1222,167,310,330,280,135,607,87,141,179,146,54,615,80,169,151,134,81
E01002797,Islington 018B,E02000571,Islington 018,E09000019,Islington,2143,307,607,659,359,211,1079,143,323,366,160,87,1064,164,284,293,199,124
E01002798,Islington 018C,E02000571,Islington 018,E09000019,Islington,2067,300,474,655,439,199,1075,138,230,391,225,91,992,162,244,264,214,108
E01002799,Islington 018D,E02000571,Islington 018,E09000019,Islington,2056,361,491,641,371,192,1013,192,228,339,161,93,1043,169,263,302,210,99
E01002800,Islington 018E,E02000571,Islington 018,E09000019,Islington,1597,299,424,338,387,149,756,163,205,148,165,75,841,136,219,190,222,74
E01002801,Islington 020C,E02000573,Islington 020,E09000019,Islington,1802,225,441,552,385,199,938,109,230,300,186,113,864,116,211,252,199,86
E01002802,Islington 020D,E02000573,Islington 020,E09000019,Islington,1582,238,360,514,338,132,831,112,194,299,159,67,751,126,166,215,179,65
E01002803,Islington 020E,E02000573,Islington 020,E09000019,Islington,3051,421,1034,868,522,206,1633,212,540,488,286,107,1418,209,494,380,236,99
E01002804,Islington 001D,E02000554,Islington 001,E09000019,Islington,1899,381,448,461,399,210,920,203,205,222,187,103,979,178,243,239,212,107
E01002805,Islington 003B,E02000556,Islington 003,E09000019,Islington,1725,181,553,536,325,130,897,91,298,286,163,59,828,90,255,250,162,71
E01002806,Islington 003C,E02000556,Islington 003,E09000019,Islington,1693,272,399,471,372,179,842,157,183,244,175,83,851,115,216,227,197,96
E01002807,Islington 001E,E02000554,Islington 001,E09000019,Islington,1942,298,639,498,361,146,927,153,277,257,189,51,1015,145,362,241,172,95
E01002808,Islington 003D,E02000556,Islington 003,E09000019,Islington,2148,342,618,576,406,206,1063,190,273,310,197,93,1085,152,345,266,209,113
E01002809,Islington 003E,E02000556,Islington 003,E09000019,Islington,1707,288,482,425,384,128,871,147,256,240,183,45,836,141,226,185,201,83
E01002810,Islington 003F,E02000556,Islington 003,E09000019,Islington,1692,352,350,436,392,162,839,195,165,212,193,74,853,157,185,224,199,88
E01002811,Islington 001F,E02000554,Islington 001,E09000019,Islington,1616,388,312,384,359,173,757,189,142,176,177,73,859,199,170,208,182,100
E01002812,Kensington and Chelsea 013A,E02000589,Kensington and Chelsea 013,E09000020,Kensington and Chelsea,1962,312,517,497,384,252,1041,175,313,270,165,118,921,137,204,227,219,134
E01002813,Kensington and Chelsea 011A,E02000587,Kensington and Chelsea 011,E09000020,Kensington and Chelsea,1629,311,234,316,448,320,810,154,126,163,215,152,819,157,108,153,233,168
E01002814,Kensington and Chelsea 015A,E02000591,Kensington and Chelsea 015,E09000020,Kensington and Chelsea,2317,431,439,582,596,269,1176,240,219,327,286,104,1141,191,220,255,310,165
E01002815,Kensington and Chelsea 011B,E02000587,Kensington and Chelsea 011,E09000020,Kensington and Chelsea,1357,172,313,398,298,176,664,78,161,216,138,71,693,94,152,182,160,105
E01002816,Kensington and Chelsea 011C,E02000587,Kensington and Chelsea 011,E09000020,Kensington and Chelsea,1442,248,219,419,310,246,705,127,129,205,142,102,737,121,90,214,168,144
E01002817,Kensington and Chelsea 011D,E02000587,Kensington and Chelsea 011,E09000020,Kensington and Chelsea,1496,272,188,302,420,314,710,114,97,150,201,148,786,158,91,152,219,166
E01002818,Kensington and Chelsea 012A,E02000588,Kensington and Chelsea 012,E09000020,Kensington and Chelsea,1868,224,367,521,451,305,1046,114,222,318,261,131,822,110,145,203,190,174
E01002819,Kensington and Chelsea 012B,E02000588,Kensington and Chelsea 012,E09000020,Kensington and Chelsea,1463,218,282,369,330,264,815,130,158,203,174,150,648,88,124,166,156,114
E01002820,Kensington and Chelsea 016A,E02000592,Kensington and Chelsea 016,E09000020,Kensington and Chelsea,1387,255,251,414,309,158,687,114,117,217,156,83,700,141,134,197,153,75
E01002821,Kensington and Chelsea 014A,E02000590,Kensington and Chelsea 014,E09000020,Kensington and Chelsea,1521,270,270,357,392,232,775,153,136,179,225,82,746,117,134,178,167,150
E01002822,Kensington and Chelsea 016B,E02000592,Kensington and Chelsea 016,E09000020,Kensington and Chelsea,1206,247,122,248,359,230,595,111,62,125,183,114,611,136,60,123,176,116
E01002823,Kensington and Chelsea 014B,E02000590,Kensington and Chelsea 014,E09000020,Kensington and Chelsea,1497,238,198,289,453,319,744,125,100,152,207,160,753,113,98,137,246,159
E01002824,Kensington and Chelsea 008A,E02000584,Kensington and Chelsea 008,E09000020,Kensington and Chelsea,1293,226,187,301,357,222,599,95,85,140,171,108,694,131,102,161,186,114
E01002825,Kensington and Chelsea 008B,E02000584,Kensington and Chelsea 008,E09000020,Kensington and Chelsea,2162,515,261,466,531,389,950,229,97,218,235,171,1212,286,164,248,296,218
E01002826,Kensington and Chelsea 008C,E02000584,Kensington and Chelsea 008,E09000020,Kensington and Chelsea,1541,289,247,422,340,243,758,160,125,209,154,110,783,129,122,213,186,133
E01002827,Kensington and Chelsea 008D,E02000584,Kensington and Chelsea 008,E09000020,Kensington and Chelsea,1818,392,221,474,455,276,849,187,88,237,196,141,969,205,133,237,259,135
E01002828,Kensington and Chelsea 008E,E02000584,Kensington and Chelsea 008,E09000020,Kensington and Chelsea,1364,268,162,314,366,254,662,122,68,156,195,121,702,146,94,158,171,133
E01002829,Kensington and Chelsea 004A,E02000580,Kensington and Chelsea 004,E09000020,Kensington and Chelsea,1278,186,178,347,387,180,659,103,85,194,188,89,619,83,93,153,199,91
E01002830,Kensington and Chelsea 004B,E02000580,Kensington and Chelsea 004,E09000020,Kensington and Chelsea,1642,229,231,437,445,300,839,126,135,217,215,146,803,103,96,220,230,154
E01002831,Kensington and Chelsea 004C,E02000580,Kensington and Chelsea 004,E09000020,Kensington and Chelsea,1745,306,272,439,482,246,862,147,126,250,246,93,883,159,146,189,236,153
E01002832,Kensington and Chelsea 004D,E02000580,Kensington and Chelsea 004,E09000020,Kensington and Chelsea,1559,264,227,457,387,224,762,141,112,239,172,98,797,123,115,218,215,126
E01002833,Kensington and Chelsea 007A,E02000583,Kensington and Chelsea 007,E09000020,Kensington and Chelsea,1379,232,200,415,362,170,667,132,92,202,164,77,712,100,108,213,198,93
E01002834,Kensington and Chelsea 013B,E02000589,Kensington and Chelsea 013,E09000020,Kensington and Chelsea,1546,279,292,431,371,173,801,136,160,221,201,83,745,143,132,210,170,90
E01002835,Kensington and Chelsea 016C,E02000592,Kensington and Chelsea 016,E09000020,Kensington and Chelsea,1613,274,348,449,330,212,813,138,177,243,152,103,800,136,171,206,178,109
E01002836,Kensington and Chelsea 016D,E02000592,Kensington and Chelsea 016,E09000020,Kensington and Chelsea,1427,214,284,448,338,143,736,113,149,256,161,57,691,101,135,192,177,86
E01002837,Kensington and Chelsea 016E,E02000592,Kensington and Chelsea 016,E09000020,Kensington and Chelsea,1363,223,231,336,348,225,718,128,126,186,189,89,645,95,105,150,159,136
E01002838,Kensington and Chelsea 020A,E02000596,Kensington and Chelsea 020,E09000020,Kensington and Chelsea,1321,208,307,343,299,164,695,108,170,179,154,84,626,100,137,164,145,80
E01002839,Kensington and Chelsea 013C,E02000589,Kensington and Chelsea 013,E09000020,Kensington and Chelsea,1449,183,330,436,325,175,788,92,192,248,173,83,661,91,138,188,152,92
E01002840,Kensington and Chelsea 021A,E02000597,Kensington and Chelsea 021,E09000020,Kensington and Chelsea,1234,207,140,240,317,330,578,116,75,117,145,125,656,91,65,123,172,205
E01002841,Kensington and Chelsea 021B,E02000597,Kensington and Chelsea 021,E09000020,Kensington and Chelsea,1271,176,184,380,348,183,662,90,97,215,178,82,609,86,87,165,170,101
E01002842,Kensington and Chelsea 021C,E02000597,Kensington and Chelsea 021,E09000020,Kensington and Chelsea,1012,206,134,215,260,197,478,110,67,116,108,77,534,96,67,99,152,120
E01002843,Kensington and Chelsea 021D,E02000597,Kensington and Chelsea 021,E09000020,Kensington and Chelsea,1387,247,189,271,411,269,656,117,77,142,181,139,731,130,112,129,230,130
E01002844,Kensington and Chelsea 019A,E02000595,Kensington and Chelsea 019,E09000020,Kensington and Chelsea,1377,206,199,292,382,298,667,111,104,136,186,130,710,95,95,156,196,168
E01002845,Kensington and Chelsea 019B,E02000595,Kensington and Chelsea 019,E09000020,Kensington and Chelsea,1449,213,237,336,387,276,802,119,153,194,210,126,647,94,84,142,177,150
E01002846,Kensington and Chelsea 017A,E02000593,Kensington and Chelsea 017,E09000020,Kensington and Chelsea,1313,150,313,381,307,162,686,77,162,219,146,82,627,73,151,162,161,80
E01002847,Kensington and Chelsea 015B,E02000591,Kensington and Chelsea 015,E09000020,Kensington and Chelsea,1571,183,471,452,336,129,822,78,247,262,185,50,749,105,224,190,151,79
E01002848,Kensington and Chelsea 015C,E02000591,Kensington and Chelsea 015,E09000020,Kensington and Chelsea,1472,220,316,408,342,186,758,91,166,246,159,96,714,129,150,162,183,90
E01002849,Kensington and Chelsea 017B,E02000593,Kensington and Chelsea 017,E09000020,Kensington and Chelsea,1572,258,333,427,345,209,795,132,167,217,178,101,777,126,166,210,167,108
E01002850,Kensington and Chelsea 013D,E02000589,Kensington and Chelsea 013,E09000020,Kensington and Chelsea,1475,188,421,392,322,152,761,107,206,211,173,64,714,81,215,181,149,88
E01002851,Kensington and Chelsea 015D,E02000591,Kensington and Chelsea 015,E09000020,Kensington and Chelsea,1526,142,255,400,395,334,747,75,120,211,206,135,779,67,135,189,189,199
E01002852,Kensington and Chelsea 001A,E02000577,Kensington and Chelsea 001,E09000020,Kensington and Chelsea,1960,358,437,483,439,243,954,206,176,242,222,108,1006,152,261,241,217,135
E01002853,Kensington and Chelsea 001B,E02000577,Kensington and Chelsea 001,E09000020,Kensington and Chelsea,950,173,184,224,256,113,463,85,102,115,109,52,487,88,82,109,147,61
E01002854,Kensington and Chelsea 001C,E02000577,Kensington and Chelsea 001,E09000020,Kensington and Chelsea,1025,209,155,204,271,186,513,102,69,111,137,94,512,107,86,93,134,92
E01002855,Kensington and Chelsea 001D,E02000577,Kensington and Chelsea 001,E09000020,Kensington and Chelsea,1545,286,227,361,451,220,829,165,118,201,236,109,716,121,109,160,215,111
E01002856,Kensington and Chelsea 004E,E02000580,Kensington and Chelsea 004,E09000020,Kensington and Chelsea,1588,227,298,457,430,176,777,101,147,262,176,91,811,126,151,195,254,85
E01002857,Kensington and Chelsea 001E,E02000577,Kensington and Chelsea 001,E09000020,Kensington and Chelsea,1156,202,166,232,367,189,595,109,85,114,200,87,561,93,81,118,167,102
E01002858,Kensington and Chelsea 014C,E02000590,Kensington and Chelsea 014,E09000020,Kensington and Chelsea,1369,161,281,293,340,294,608,83,120,140,137,128,761,78,161,153,203,166
E01002859,Kensington and Chelsea 012C,E02000588,Kensington and Chelsea 012,E09000020,Kensington and Chelsea,1622,261,257,342,528,234,891,166,142,189,293,101,731,95,115,153,235,133
E01002860,Kensington and Chelsea 012D,E02000588,Kensington and Chelsea 012,E09000020,Kensington and Chelsea,1494,195,238,299,455,307,712,91,102,153,214,152,782,104,136,146,241,155
E01002861,Kensington and Chelsea 014D,E02000590,Kensington and Chelsea 014,E09000020,Kensington and Chelsea,1251,153,178,275,375,270,589,82,79,145,168,115,662,71,99,130,207,155
E01002862,Kensington and Chelsea 014E,E02000590,Kensington and Chelsea 014,E09000020,Kensington and Chelsea,1279,98,279,245,363,294,597,47,128,124,174,124,682,51,151,121,189,170
E01002863,Kensington and Chelsea 012E,E02000588,Kensington and Chelsea 012,E09000020,Kensington and Chelsea,1351,183,139,319,442,268,724,92,84,191,222,135,627,91,55,128,220,133
E01002864,Kensington and Chelsea 009A,E02000585,Kensington and Chelsea 009,E09000020,Kensington and Chelsea,1475,298,174,225,461,317,659,129,84,102,208,136,816,169,90,123,253,181
E01002865,Kensington and Chelsea 011E,E02000587,Kensington and Chelsea 011,E09000020,Kensington and Chelsea,1658,436,172,349,494,207,818,221,85,173,247,92,840,215,87,176,247,115
E01002866,Kensington and Chelsea 009B,E02000585,Kensington and Chelsea 009,E09000020,Kensington and Chelsea,1644,243,308,458,452,183,832,153,153,254,201,71,812,90,155,204,251,112
E01002867,Kensington and Chelsea 009C,E02000585,Kensington and Chelsea 009,E09000020,Kensington and Chelsea,1765,297,315,482,472,199,867,159,156,254,225,73,898,138,159,228,247,126
E01002868,Kensington and Chelsea 009D,E02000585,Kensington and Chelsea 009,E09000020,Kensington and Chelsea,1606,298,153,345,414,396,823,169,77,190,186,201,783,129,76,155,228,195
E01002869,Kensington and Chelsea 009E,E02000585,Kensington and Chelsea 009,E09000020,Kensington and Chelsea,1510,314,193,390,354,259,725,141,103,194,172,115,785,173,90,196,182,144
E01002870,Kensington and Chelsea 005A,E02000581,Kensington and Chelsea 005,E09000020,Kensington and Chelsea,1451,241,227,311,410,262,732,124,126,171,186,125,719,117,101,140,224,137
E01002871,Kensington and Chelsea 007B,E02000583,Kensington and Chelsea 007,E09000020,Kensington and Chelsea,1670,328,217,364,504,257,807,158,97,196,235,121,863,170,120,168,269,136
E01002872,Kensington and Chelsea 005B,E02000581,Kensington and Chelsea 005,E09000020,Kensington and Chelsea,1342,250,144,218,380,350,607,135,66,108,150,148,735,115,78,110,230,202
E01002873,Kensington and Chelsea 007C,E02000583,Kensington and Chelsea 007,E09000020,Kensington and Chelsea,1257,190,167,306,370,224,622,101,81,163,166,111,635,89,86,143,204,113
E01002874,Kensington and Chelsea 007D,E02000583,Kensington and Chelsea 007,E09000020,Kensington and Chelsea,1286,205,267,322,333,159,627,104,139,165,158,61,659,101,128,157,175,98
E01002875,Kensington and Chelsea 007E,E02000583,Kensington and Chelsea 007,E09000020,Kensington and Chelsea,1340,255,162,229,383,311,609,127,65,105,170,142,731,128,97,124,213,169
E01002876,Kensington and Chelsea 003A,E02000579,Kensington and Chelsea 003,E09000020,Kensington and Chelsea,1635,349,197,363,429,297,804,179,102,183,213,127,831,170,95,180,216,170
E01002877,Kensington and Chelsea 003B,E02000579,Kensington and Chelsea 003,E09000020,Kensington and Chelsea,1616,401,249,305,475,186,737,192,113,145,211,76,879,209,136,160,264,110
E01002878,Kensington and Chelsea 003C,E02000579,Kensington and Chelsea 003,E09000020,Kensington and Chelsea,1582,245,229,452,403,253,774,120,125,235,201,93,808,125,104,217,202,160
E01002879,Kensington and Chelsea 005C,E02000581,Kensington and Chelsea 005,E09000020,Kensington and Chelsea,1315,241,249,272,302,251,610,123,115,122,148,102,705,118,134,150,154,149
E01002880,Kensington and Chelsea 005D,E02000581,Kensington and Chelsea 005,E09000020,Kensington and Chelsea,1022,242,153,198,274,155,483,111,79,103,129,61,539,131,74,95,145,94
E01002881,Kensington and Chelsea 005E,E02000581,Kensington and Chelsea 005,E09000020,Kensington and Chelsea,1149,234,177,235,310,193,581,120,100,124,159,78,568,114,77,111,151,115
E01002882,Kensington and Chelsea 006A,E02000582,Kensington and Chelsea 006,E09000020,Kensington and Chelsea,1340,263,137,316,348,276,625,119,65,167,154,120,715,144,72,149,194,156
E01002883,Kensington and Chelsea 006B,E02000582,Kensington and Chelsea 006,E09000020,Kensington and Chelsea,1776,293,268,445,419,351,834,135,135,233,191,140,942,158,133,212,228,211
E01002884,Kensington and Chelsea 006C,E02000582,Kensington and Chelsea 006,E09000020,Kensington and Chelsea,1360,155,326,398,289,192,686,72,186,232,121,75,674,83,140,166,168,117
E01002885,Kensington and Chelsea 006D,E02000582,Kensington and Chelsea 006,E09000020,Kensington and Chelsea,1364,200,237,494,277,156,714,104,131,259,134,86,650,96,106,235,143,70
E01002886,Kensington and Chelsea 006E,E02000582,Kensington and Chelsea 006,E09000020,Kensington and Chelsea,1445,247,166,381,433,218,724,147,71,198,203,105,721,100,95,183,230,113
E01002887,Kensington and Chelsea 010A,E02000586,Kensington and Chelsea 010,E09000020,Kensington and Chelsea,1444,187,373,399,316,169,770,110,169,223,192,76,674,77,204,176,124,93
E01002888,Kensington and Chelsea 013E,E02000589,Kensington and Chelsea 013,E09000020,Kensington and Chelsea,2454,259,876,676,428,215,1390,152,516,390,244,88,1064,107,360,286,184,127
E01002889,Kensington and Chelsea 010B,E02000586,Kensington and Chelsea 010,E09000020,Kensington and Chelsea,1175,216,200,293,306,160,608,121,92,143,172,80,567,95,108,150,134,80
E01002890,Kensington and Chelsea 010C,E02000586,Kensington and Chelsea 010,E09000020,Kensington and Chelsea,1741,370,239,334,516,282,853,199,103,176,239,136,888,171,136,158,277,146
E01002891,Kensington and Chelsea 010D,E02000586,Kensington and Chelsea 010,E09000020,Kensington and Chelsea,1448,249,272,400,349,178,730,125,143,204,165,93,718,124,129,196,184,85
E01002892,Kensington and Chelsea 010E,E02000586,Kensington and Chelsea 010,E09000020,Kensington and Chelsea,1939,254,538,533,423,191,1007,135,275,293,200,104,932,119,263,240,223,87
E01002893,Kensington and Chelsea 017C,E02000593,Kensington and Chelsea 017,E09000020,Kensington and Chelsea,1732,231,390,471,377,263,870,101,198,244,217,110,862,130,192,227,160,153
E01002894,Kensington and Chelsea 017D,E02000593,Kensington and Chelsea 017,E09000020,Kensington and Chelsea,1755,246,539,446,351,173,924,119,301,234,216,54,831,127,238,212,135,119
E01002895,Kensington and Chelsea 020B,E02000596,Kensington and Chelsea 020,E09000020,Kensington and Chelsea,1410,313,199,265,404,229,762,195,120,128,205,114,648,118,79,137,199,115
E01002896,Kensington and Chelsea 020C,E02000596,Kensington and Chelsea 020,E09000020,Kensington and Chelsea,1736,302,261,496,439,238,920,176,140,289,205,110,816,126,121,207,234,128
E01002897,Kensington and Chelsea 020D,E02000596,Kensington and Chelsea 020,E09000020,Kensington and Chelsea,1432,243,342,408,294,145,728,148,152,205,174,49,704,95,190,203,120,96
E01002898,Kensington and Chelsea 017E,E02000593,Kensington and Chelsea 017,E09000020,Kensington and Chelsea,1838,432,205,425,501,275,905,227,100,219,267,92,933,205,105,206,234,183
E01002899,Kensington and Chelsea 018A,E02000594,Kensington and Chelsea 018,E09000020,Kensington and Chelsea,1544,220,167,404,449,304,806,107,74,222,251,152,738,113,93,182,198,152
E01002900,Kensington and Chelsea 018B,E02000594,Kensington and Chelsea 018,E09000020,Kensington and Chelsea,1601,252,207,285,484,373,751,125,96,130,219,181,850,127,111,155,265,192
E01002901,Kensington and Chelsea 018C,E02000594,Kensington and Chelsea 018,E09000020,Kensington and Chelsea,1303,126,135,183,278,581,781,72,82,92,133,402,522,54,53,91,145,179
E01002902,Kensington and Chelsea 018D,E02000594,Kensington and Chelsea 018,E09000020,Kensington and Chelsea,1657,194,202,460,487,314,874,101,98,273,282,120,783,93,104,187,205,194
E01002903,Kensington and Chelsea 018E,E02000594,Kensington and Chelsea 018,E09000020,Kensington and Chelsea,1645,319,167,319,560,280,754,143,67,166,261,117,891,176,100,153,299,163
E01002904,Kensington and Chelsea 002A,E02000578,Kensington and Chelsea 002,E09000020,Kensington and Chelsea,1099,228,173,229,335,134,555,135,94,115,153,58,544,93,79,114,182,76
E01002905,Kensington and Chelsea 002B,E02000578,Kensington and Chelsea 002,E09000020,Kensington and Chelsea,1472,284,242,294,424,228,705,151,122,134,211,87,767,133,120,160,213,141
E01002906,Kensington and Chelsea 002C,E02000578,Kensington and Chelsea 002,E09000020,Kensington and Chelsea,1783,324,258,406,411,384,882,168,143,232,175,164,901,156,115,174,236,220
E01002907,Kensington and Chelsea 002D,E02000578,Kensington and Chelsea 002,E09000020,Kensington and Chelsea,1374,342,207,213,396,216,644,179,102,98,166,99,730,163,105,115,230,117
E01002908,Kensington and Chelsea 003D,E02000579,Kensington and Chelsea 003,E09000020,Kensington and Chelsea,1284,274,211,280,349,170,655,148,103,146,179,79,629,126,108,134,170,91
E01002909,Kensington and Chelsea 003E,E02000579,Kensington and Chelsea 003,E09000020,Kensington and Chelsea,1938,324,252,583,519,260,996,184,112,325,234,141,942,140,140,258,285,119
E01002910,Kensington and Chelsea 019C,E02000595,Kensington and Chelsea 019,E09000020,Kensington and Chelsea,1505,210,316,330,346,303,625,82,150,137,149,107,880,128,166,193,197,196
E01002911,Kensington and Chelsea 019D,E02000595,Kensington and Chelsea 019,E09000020,Kensington and Chelsea,1656,342,275,410,408,221,774,150,145,204,166,109,882,192,130,206,242,112
E01002912,Kensington and Chelsea 020E,E02000596,Kensington and Chelsea 020,E09000020,Kensington and Chelsea,1818,231,362,442,448,335,879,114,161,241,230,133,939,117,201,201,218,202
E01002913,Kensington and Chelsea 021E,E02000597,Kensington and Chelsea 021,E09000020,Kensington and Chelsea,2215,424,412,612,505,262,1110,216,205,358,238,93,1105,208,207,254,267,169
E01002914,Kensington and Chelsea 019E,E02000595,Kensington and Chelsea 019,E09000020,Kensington and Chelsea,1629,267,279,381,388,314,729,161,124,165,158,121,900,106,155,216,230,193
E01002915,Kingston upon Thames 014A,E02000611,Kingston upon Thames 014,E09000021,Kingston upon Thames,1381,286,143,278,342,332,665,114,92,132,173,154,716,172,51,146,169,178
E01002916,Kingston upon Thames 014B,E02000611,Kingston upon Thames 014,E09000021,Kingston upon Thames,1477,317,197,267,383,313,732,154,106,144,188,140,745,163,91,123,195,173
E01002917,Kingston upon Thames 014C,E02000611,Kingston upon Thames 014,E09000021,Kingston upon Thames,1477,322,150,286,411,308,762,190,75,147,193,157,715,132,75,139,218,151
E01002918,Kingston upon Thames 017A,E02000614,Kingston upon Thames 017,E09000021,Kingston upon Thames,1839,438,276,459,484,182,922,211,142,233,248,88,917,227,134,226,236,94
E01002919,Kingston upon Thames 017B,E02000614,Kingston upon Thames 017,E09000021,Kingston upon Thames,2103,420,387,480,543,273,1090,246,203,250,262,129,1013,174,184,230,281,144
E01002920,Kingston upon Thames 014D,E02000611,Kingston upon Thames 014,E09000021,Kingston upon Thames,1622,375,159,314,484,290,788,191,97,132,240,128,834,184,62,182,244,162
E01002921,Kingston upon Thames 011A,E02000608,Kingston upon Thames 011,E09000021,Kingston upon Thames,1687,238,344,613,314,178,883,125,196,323,153,86,804,113,148,290,161,92
E01002922,Kingston upon Thames 010A,E02000607,Kingston upon Thames 010,E09000021,Kingston upon Thames,1604,317,188,386,393,320,810,175,104,189,191,151,794,142,84,197,202,169
E01002923,Kingston upon Thames 013A,E02000610,Kingston upon Thames 013,E09000021,Kingston upon Thames,1801,241,514,391,346,309,955,127,310,186,195,137,846,114,204,205,151,172
E01002924,Kingston upon Thames 014E,E02000611,Kingston upon Thames 014,E09000021,Kingston upon Thames,1501,324,189,254,429,305,757,174,119,123,199,142,744,150,70,131,230,163
E01002925,Kingston upon Thames 013B,E02000610,Kingston upon Thames 013,E09000021,Kingston upon Thames,1629,240,300,562,344,183,806,111,154,296,176,69,823,129,146,266,168,114
E01002926,Kingston upon Thames 010B,E02000607,Kingston upon Thames 010,E09000021,Kingston upon Thames,1608,423,155,380,413,237,797,219,82,191,203,102,811,204,73,189,210,135
E01002927,Kingston upon Thames 008A,E02000605,Kingston upon Thames 008,E09000021,Kingston upon Thames,1627,298,219,335,463,312,776,152,127,154,223,120,851,146,92,181,240,192
E01002928,Kingston upon Thames 008B,E02000605,Kingston upon Thames 008,E09000021,Kingston upon Thames,1941,363,239,527,490,322,936,176,132,253,256,119,1005,187,107,274,234,203
E01002929,Kingston upon Thames 007A,E02000604,Kingston upon Thames 007,E09000021,Kingston upon Thames,1631,339,187,341,448,316,783,149,105,165,223,141,848,190,82,176,225,175
E01002930,Kingston upon Thames 007B,E02000604,Kingston upon Thames 007,E09000021,Kingston upon Thames,1882,384,253,545,455,245,929,203,126,278,242,80,953,181,127,267,213,165
E01002931,Kingston upon Thames 007C,E02000604,Kingston upon Thames 007,E09000021,Kingston upon Thames,2030,485,235,469,613,228,973,209,119,231,306,108,1057,276,116,238,307,120
E01002932,Kingston upon Thames 006A,E02000603,Kingston upon Thames 006,E09000021,Kingston upon Thames,2066,521,399,498,460,188,968,240,195,229,227,77,1098,281,204,269,233,111
E01002933,Kingston upon Thames 004A,E02000601,Kingston upon Thames 004,E09000021,Kingston upon Thames,2133,535,318,478,568,234,1045,244,156,244,295,106,1088,291,162,234,273,128
E01002934,Kingston upon Thames 004B,E02000601,Kingston upon Thames 004,E09000021,Kingston upon Thames,2234,611,306,504,630,183,1101,321,170,213,319,78,1133,290,136,291,311,105
E01002935,Kingston upon Thames 003A,E02000600,Kingston upon Thames 003,E09000021,Kingston upon Thames,2266,445,508,635,442,236,1228,257,291,330,239,111,1038,188,217,305,203,125
E01002937,Kingston upon Thames 004D,E02000601,Kingston upon Thames 004,E09000021,Kingston upon Thames,1862,539,209,476,471,167,904,278,115,220,218,73,958,261,94,256,253,94
E01002938,Kingston upon Thames 003B,E02000600,Kingston upon Thames 003,E09000021,Kingston upon Thames,2164,588,228,500,565,283,1079,311,116,245,283,124,1085,277,112,255,282,159
E01002939,Kingston upon Thames 018A,E02000615,Kingston upon Thames 018,E09000021,Kingston upon Thames,1655,377,224,428,426,200,832,174,111,238,224,85,823,203,113,190,202,115
E01002940,Kingston upon Thames 020A,E02000617,Kingston upon Thames 020,E09000021,Kingston upon Thames,1664,377,216,367,431,273,813,188,118,179,208,120,851,189,98,188,223,153
E01002941,Kingston upon Thames 018B,E02000615,Kingston upon Thames 018,E09000021,Kingston upon Thames,1630,295,215,323,471,326,811,154,115,170,239,133,819,141,100,153,232,193
E01002942,Kingston upon Thames 018C,E02000615,Kingston upon Thames 018,E09000021,Kingston upon Thames,1397,283,160,264,411,279,719,159,90,132,224,114,678,124,70,132,187,165
E01002943,Kingston upon Thames 020B,E02000617,Kingston upon Thames 020,E09000021,Kingston upon Thames,1430,324,210,328,365,203,719,152,114,173,183,97,711,172,96,155,182,106
E01002944,Kingston upon Thames 019A,E02000616,Kingston upon Thames 019,E09000021,Kingston upon Thames,1391,318,183,350,347,193,683,150,88,180,172,93,708,168,95,170,175,100
E01002945,Kingston upon Thames 019B,E02000616,Kingston upon Thames 019,E09000021,Kingston upon Thames,1552,301,180,414,399,258,780,166,104,190,218,102,772,135,76,224,181,156
E01002946,Kingston upon Thames 019C,E02000616,Kingston upon Thames 019,E09000021,Kingston upon Thames,1472,299,151,349,403,270,699,150,78,171,171,129,773,149,73,178,232,141
E01002947,Kingston upon Thames 019D,E02000616,Kingston upon Thames 019,E09000021,Kingston upon Thames,1586,330,218,335,437,266,821,172,128,174,212,135,765,158,90,161,225,131
E01002948,Kingston upon Thames 020C,E02000617,Kingston upon Thames 020,E09000021,Kingston upon Thames,2213,461,340,498,595,319,1098,251,186,247,285,129,1115,210,154,251,310,190
E01002949,Kingston upon Thames 020D,E02000617,Kingston upon Thames 020,E09000021,Kingston upon Thames,1924,432,282,407,552,251,1004,242,160,207,276,119,920,190,122,200,276,132
E01002950,Kingston upon Thames 020E,E02000617,Kingston upon Thames 020,E09000021,Kingston upon Thames,1662,399,202,392,407,262,785,216,98,167,202,102,877,183,104,225,205,160
E01002951,Kingston upon Thames 003C,E02000600,Kingston upon Thames 003,E09000021,Kingston upon Thames,1813,409,299,404,434,267,920,201,178,200,232,109,893,208,121,204,202,158
E01002952,Kingston upon Thames 002A,E02000599,Kingston upon Thames 002,E09000021,Kingston upon Thames,1668,316,344,182,492,334,752,161,114,76,229,172,916,155,230,106,263,162
E01002953,Kingston upon Thames 002B,E02000599,Kingston upon Thames 002,E09000021,Kingston upon Thames,1615,277,281,277,429,351,781,130,153,149,212,137,834,147,128,128,217,214
E01002954,Kingston upon Thames 003D,E02000600,Kingston upon Thames 003,E09000021,Kingston upon Thames,1471,259,301,427,247,237,687,130,142,196,120,99,784,129,159,231,127,138
E01002955,Kingston upon Thames 002C,E02000599,Kingston upon Thames 002,E09000021,Kingston upon Thames,1601,276,333,348,385,259,814,137,200,184,177,116,787,139,133,164,208,143
E01002956,Kingston upon Thames 002D,E02000599,Kingston upon Thames 002,E09000021,Kingston upon Thames,2219,349,857,279,408,326,1131,189,470,128,202,142,1088,160,387,151,206,184
E01002957,Kingston upon Thames 003E,E02000600,Kingston upon Thames 003,E09000021,Kingston upon Thames,2002,449,694,388,312,159,953,222,360,168,139,64,1049,227,334,220,173,95
E01002958,Kingston upon Thames 008C,E02000605,Kingston upon Thames 008,E09000021,Kingston upon Thames,1788,437,192,447,490,222,893,208,114,217,245,109,895,229,78,230,245,113
E01002959,Kingston upon Thames 002E,E02000599,Kingston upon Thames 002,E09000021,Kingston upon Thames,1409,293,189,185,464,278,656,133,103,65,231,124,753,160,86,120,233,154
E01002960,Kingston upon Thames 006B,E02000603,Kingston upon Thames 006,E09000021,Kingston upon Thames,1755,342,290,346,484,293,870,163,139,176,246,146,885,179,151,170,238,147
E01002961,Kingston upon Thames 008D,E02000605,Kingston upon Thames 008,E09000021,Kingston upon Thames,1607,333,210,285,498,281,789,161,120,135,241,132,818,172,90,150,257,149
E01002962,Kingston upon Thames 006C,E02000603,Kingston upon Thames 006,E09000021,Kingston upon Thames,1856,440,283,391,475,267,902,219,162,181,216,124,954,221,121,210,259,143
E01002963,Kingston upon Thames 007D,E02000604,Kingston upon Thames 007,E09000021,Kingston upon Thames,1957,398,280,538,506,235,990,218,138,292,248,94,967,180,142,246,258,141
E01002964,Kingston upon Thames 005A,E02000602,Kingston upon Thames 005,E09000021,Kingston upon Thames,3469,429,1669,643,449,279,1667,227,746,345,205,144,1802,202,923,298,244,135
E01002965,Kingston upon Thames 009A,E02000606,Kingston upon Thames 009,E09000021,Kingston upon Thames,2053,442,202,624,459,326,992,214,61,327,236,154,1061,228,141,297,223,172
E01002966,Kingston upon Thames 010C,E02000607,Kingston upon Thames 010,E09000021,Kingston upon Thames,2018,412,434,556,447,169,1053,206,260,271,237,79,965,206,174,285,210,90
E01002967,Kingston upon Thames 009B,E02000606,Kingston upon Thames 009,E09000021,Kingston upon Thames,2719,306,985,742,441,245,1313,155,440,391,225,102,1406,151,545,351,216,143
E01002968,Kingston upon Thames 009C,E02000606,Kingston upon Thames 009,E09000021,Kingston upon Thames,3223,409,1037,915,591,271,1629,213,461,498,333,124,1594,196,576,417,258,147
E01002969,Kingston upon Thames 005B,E02000602,Kingston upon Thames 005,E09000021,Kingston upon Thames,1901,487,436,429,394,155,903,232,177,231,198,65,998,255,259,198,196,90
E01002970,Kingston upon Thames 006D,E02000603,Kingston upon Thames 006,E09000021,Kingston upon Thames,1760,389,406,433,369,163,872,177,209,227,176,83,888,212,197,206,193,80
E01002971,Kingston upon Thames 005C,E02000602,Kingston upon Thames 005,E09000021,Kingston upon Thames,2074,431,468,590,431,154,1077,232,227,302,240,76,997,199,241,288,191,78
E01002972,Kingston upon Thames 005D,E02000602,Kingston upon Thames 005,E09000021,Kingston upon Thames,2359,405,653,686,384,231,1254,214,336,373,231,100,1105,191,317,313,153,131
E01002973,Kingston upon Thames 006E,E02000603,Kingston upon Thames 006,E09000021,Kingston upon Thames,1553,385,270,378,387,133,749,200,114,176,201,58,804,185,156,202,186,75
E01002974,Kingston upon Thames 005E,E02000602,Kingston upon Thames 005,E09000021,Kingston upon Thames,2085,427,469,448,490,251,1027,210,233,235,244,105,1058,217,236,213,246,146
E01002975,Kingston upon Thames 012A,E02000609,Kingston upon Thames 012,E09000021,Kingston upon Thames,1511,309,208,310,378,306,775,177,114,144,199,141,736,132,94,166,179,165
E01002976,Kingston upon Thames 015A,E02000612,Kingston upon Thames 015,E09000021,Kingston upon Thames,1707,378,164,425,425,315,794,187,70,190,202,145,913,191,94,235,223,170
E01002977,Kingston upon Thames 012B,E02000609,Kingston upon Thames 012,E09000021,Kingston upon Thames,1747,386,250,364,460,287,855,186,129,169,235,136,892,200,121,195,225,151
E01002978,Kingston upon Thames 015B,E02000612,Kingston upon Thames 015,E09000021,Kingston upon Thames,1899,314,219,431,510,425,932,146,117,213,248,208,967,168,102,218,262,217
E01002979,Kingston upon Thames 015C,E02000612,Kingston upon Thames 015,E09000021,Kingston upon Thames,1549,300,215,312,413,309,787,168,113,166,202,138,762,132,102,146,211,171
E01002980,Kingston upon Thames 012C,E02000609,Kingston upon Thames 012,E09000021,Kingston upon Thames,1418,211,211,232,454,310,711,115,102,115,223,156,707,96,109,117,231,154
E01002981,Kingston upon Thames 012D,E02000609,Kingston upon Thames 012,E09000021,Kingston upon Thames,1563,305,235,257,500,266,783,153,130,137,238,125,780,152,105,120,262,141
E01002982,Kingston upon Thames 015D,E02000612,Kingston upon Thames 015,E09000021,Kingston upon Thames,1408,223,159,222,407,397,705,124,98,108,210,165,703,99,61,114,197,232
E01002983,Kingston upon Thames 015E,E02000612,Kingston upon Thames 015,E09000021,Kingston upon Thames,1695,311,214,312,521,337,851,156,115,148,267,165,844,155,99,164,254,172
E01002984,Kingston upon Thames 012E,E02000609,Kingston upon Thames 012,E09000021,Kingston upon Thames,1436,283,157,276,434,286,689,117,82,129,231,130,747,166,75,147,203,156
E01002985,Kingston upon Thames 007E,E02000604,Kingston upon Thames 007,E09000021,Kingston upon Thames,1846,424,221,496,472,233,922,207,129,254,225,107,924,217,92,242,247,126
E01002986,Kingston upon Thames 008E,E02000605,Kingston upon Thames 008,E09000021,Kingston upon Thames,1381,287,159,244,370,321,694,160,99,131,178,126,687,127,60,113,192,195
E01002987,Kingston upon Thames 011B,E02000608,Kingston upon Thames 011,E09000021,Kingston upon Thames,1976,274,387,701,397,217,1035,143,218,371,211,92,941,131,169,330,186,125
E01002988,Kingston upon Thames 011C,E02000608,Kingston upon Thames 011,E09000021,Kingston upon Thames,1865,280,674,493,278,140,900,130,286,258,154,72,965,150,388,235,124,68
E01002989,Kingston upon Thames 011D,E02000608,Kingston upon Thames 011,E09000021,Kingston upon Thames,2031,389,256,771,431,184,1045,211,115,413,228,78,986,178,141,358,203,106
E01002990,Kingston upon Thames 009D,E02000606,Kingston upon Thames 009,E09000021,Kingston upon Thames,1748,266,235,706,321,220,895,124,103,373,174,121,853,142,132,333,147,99
E01002991,Kingston upon Thames 009E,E02000606,Kingston upon Thames 009,E09000021,Kingston upon Thames,1607,329,265,440,382,191,799,154,123,236,207,79,808,175,142,204,175,112
E01002992,Kingston upon Thames 010D,E02000607,Kingston upon Thames 010,E09000021,Kingston upon Thames,2829,212,1956,338,212,111,1249,106,807,184,107,45,1580,106,1149,154,105,66
E01002993,Kingston upon Thames 013C,E02000610,Kingston upon Thames 013,E09000021,Kingston upon Thames,1653,237,271,617,348,180,841,118,116,326,186,95,812,119,155,291,162,85
E01002994,Kingston upon Thames 016A,E02000613,Kingston upon Thames 016,E09000021,Kingston upon Thames,1571,289,180,415,343,344,736,144,82,197,177,136,835,145,98,218,166,208
E01002995,Kingston upon Thames 013D,E02000610,Kingston upon Thames 013,E09000021,Kingston upon Thames,1620,287,216,403,376,338,791,159,117,194,176,145,829,128,99,209,200,193
E01002996,Kingston upon Thames 016B,E02000613,Kingston upon Thames 016,E09000021,Kingston upon Thames,1535,345,194,411,397,188,768,179,88,208,195,98,767,166,106,203,202,90
E01002997,Kingston upon Thames 016C,E02000613,Kingston upon Thames 016,E09000021,Kingston upon Thames,1622,324,203,419,438,238,825,184,112,198,215,116,797,140,91,221,223,122
E01002998,Kingston upon Thames 016D,E02000613,Kingston upon Thames 016,E09000021,Kingston upon Thames,1653,464,198,426,378,187,752,221,83,186,181,81,901,243,115,240,197,106
E01002999,Kingston upon Thames 013E,E02000610,Kingston upon Thames 013,E09000021,Kingston upon Thames,1477,265,303,531,273,105,781,138,152,280,148,63,696,127,151,251,125,42
E01003000,Kingston upon Thames 017C,E02000614,Kingston upon Thames 017,E09000021,Kingston upon Thames,1711,381,236,441,450,203,841,191,126,210,216,98,870,190,110,231,234,105
E01003001,Kingston upon Thames 017D,E02000614,Kingston upon Thames 017,E09000021,Kingston upon Thames,1900,426,260,404,540,270,943,202,141,198,280,122,957,224,119,206,260,148
E01003002,Kingston upon Thames 016E,E02000613,Kingston upon Thames 016,E09000021,Kingston upon Thames,2017,494,242,577,438,266,996,229,145,296,208,118,1021,265,97,281,230,148
E01003003,Kingston upon Thames 017E,E02000614,Kingston upon Thames 017,E09000021,Kingston upon Thames,1776,366,299,452,432,227,921,177,182,241,213,108,855,189,117,211,219,119
E01003004,Kingston upon Thames 018D,E02000615,Kingston upon Thames 018,E09000021,Kingston upon Thames,1557,319,208,352,425,253,775,160,110,176,206,123,782,159,98,176,219,130
E01003005,Kingston upon Thames 018E,E02000615,Kingston upon Thames 018,E09000021,Kingston upon Thames,1561,356,179,346,436,244,759,189,97,176,191,106,802,167,82,170,245,138
E01003006,Kingston upon Thames 001A,E02000598,Kingston upon Thames 001,E09000021,Kingston upon Thames,1506,289,178,299,447,293,708,153,85,132,209,129,798,136,93,167,238,164
E01003007,Kingston upon Thames 001B,E02000598,Kingston upon Thames 001,E09000021,Kingston upon Thames,1556,372,186,308,441,249,799,217,94,144,232,112,757,155,92,164,209,137
E01003008,Kingston upon Thames 001C,E02000598,Kingston upon Thames 001,E09000021,Kingston upon Thames,1488,410,136,250,478,214,711,210,65,109,227,100,777,200,71,141,251,114
E01003009,Kingston upon Thames 001D,E02000598,Kingston upon Thames 001,E09000021,Kingston upon Thames,2189,607,236,478,593,275,1042,316,123,209,272,122,1147,291,113,269,321,153
E01003010,Kingston upon Thames 001E,E02000598,Kingston upon Thames 001,E09000021,Kingston upon Thames,1539,328,187,299,484,241,774,172,105,153,241,103,765,156,82,146,243,138
E01003011,Kingston upon Thames 004E,E02000601,Kingston upon Thames 004,E09000021,Kingston upon Thames,1855,405,235,415,481,319,866,192,123,188,218,145,989,213,112,227,263,174
E01003013,Lambeth 036A,E02006801,Lambeth 036,E09000022,Lambeth,2739,130,1566,636,297,110,1377,82,710,352,173,60,1362,48,856,284,124,50
E01003014,Lambeth 036B,E02006801,Lambeth 036,E09000022,Lambeth,1693,247,388,439,394,225,845,108,200,245,209,83,848,139,188,194,185,142
E01003015,Lambeth 002A,E02000619,Lambeth 002,E09000022,Lambeth,1735,265,390,381,488,211,801,108,157,193,260,83,934,157,233,188,228,128
E01003016,Lambeth 036C,E02006801,Lambeth 036,E09000022,Lambeth,2843,109,1992,307,294,141,1216,77,731,193,151,64,1627,32,1261,114,143,77
E01003017,Lambeth 036D,E02006801,Lambeth 036,E09000022,Lambeth,2029,201,709,449,426,244,1066,105,372,251,226,112,963,96,337,198,200,132
E01003018,Lambeth 020A,E02000637,Lambeth 020,E09000022,Lambeth,2219,197,687,807,396,132,1158,114,310,486,193,55,1061,83,377,321,203,77
E01003019,Lambeth 015A,E02000632,Lambeth 015,E09000022,Lambeth,2057,227,704,649,313,164,975,115,294,326,162,78,1082,112,410,323,151,86
E01003020,Lambeth 016A,E02000633,Lambeth 016,E09000022,Lambeth,1681,286,410,530,334,121,771,139,157,261,155,59,910,147,253,269,179,62
E01003021,Lambeth 021A,E02000638,Lambeth 021,E09000022,Lambeth,2456,275,647,779,507,248,1648,168,430,568,345,137,808,107,217,211,162,111
E01003022,Lambeth 021B,E02000638,Lambeth 021,E09000022,Lambeth,1795,261,496,575,333,130,845,119,225,290,153,58,950,142,271,285,180,72
E01003023,Lambeth 021C,E02000638,Lambeth 021,E09000022,Lambeth,2714,414,778,976,414,132,1328,218,331,518,202,59,1386,196,447,458,212,73
E01003024,Lambeth 021D,E02000638,Lambeth 021,E09000022,Lambeth,1802,395,435,514,354,104,871,207,199,253,180,32,931,188,236,261,174,72
E01003025,Lambeth 021E,E02000638,Lambeth 021,E09000022,Lambeth,2063,379,459,608,456,161,1061,200,225,327,241,68,1002,179,234,281,215,93
E01003026,Lambeth 019A,E02000636,Lambeth 019,E09000022,Lambeth,1572,205,434,562,262,109,837,103,190,334,151,59,735,102,244,228,111,50
E01003027,Lambeth 019B,E02000636,Lambeth 019,E09000022,Lambeth,1343,286,240,359,296,162,690,169,112,190,139,80,653,117,128,169,157,82
E01003028,Lambeth 019C,E02000636,Lambeth 019,E09000022,Lambeth,1594,292,379,444,338,141,793,159,177,237,167,53,801,133,202,207,171,88
E01003029,Lambeth 017A,E02000634,Lambeth 017,E09000022,Lambeth,1860,224,571,592,349,124,936,104,283,316,183,50,924,120,288,276,166,74
E01003030,Lambeth 019D,E02000636,Lambeth 019,E09000022,Lambeth,2032,279,632,744,263,114,1026,127,251,431,156,61,1006,152,381,313,107,53
E01003031,Lambeth 023A,E02000640,Lambeth 023,E09000022,Lambeth,1733,273,574,511,277,98,803,139,244,227,138,55,930,134,330,284,139,43
E01003032,Lambeth 017B,E02000634,Lambeth 017,E09000022,Lambeth,1747,237,485,451,354,220,901,137,246,239,178,101,846,100,239,212,176,119
E01003033,Lambeth 019E,E02000636,Lambeth 019,E09000022,Lambeth,1604,345,344,419,363,133,806,181,157,221,188,59,798,164,187,198,175,74
E01003034,Lambeth 012A,E02000629,Lambeth 012,E09000022,Lambeth,1770,321,452,511,350,136,933,183,242,279,161,68,837,138,210,232,189,68
E01003035,Lambeth 012B,E02000629,Lambeth 012,E09000022,Lambeth,1600,174,592,481,242,111,780,72,268,270,110,60,820,102,324,211,132,51
E01003036,Lambeth 012C,E02000629,Lambeth 012,E09000022,Lambeth,1546,220,425,463,320,118,788,110,216,266,148,48,758,110,209,197,172,70
E01003037,Lambeth 013A,E02000630,Lambeth 013,E09000022,Lambeth,1410,232,344,393,333,108,701,121,154,230,149,47,709,111,190,163,184,61
E01003038,Lambeth 013B,E02000630,Lambeth 013,E09000022,Lambeth,1753,221,541,548,331,112,889,116,248,312,179,34,864,105,293,236,152,78
E01003039,Lambeth 013C,E02000630,Lambeth 013,E09000022,Lambeth,2465,333,707,870,398,157,1341,153,359,529,225,75,1124,180,348,341,173,82
E01003040,Lambeth 013D,E02000630,Lambeth 013,E09000022,Lambeth,1291,195,292,409,261,134,617,95,112,213,132,65,674,100,180,196,129,69
E01003041,Lambeth 017C,E02000634,Lambeth 017,E09000022,Lambeth,1574,255,454,365,325,175,738,119,219,200,135,65,836,136,235,165,190,110
E01003042,Lambeth 013E,E02000630,Lambeth 013,E09000022,Lambeth,1117,139,327,325,228,98,547,91,131,170,108,47,570,48,196,155,120,51
E01003043,Lambeth 018A,E02000635,Lambeth 018,E09000022,Lambeth,1617,240,417,492,305,163,759,114,186,259,128,72,858,126,231,233,177,91
E01003044,Lambeth 018B,E02000635,Lambeth 018,E09000022,Lambeth,941,199,139,235,272,96,468,105,69,118,141,35,473,94,70,117,131,61
E01003045,Lambeth 011A,E02000628,Lambeth 011,E09000022,Lambeth,1894,379,408,427,481,199,954,183,228,235,218,90,940,196,180,192,263,109
E01003046,Lambeth 009A,E02000626,Lambeth 009,E09000022,Lambeth,1695,395,363,392,440,105,806,192,154,184,224,52,889,203,209,208,216,53
E01003047,Lambeth 011B,E02000628,Lambeth 011,E09000022,Lambeth,1742,231,564,459,364,124,878,127,296,244,157,54,864,104,268,215,207,70
E01003048,Lambeth 009B,E02000626,Lambeth 009,E09000022,Lambeth,1808,482,375,376,465,110,877,235,171,192,225,54,931,247,204,184,240,56
E01003049,Lambeth 011C,E02000628,Lambeth 011,E09000022,Lambeth,1743,380,393,461,372,137,850,185,188,243,174,60,893,195,205,218,198,77
E01003050,Lambeth 016B,E02000633,Lambeth 016,E09000022,Lambeth,1823,198,671,591,247,116,897,105,286,335,106,65,926,93,385,256,141,51
E01003051,Lambeth 018C,E02000635,Lambeth 018,E09000022,Lambeth,1878,253,571,591,363,100,980,148,293,329,163,47,898,105,278,262,200,53
E01003052,Lambeth 016C,E02000633,Lambeth 016,E09000022,Lambeth,1882,360,414,471,482,155,956,183,202,267,236,68,926,177,212,204,246,87
E01003053,Lambeth 015B,E02000632,Lambeth 015,E09000022,Lambeth,1680,136,608,605,233,98,807,77,258,324,100,48,873,59,350,281,133,50
E01003054,Lambeth 015C,E02000632,Lambeth 015,E09000022,Lambeth,2079,180,944,687,182,86,1038,92,437,389,82,38,1041,88,507,298,100,48
E01003055,Lambeth 016D,E02000633,Lambeth 016,E09000022,Lambeth,1708,164,441,614,336,153,868,80,191,347,188,62,840,84,250,267,148,91
E01003056,Lambeth 015D,E02000632,Lambeth 015,E09000022,Lambeth,1581,154,565,496,283,83,787,87,254,268,139,39,794,67,311,228,144,44
E01003057,Lambeth 017D,E02000634,Lambeth 017,E09000022,Lambeth,1589,291,508,380,312,98,748,147,226,179,157,39,841,144,282,201,155,59
E01003058,Lambeth 015E,E02000632,Lambeth 015,E09000022,Lambeth,1818,187,724,547,246,114,923,110,338,328,100,47,895,77,386,219,146,67
E01003059,Lambeth 011D,E02000628,Lambeth 011,E09000022,Lambeth,1720,300,402,474,387,157,902,154,215,267,197,69,818,146,187,207,190,88
E01003060,Lambeth 011E,E02000628,Lambeth 011,E09000022,Lambeth,1554,301,307,437,342,167,781,173,139,239,157,73,773,128,168,198,185,94
E01003061,Lambeth 011F,E02000628,Lambeth 011,E09000022,Lambeth,1035,106,264,342,250,73,556,63,120,209,120,44,479,43,144,133,130,29
E01003062,Lambeth 033A,E02000650,Lambeth 033,E09000022,Lambeth,2027,400,298,717,466,146,1004,221,123,367,225,68,1023,179,175,350,241,78
E01003063,Lambeth 033B,E02000650,Lambeth 033,E09000022,Lambeth,1402,330,172,405,391,104,683,163,77,200,196,47,719,167,95,205,195,57
E01003064,Lambeth 028A,E02000645,Lambeth 028,E09000022,Lambeth,1503,362,224,483,310,124,732,189,108,218,156,61,771,173,116,265,154,63
E01003065,Lambeth 031A,E02000648,Lambeth 031,E09000022,Lambeth,1568,443,230,416,341,138,712,217,104,168,161,62,856,226,126,248,180,76
E01003066,Lambeth 028B,E02000645,Lambeth 028,E09000022,Lambeth,1883,389,350,558,428,158,886,209,159,288,172,58,997,180,191,270,256,100
E01003067,Lambeth 033C,E02000650,Lambeth 033,E09000022,Lambeth,1481,351,190,442,353,145,684,166,84,217,164,53,797,185,106,225,189,92
E01003068,Lambeth 031B,E02000648,Lambeth 031,E09000022,Lambeth,1644,448,227,455,368,146,757,222,106,206,161,62,887,226,121,249,207,84
E01003069,Lambeth 033D,E02000650,Lambeth 033,E09000022,Lambeth,1404,380,186,335,348,155,643,182,99,150,146,66,761,198,87,185,202,89
E01003070,Lambeth 033E,E02000650,Lambeth 033,E09000022,Lambeth,1484,332,227,419,376,130,731,187,119,199,177,49,753,145,108,220,199,81
E01003071,Lambeth 018D,E02000635,Lambeth 018,E09000022,Lambeth,2501,419,652,851,443,136,1293,221,308,481,214,69,1208,198,344,370,229,67
E01003072,Lambeth 014A,E02000631,Lambeth 014,E09000022,Lambeth,1911,368,312,493,466,272,935,200,131,257,222,125,976,168,181,236,244,147
E01003073,Lambeth 014B,E02000631,Lambeth 014,E09000022,Lambeth,1758,388,331,467,394,178,869,220,170,226,185,68,889,168,161,241,209,110
E01003074,Lambeth 018E,E02000635,Lambeth 018,E09000022,Lambeth,2354,411,466,799,523,155,1161,199,197,430,275,60,1193,212,269,369,248,95
E01003075,Lambeth 009C,E02000626,Lambeth 009,E09000022,Lambeth,1589,379,278,370,423,139,756,171,120,185,204,76,833,208,158,185,219,63
E01003076,Lambeth 014C,E02000631,Lambeth 014,E09000022,Lambeth,2219,336,594,769,427,93,1078,137,297,400,202,42,1141,199,297,369,225,51
E01003077,Lambeth 014D,E02000631,Lambeth 014,E09000022,Lambeth,1867,284,468,613,370,132,910,154,191,302,201,62,957,130,277,311,169,70
E01003078,Lambeth 014E,E02000631,Lambeth 014,E09000022,Lambeth,1697,325,249,454,480,189,838,174,139,239,206,80,859,151,110,215,274,109
E01003079,Lambeth 027A,E02000644,Lambeth 027,E09000022,Lambeth,1753,464,288,485,386,130,843,212,123,237,205,66,910,252,165,248,181,64
E01003080,Lambeth 027B,E02000644,Lambeth 027,E09000022,Lambeth,1818,428,254,608,383,145,910,241,135,307,176,51,908,187,119,301,207,94
E01003081,Lambeth 028C,E02000645,Lambeth 028,E09000022,Lambeth,2023,439,347,636,487,114,1017,221,178,322,235,61,1006,218,169,314,252,53
E01003082,Lambeth 031C,E02000648,Lambeth 031,E09000022,Lambeth,1596,390,186,423,376,221,786,219,90,196,177,104,810,171,96,227,199,117
E01003083,Lambeth 030A,E02000647,Lambeth 030,E09000022,Lambeth,1643,300,249,407,468,219,822,166,128,212,209,107,821,134,121,195,259,112
E01003084,Lambeth 030B,E02000647,Lambeth 030,E09000022,Lambeth,1682,343,274,507,382,176,844,186,144,268,181,65,838,157,130,239,201,111
E01003085,Lambeth 030C,E02000647,Lambeth 030,E09000022,Lambeth,1972,443,282,443,500,304,1008,227,153,251,239,138,964,216,129,192,261,166
E01003086,Lambeth 031D,E02000648,Lambeth 031,E09000022,Lambeth,1767,445,303,431,439,149,832,211,138,214,199,70,935,234,165,217,240,79
E01003087,Lambeth 031E,E02000648,Lambeth 031,E09000022,Lambeth,1773,529,274,443,387,140,872,292,141,192,184,63,901,237,133,251,203,77
E01003088,Lambeth 010A,E02000627,Lambeth 010,E09000022,Lambeth,1586,231,519,451,293,92,749,115,243,242,117,32,837,116,276,209,176,60
E01003089,Lambeth 008A,E02000625,Lambeth 008,E09000022,Lambeth,1820,359,473,485,407,96,932,201,232,249,205,45,888,158,241,236,202,51
E01003090,Lambeth 012D,E02000629,Lambeth 012,E09000022,Lambeth,2348,204,897,774,336,137,1206,121,374,470,172,69,1142,83,523,304,164,68
E01003091,Lambeth 008B,E02000625,Lambeth 008,E09000022,Lambeth,1602,314,447,419,314,108,754,161,205,212,149,27,848,153,242,207,165,81
E01003092,Lambeth 008C,E02000625,Lambeth 008,E09000022,Lambeth,1967,385,458,567,414,143,1010,201,207,335,211,56,957,184,251,232,203,87
E01003093,Lambeth 010B,E02000627,Lambeth 010,E09000022,Lambeth,2609,606,602,686,473,242,1263,314,284,342,209,114,1346,292,318,344,264,128
E01003094,Lambeth 010C,E02000627,Lambeth 010,E09000022,Lambeth,1490,172,446,399,316,157,751,87,231,236,140,57,739,85,215,163,176,100
E01003095,Lambeth 012E,E02000629,Lambeth 012,E09000022,Lambeth,1773,257,536,472,375,133,905,136,264,266,189,50,868,121,272,206,186,83
E01003096,Lambeth 010D,E02000627,Lambeth 010,E09000022,Lambeth,2443,145,1134,747,293,124,1256,79,495,481,143,58,1187,66,639,266,150,66
E01003097,Lambeth 006A,E02000623,Lambeth 006,E09000022,Lambeth,1652,263,349,422,388,230,880,141,182,248,210,99,772,122,167,174,178,131
E01003098,Lambeth 005A,E02000622,Lambeth 005,E09000022,Lambeth,1509,229,323,431,363,163,818,132,175,243,197,71,691,97,148,188,166,92
E01003099,Lambeth 005B,E02000622,Lambeth 005,E09000022,Lambeth,1822,286,472,583,367,114,975,155,239,332,198,51,847,131,233,251,169,63
E01003100,Lambeth 005C,E02000622,Lambeth 005,E09000022,Lambeth,2020,170,770,720,290,70,1161,83,393,457,192,36,859,87,377,263,98,34
E01003101,Lambeth 003A,E02000620,Lambeth 003,E09000022,Lambeth,1580,257,440,447,327,109,774,120,221,244,142,47,806,137,219,203,185,62
E01003102,Lambeth 004A,E02000621,Lambeth 004,E09000022,Lambeth,1832,134,557,580,367,194,971,79,271,349,201,71,861,55,286,231,166,123
E01003104,Lambeth 004C,E02000621,Lambeth 004,E09000022,Lambeth,1674,172,513,519,328,142,899,90,245,303,187,74,775,82,268,216,141,68
E01003105,Lambeth 003B,E02000620,Lambeth 003,E09000022,Lambeth,1911,326,427,542,426,190,969,177,201,302,208,81,942,149,226,240,218,109
E01003106,Lambeth 003C,E02000620,Lambeth 003,E09000022,Lambeth,2173,428,417,588,519,221,1150,210,231,329,285,95,1023,218,186,259,234,126
E01003107,Lambeth 003D,E02000620,Lambeth 003,E09000022,Lambeth,1977,228,515,643,433,158,1160,120,269,437,268,66,817,108,246,206,165,92
E01003108,Lambeth 002B,E02000619,Lambeth 002,E09000022,Lambeth,1594,312,252,436,381,213,806,153,129,229,198,97,788,159,123,207,183,116
E01003109,Lambeth 003E,E02000620,Lambeth 003,E09000022,Lambeth,2981,427,836,881,635,202,1569,191,390,550,352,86,1412,236,446,331,283,116
E01003110,Lambeth 002C,E02000619,Lambeth 002,E09000022,Lambeth,2206,328,479,638,506,255,1114,152,222,364,268,108,1092,176,257,274,238,147
E01003111,Lambeth 002D,E02000619,Lambeth 002,E09000022,Lambeth,1728,340,294,432,460,202,872,178,155,228,227,84,856,162,139,204,233,118
E01003112,Lambeth 002E,E02000619,Lambeth 002,E09000022,Lambeth,1855,326,379,504,478,168,1002,171,186,286,268,91,853,155,193,218,210,77
E01003113,Lambeth 032A,E02000649,Lambeth 032,E09000022,Lambeth,2194,391,444,749,471,139,1116,182,239,383,248,64,1078,209,205,366,223,75
E01003114,Lambeth 032B,E02000649,Lambeth 032,E09000022,Lambeth,2407,456,503,908,401,139,1221,251,200,494,206,70,1186,205,303,414,195,69
E01003115,Lambeth 034A,E02000651,Lambeth 034,E09000022,Lambeth,1721,360,311,589,359,102,838,199,138,298,163,40,883,161,173,291,196,62
E01003116,Lambeth 029A,E02000646,Lambeth 029,E09000022,Lambeth,1662,298,286,443,391,244,784,153,115,227,195,94,878,145,171,216,196,150
E01003117,Lambeth 029B,E02000646,Lambeth 029,E09000022,Lambeth,2168,349,443,804,370,202,1089,163,196,435,202,93,1079,186,247,369,168,109
E01003118,Lambeth 029C,E02000646,Lambeth 029,E09000022,Lambeth,2066,424,368,632,417,225,1032,229,183,324,197,99,1034,195,185,308,220,126
E01003119,Lambeth 032C,E02000649,Lambeth 032,E09000022,Lambeth,2317,429,419,819,467,183,1252,217,195,488,253,99,1065,212,224,331,214,84
E01003120,Lambeth 032D,E02000649,Lambeth 032,E09000022,Lambeth,2714,442,570,981,550,171,1433,277,258,517,277,104,1281,165,312,464,273,67
E01003121,Lambeth 006B,E02000623,Lambeth 006,E09000022,Lambeth,1527,324,314,380,378,131,780,154,153,215,192,66,747,170,161,165,186,65
E01003122,Lambeth 004D,E02000621,Lambeth 004,E09000022,Lambeth,2119,256,554,833,368,108,1204,126,278,568,190,42,915,130,276,265,178,66
E01003123,Lambeth 006C,E02000623,Lambeth 006,E09000022,Lambeth,1642,177,336,518,460,151,908,85,178,333,238,74,734,92,158,185,222,77
E01003124,Lambeth 006D,E02000623,Lambeth 006,E09000022,Lambeth,1482,219,355,430,316,162,807,108,192,261,168,78,675,111,163,169,148,84
E01003125,Lambeth 006E,E02000623,Lambeth 006,E09000022,Lambeth,1796,396,339,426,436,199,878,216,158,208,199,97,918,180,181,218,237,102
E01003126,Lambeth 008D,E02000625,Lambeth 008,E09000022,Lambeth,1535,261,359,439,379,97,806,151,184,259,183,29,729,110,175,180,196,68
E01003127,Lambeth 010E,E02000627,Lambeth 010,E09000022,Lambeth,1789,264,477,463,431,154,960,141,238,256,234,91,829,123,239,207,197,63
E01003128,Lambeth 008E,E02000625,Lambeth 008,E09000022,Lambeth,1558,301,348,432,353,124,828,145,189,245,197,52,730,156,159,187,156,72
E01003129,Lambeth 004E,E02000621,Lambeth 004,E09000022,Lambeth,1798,227,433,599,377,162,927,125,205,349,181,67,871,102,228,250,196,95
E01003130,Lambeth 026A,E02000643,Lambeth 026,E09000022,Lambeth,1966,370,282,686,449,179,1005,174,135,369,239,88,961,196,147,317,210,91
E01003131,Lambeth 026B,E02000643,Lambeth 026,E09000022,Lambeth,2120,326,509,708,415,162,1030,145,214,396,198,77,1090,181,295,312,217,85
E01003132,Lambeth 024A,E02000641,Lambeth 024,E09000022,Lambeth,1665,353,302,401,387,222,793,179,157,195,173,89,872,174,145,206,214,133
E01003133,Lambeth 027C,E02000644,Lambeth 027,E09000022,Lambeth,1620,309,291,544,368,108,812,164,131,290,184,43,808,145,160,254,184,65
E01003134,Lambeth 027D,E02000644,Lambeth 027,E09000022,Lambeth,1601,299,301,465,369,167,787,140,133,255,174,85,814,159,168,210,195,82
E01003135,Lambeth 026C,E02000643,Lambeth 026,E09000022,Lambeth,1747,228,407,575,383,154,833,111,146,307,202,67,914,117,261,268,181,87
E01003136,Lambeth 022A,E02000639,Lambeth 022,E09000022,Lambeth,1739,256,412,605,346,120,874,143,209,279,186,57,865,113,203,326,160,63
E01003137,Lambeth 022B,E02000639,Lambeth 022,E09000022,Lambeth,1625,310,298,479,403,135,819,160,155,241,217,46,806,150,143,238,186,89
E01003138,Lambeth 026D,E02000643,Lambeth 026,E09000022,Lambeth,1788,334,317,705,310,122,893,178,116,374,163,62,895,156,201,331,147,60
E01003139,Lambeth 035A,E02000652,Lambeth 035,E09000022,Lambeth,1740,387,253,521,392,187,863,192,119,283,180,89,877,195,134,238,212,98
E01003140,Lambeth 035B,E02000652,Lambeth 035,E09000022,Lambeth,1524,351,220,414,378,161,792,181,121,238,182,70,732,170,99,176,196,91
E01003141,Lambeth 034B,E02000651,Lambeth 034,E09000022,Lambeth,1842,376,232,534,455,245,932,197,105,277,227,126,910,179,127,257,228,119
E01003142,Lambeth 035C,E02000652,Lambeth 035,E09000022,Lambeth,1461,322,235,385,312,207,765,155,132,235,155,88,696,167,103,150,157,119
E01003143,Lambeth 035D,E02000652,Lambeth 035,E09000022,Lambeth,1472,295,218,351,383,225,736,162,123,196,186,69,736,133,95,155,197,156
E01003144,Lambeth 034C,E02000651,Lambeth 034,E09000022,Lambeth,1537,286,217,317,460,257,811,158,112,173,240,128,726,128,105,144,220,129
E01003145,Lambeth 034D,E02000651,Lambeth 034,E09000022,Lambeth,1944,304,375,681,383,201,960,137,164,356,210,93,984,167,211,325,173,108
E01003146,Lambeth 035E,E02000652,Lambeth 035,E09000022,Lambeth,1663,335,329,484,377,138,891,174,174,290,185,68,772,161,155,194,192,70
E01003147,Lambeth 034E,E02000651,Lambeth 034,E09000022,Lambeth,2112,408,377,635,508,184,1090,204,169,354,278,85,1022,204,208,281,230,99
E01003148,Lambeth 032E,E02000649,Lambeth 032,E09000022,Lambeth,2016,376,411,634,464,131,1018,196,194,340,231,57,998,180,217,294,233,74
E01003149,Lambeth 030D,E02000647,Lambeth 030,E09000022,Lambeth,1966,427,239,631,412,257,983,205,106,364,209,99,983,222,133,267,203,158
E01003150,Lambeth 032F,E02000649,Lambeth 032,E09000022,Lambeth,1938,431,359,625,337,186,926,230,161,311,145,79,1012,201,198,314,192,107
E01003151,Lambeth 026E,E02000643,Lambeth 026,E09000022,Lambeth,2013,467,400,626,348,172,897,224,172,284,145,72,1116,243,228,342,203,100
E01003152,Lambeth 027E,E02000644,Lambeth 027,E09000022,Lambeth,2184,382,422,781,410,189,1104,197,189,445,201,72,1080,185,233,336,209,117
E01003153,Lambeth 029D,E02000646,Lambeth 029,E09000022,Lambeth,2429,239,634,1074,362,120,1235,104,284,598,188,61,1194,135,350,476,174,59
E01003154,Lambeth 030E,E02000647,Lambeth 030,E09000022,Lambeth,2020,432,326,574,468,220,1013,219,159,296,227,112,1007,213,167,278,241,108
E01003155,Lambeth 029E,E02000646,Lambeth 029,E09000022,Lambeth,2043,344,335,665,495,204,1047,180,147,347,275,98,996,164,188,318,220,106
E01003156,Lambeth 023B,E02000640,Lambeth 023,E09000022,Lambeth,1716,292,452,530,318,124,840,151,204,263,161,61,876,141,248,267,157,63
E01003157,Lambeth 023C,E02000640,Lambeth 023,E09000022,Lambeth,1761,420,287,579,309,166,832,209,107,301,148,67,929,211,180,278,161,99
E01003158,Lambeth 023D,E02000640,Lambeth 023,E09000022,Lambeth,1789,299,416,664,299,111,864,152,148,365,152,47,925,147,268,299,147,64
E01003159,Lambeth 022C,E02000639,Lambeth 022,E09000022,Lambeth,1346,213,315,388,329,101,657,118,161,196,141,41,689,95,154,192,188,60
E01003160,Lambeth 022D,E02000639,Lambeth 022,E09000022,Lambeth,1422,249,376,342,368,87,677,133,178,157,173,36,745,116,198,185,195,51
E01003161,Lambeth 023E,E02000640,Lambeth 023,E09000022,Lambeth,1232,255,344,324,191,118,579,132,171,154,77,45,653,123,173,170,114,73
E01003162,Lambeth 022E,E02000639,Lambeth 022,E09000022,Lambeth,1965,415,415,500,499,136,921,204,193,220,240,64,1044,211,222,280,259,72
E01003163,Lambeth 023F,E02000640,Lambeth 023,E09000022,Lambeth,1645,310,373,412,339,211,765,151,163,201,162,88,880,159,210,211,177,123
E01003164,Lambeth 025A,E02000642,Lambeth 025,E09000022,Lambeth,2207,474,459,680,438,156,1067,248,210,329,208,72,1140,226,249,351,230,84
E01003165,Lambeth 025B,E02000642,Lambeth 025,E09000022,Lambeth,1555,319,234,368,381,253,769,185,105,173,197,109,786,134,129,195,184,144
E01003166,Lambeth 028D,E02000645,Lambeth 028,E09000022,Lambeth,2656,574,472,902,533,175,1300,312,203,426,273,86,1356,262,269,476,260,89
E01003167,Lambeth 028E,E02000645,Lambeth 028,E09000022,Lambeth,1777,400,235,468,437,237,909,205,130,235,229,110,868,195,105,233,208,127
E01003168,Lambeth 025C,E02000642,Lambeth 025,E09000022,Lambeth,1598,348,299,371,400,180,763,169,178,179,177,60,835,179,121,192,223,120
E01003169,Lambeth 025D,E02000642,Lambeth 025,E09000022,Lambeth,2413,531,409,796,525,152,1203,264,186,426,263,64,1210,267,223,370,262,88
E01003170,Lambeth 025E,E02000642,Lambeth 025,E09000022,Lambeth,1971,469,232,532,455,283,951,247,110,275,210,109,1020,222,122,257,245,174
E01003171,Lambeth 020B,E02000637,Lambeth 020,E09000022,Lambeth,1701,250,449,562,315,125,827,138,197,290,146,56,874,112,252,272,169,69
E01003172,Lambeth 024B,E02000641,Lambeth 024,E09000022,Lambeth,1930,421,384,610,349,166,1025,236,197,338,179,75,905,185,187,272,170,91
E01003173,Lambeth 020C,E02000637,Lambeth 020,E09000022,Lambeth,1708,245,372,571,366,154,816,104,170,329,162,51,892,141,202,242,204,103
E01003174,Lambeth 024C,E02000641,Lambeth 024,E09000022,Lambeth,1904,460,381,497,459,107,848,215,171,229,183,50,1056,245,210,268,276,57
E01003175,Lambeth 024D,E02000641,Lambeth 024,E09000022,Lambeth,1528,339,294,382,390,123,735,160,157,194,170,54,793,179,137,188,220,69
E01003176,Lambeth 016E,E02000633,Lambeth 016,E09000022,Lambeth,1993,479,404,529,427,154,919,229,164,248,209,69,1074,250,240,281,218,85
E01003177,Lambeth 020D,E02000637,Lambeth 020,E09000022,Lambeth,1785,301,445,634,291,114,906,137,229,341,150,49,879,164,216,293,141,65
E01003178,Lambeth 020E,E02000637,Lambeth 020,E09000022,Lambeth,1674,233,423,557,314,147,845,127,189,309,155,65,829,106,234,248,159,82
E01003179,Lambeth 024E,E02000641,Lambeth 024,E09000022,Lambeth,1659,425,389,385,342,118,755,193,190,165,148,59,904,232,199,220,194,59
E01003180,Lambeth 005D,E02000622,Lambeth 005,E09000022,Lambeth,1751,257,417,475,449,153,903,151,184,286,232,50,848,106,233,189,217,103
E01003181,Lambeth 007A,E02000624,Lambeth 007,E09000022,Lambeth,1430,219,332,400,342,137,736,114,162,250,161,49,694,105,170,150,181,88
E01003182,Lambeth 009D,E02000626,Lambeth 009,E09000022,Lambeth,1968,365,473,492,510,128,1075,183,265,276,287,64,893,182,208,216,223,64
E01003183,Lambeth 005E,E02000622,Lambeth 005,E09000022,Lambeth,1776,342,407,453,397,177,931,164,186,296,191,94,845,178,221,157,206,83
E01003184,Lambeth 007B,E02000624,Lambeth 007,E09000022,Lambeth,1231,284,231,369,264,83,624,143,112,205,112,52,607,141,119,164,152,31
E01003185,Lambeth 007C,E02000624,Lambeth 007,E09000022,Lambeth,1620,206,417,552,306,139,866,83,212,340,172,59,754,123,205,212,134,80
E01003186,Lambeth 007D,E02000624,Lambeth 007,E09000022,Lambeth,2815,353,912,898,497,155,1553,185,470,533,291,74,1262,168,442,365,206,81
E01003187,Lambeth 007E,E02000624,Lambeth 007,E09000022,Lambeth,1844,336,458,538,370,142,902,162,245,292,153,50,942,174,213,246,217,92
E01003188,Lambeth 009E,E02000626,Lambeth 009,E09000022,Lambeth,1262,213,262,340,353,94,587,110,112,160,165,40,675,103,150,180,188,54
E01003189,Lewisham 034A,E02000686,Lewisham 034,E09000023,Lewisham,1720,474,263,342,464,177,825,247,133,157,214,74,895,227,130,185,250,103
E01003190,Lewisham 034B,E02000686,Lewisham 034,E09000023,Lewisham,2400,701,341,682,536,140,1144,390,129,322,238,65,1256,311,212,360,298,75
E01003191,Lewisham 034C,E02000686,Lewisham 034,E09000023,Lewisham,1652,398,251,406,429,168,753,162,114,183,197,97,899,236,137,223,232,71
E01003192,Lewisham 034D,E02000686,Lewisham 034,E09000023,Lewisham,1723,412,269,428,435,179,838,208,116,190,242,82,885,204,153,238,193,97
E01003193,Lewisham 029A,E02000681,Lewisham 029,E09000023,Lewisham,1715,366,281,388,423,257,839,182,142,194,213,108,876,184,139,194,210,149
E01003194,Lewisham 029B,E02000681,Lewisham 029,E09000023,Lewisham,1872,415,268,459,482,248,907,235,122,227,222,101,965,180,146,232,260,147
E01003195,Lewisham 029C,E02000681,Lewisham 029,E09000023,Lewisham,1610,360,218,390,444,198,799,200,111,193,212,83,811,160,107,197,232,115
E01003196,Lewisham 029D,E02000681,Lewisham 029,E09000023,Lewisham,1863,527,243,452,457,184,911,292,130,201,218,70,952,235,113,251,239,114
E01003197,Lewisham 029E,E02000681,Lewisham 029,E09000023,Lewisham,1687,395,220,383,510,179,829,229,117,187,225,71,858,166,103,196,285,108
E01003198,Lewisham 009A,E02000661,Lewisham 009,E09000023,Lewisham,1512,315,208,431,344,214,673,137,95,197,167,77,839,178,113,234,177,137
E01003199,Lewisham 007A,E02000659,Lewisham 007,E09000023,Lewisham,1896,304,350,578,444,220,947,146,166,311,218,106,949,158,184,267,226,114
E01003200,Lewisham 009B,E02000661,Lewisham 009,E09000023,Lewisham,1734,296,336,497,412,193,895,140,198,257,215,85,839,156,138,240,197,108
E01003201,Lewisham 007B,E02000659,Lewisham 007,E09000023,Lewisham,1700,321,355,430,464,130,817,160,179,228,202,48,883,161,176,202,262,82
E01003202,Lewisham 009C,E02000661,Lewisham 009,E09000023,Lewisham,1623,259,215,452,384,313,750,115,95,224,190,126,873,144,120,228,194,187
E01003203,Lewisham 009D,E02000661,Lewisham 009,E09000023,Lewisham,2017,301,354,698,470,194,1066,139,162,390,279,96,951,162,192,308,191,98
E01003204,Lewisham 007C,E02000659,Lewisham 007,E09000023,Lewisham,1630,328,333,488,350,131,785,149,143,270,161,62,845,179,190,218,189,69
E01003205,Lewisham 007D,E02000659,Lewisham 007,E09000023,Lewisham,1359,336,299,339,268,117,659,187,152,133,114,73,700,149,147,206,154,44
E01003206,Lewisham 007E,E02000659,Lewisham 007,E09000023,Lewisham,1712,318,266,572,385,171,867,150,103,323,208,83,845,168,163,249,177,88
E01003207,Lewisham 005A,E02000657,Lewisham 005,E09000023,Lewisham,1781,302,439,522,337,181,915,158,207,274,166,110,866,144,232,248,171,71
E01003209,Lewisham 005B,E02000657,Lewisham 005,E09000023,Lewisham,2047,327,739,433,418,130,976,174,330,217,198,57,1071,153,409,216,220,73
E01003210,Lewisham 005C,E02000657,Lewisham 005,E09000023,Lewisham,1993,337,433,768,360,95,1038,174,214,416,186,48,955,163,219,352,174,47
E01003211,Lewisham 008B,E02000660,Lewisham 008,E09000023,Lewisham,1555,256,326,562,307,104,775,147,132,288,159,49,780,109,194,274,148,55
E01003212,Lewisham 005D,E02000657,Lewisham 005,E09000023,Lewisham,2130,314,560,625,442,189,1085,185,252,351,212,85,1045,129,308,274,230,104
E01003213,Lewisham 008C,E02000660,Lewisham 008,E09000023,Lewisham,2075,365,480,729,361,140,1005,154,192,411,185,63,1070,211,288,318,176,77
E01003214,Lewisham 008D,E02000660,Lewisham 008,E09000023,Lewisham,1880,382,372,515,479,132,874,179,165,245,224,61,1006,203,207,270,255,71
E01003215,Lewisham 005E,E02000657,Lewisham 005,E09000023,Lewisham,2038,295,889,519,244,91,919,140,399,241,102,37,1119,155,490,278,142,54
E01003216,Lewisham 025A,E02000677,Lewisham 025,E09000023,Lewisham,2006,434,348,466,578,180,1000,238,178,209,296,79,1006,196,170,257,282,101
E01003217,Lewisham 022A,E02000674,Lewisham 022,E09000023,Lewisham,1641,378,236,364,472,191,739,200,105,168,194,72,902,178,131,196,278,119
E01003218,Lewisham 022B,E02000674,Lewisham 022,E09000023,Lewisham,1642,365,256,395,434,192,796,201,124,190,201,80,846,164,132,205,233,112
E01003219,Lewisham 025B,E02000677,Lewisham 025,E09000023,Lewisham,1739,343,320,363,470,243,799,157,183,158,212,89,940,186,137,205,258,154
E01003220,Lewisham 022C,E02000674,Lewisham 022,E09000023,Lewisham,1799,290,282,546,471,210,862,160,118,286,206,92,937,130,164,260,265,118
E01003221,Lewisham 025C,E02000677,Lewisham 025,E09000023,Lewisham,2148,481,358,531,520,258,1070,271,181,265,256,97,1078,210,177,266,264,161
E01003222,Lewisham 022D,E02000674,Lewisham 022,E09000023,Lewisham,1740,350,285,430,496,179,872,184,153,235,237,63,868,166,132,195,259,116
E01003223,Lewisham 025D,E02000677,Lewisham 025,E09000023,Lewisham,1677,280,306,326,509,256,837,151,151,147,262,126,840,129,155,179,247,130
E01003224,Lewisham 022E,E02000674,Lewisham 022,E09000023,Lewisham,1775,418,285,428,462,182,861,231,135,201,230,64,914,187,150,227,232,118
E01003225,Lewisham 015A,E02000667,Lewisham 015,E09000023,Lewisham,1630,392,158,512,388,180,801,209,70,256,192,74,829,183,88,256,196,106
E01003226,Lewisham 019A,E02000671,Lewisham 019,E09000023,Lewisham,1717,324,299,562,377,155,883,189,148,303,180,63,834,135,151,259,197,92
E01003227,Lewisham 019B,E02000671,Lewisham 019,E09000023,Lewisham,1736,353,243,537,423,180,887,174,132,274,220,87,849,179,111,263,203,93
E01003228,Lewisham 019C,E02000671,Lewisham 019,E09000023,Lewisham,1578,316,182,611,328,141,759,155,76,308,159,61,819,161,106,303,169,80
E01003229,Lewisham 019D,E02000671,Lewisham 019,E09000023,Lewisham,1700,326,265,489,449,171,829,150,158,214,226,81,871,176,107,275,223,90
E01003230,Lewisham 019E,E02000671,Lewisham 019,E09000023,Lewisham,2035,448,332,658,438,159,974,224,155,317,193,85,1061,224,177,341,245,74
E01003231,Lewisham 015B,E02000667,Lewisham 015,E09000023,Lewisham,1640,324,376,473,346,121,798,149,195,245,161,48,842,175,181,228,185,73
E01003232,Lewisham 015C,E02000667,Lewisham 015,E09000023,Lewisham,1854,440,248,539,426,201,826,159,114,251,223,79,1028,281,134,288,203,122
E01003233,Lewisham 015D,E02000667,Lewisham 015,E09000023,Lewisham,1810,384,244,591,414,177,909,180,110,336,204,79,901,204,134,255,210,98
E01003235,Lewisham 038A,E02006784,Lewisham 038,E09000023,Lewisham,1314,276,229,285,364,160,645,130,120,148,168,79,669,146,109,137,196,81
E01003236,Lewisham 037A,E02006783,Lewisham 037,E09000023,Lewisham,1686,424,261,451,406,144,841,237,118,234,176,76,845,187,143,217,230,68
E01003237,Lewisham 037B,E02006783,Lewisham 037,E09000023,Lewisham,1648,420,237,360,449,182,768,227,106,145,216,74,880,193,131,215,233,108
E01003238,Lewisham 037C,E02006783,Lewisham 037,E09000023,Lewisham,1415,355,199,385,354,122,645,183,91,169,152,50,770,172,108,216,202,72
E01003239,Lewisham 037D,E02006783,Lewisham 037,E09000023,Lewisham,1555,382,249,357,419,148,706,184,116,151,210,45,849,198,133,206,209,103
E01003240,Lewisham 038B,E02006784,Lewisham 038,E09000023,Lewisham,1955,500,300,500,445,210,914,259,135,238,201,81,1041,241,165,262,244,129
E01003241,Lewisham 038C,E02006784,Lewisham 038,E09000023,Lewisham,1669,250,196,354,479,390,803,131,92,190,228,162,866,119,104,164,251,228
E01003243,Lewisham 038D,E02006784,Lewisham 038,E09000023,Lewisham,1499,343,262,359,365,170,705,173,125,175,167,65,794,170,137,184,198,105
E01003244,Lewisham 001A,E02000653,Lewisham 001,E09000023,Lewisham,1708,513,339,407,373,76,862,251,179,176,223,33,846,262,160,231,150,43
E01003245,Lewisham 001B,E02000653,Lewisham 001,E09000023,Lewisham,1869,460,460,501,360,88,920,253,249,236,135,47,949,207,211,265,225,41
E01003246,Lewisham 002A,E02000654,Lewisham 002,E09000023,Lewisham,1855,376,461,487,418,113,904,185,222,257,198,42,951,191,239,230,220,71
E01003247,Lewisham 001C,E02000653,Lewisham 001,E09000023,Lewisham,2263,265,702,799,366,131,1163,127,332,455,208,41,1100,138,370,344,158,90
E01003248,Lewisham 002B,E02000654,Lewisham 002,E09000023,Lewisham,1694,370,382,486,376,80,834,179,199,232,181,43,860,191,183,254,195,37
E01003249,Lewisham 001D,E02000653,Lewisham 001,E09000023,Lewisham,2082,286,507,708,444,137,1102,155,285,385,206,71,980,131,222,323,238,66
E01003250,Lewisham 001E,E02000653,Lewisham 001,E09000023,Lewisham,3846,542,1202,1371,541,190,1991,249,659,691,303,89,1855,293,543,680,238,101
E01003251,Lewisham 002C,E02000654,Lewisham 002,E09000023,Lewisham,2218,548,568,535,435,132,1024,257,252,248,204,63,1194,291,316,287,231,69
E01003252,Lewisham 002D,E02000654,Lewisham 002,E09000023,Lewisham,1473,416,244,323,376,114,674,209,115,150,148,52,799,207,129,173,228,62
E01003253,Lewisham 002E,E02000654,Lewisham 002,E09000023,Lewisham,1570,277,302,453,344,194,790,133,136,226,198,97,780,144,166,227,146,97
E01003254,Lewisham 021A,E02000673,Lewisham 021,E09000023,Lewisham,1544,342,182,421,390,209,797,210,93,212,178,104,747,132,89,209,212,105
E01003255,Lewisham 021B,E02000673,Lewisham 021,E09000023,Lewisham,2229,314,425,875,471,144,1174,165,224,482,239,64,1055,149,201,393,232,80
E01003256,Lewisham 028A,E02000680,Lewisham 028,E09000023,Lewisham,2531,538,490,770,505,228,1362,284,290,419,252,117,1169,254,200,351,253,111
E01003257,Lewisham 028B,E02000680,Lewisham 028,E09000023,Lewisham,1706,366,239,434,416,251,831,193,106,208,215,109,875,173,133,226,201,142
E01003258,Lewisham 028C,E02000680,Lewisham 028,E09000023,Lewisham,1554,416,323,372,364,79,802,222,182,180,171,47,752,194,141,192,193,32
E01003259,Lewisham 028D,E02000680,Lewisham 028,E09000023,Lewisham,1838,389,240,607,454,148,911,207,106,316,217,65,927,182,134,291,237,83
E01003260,Lewisham 021C,E02000673,Lewisham 021,E09000023,Lewisham,1982,627,243,468,443,201,1020,367,123,224,218,88,962,260,120,244,225,113
E01003261,Lewisham 021D,E02000673,Lewisham 021,E09000023,Lewisham,1504,338,214,409,359,184,728,180,109,194,172,73,776,158,105,215,187,111
E01003262,Lewisham 021E,E02000673,Lewisham 021,E09000023,Lewisham,1533,381,222,496,323,111,707,158,107,244,148,50,826,223,115,252,175,61
E01003263,Lewisham 023A,E02000675,Lewisham 023,E09000023,Lewisham,1802,409,259,442,467,225,887,230,106,196,242,113,915,179,153,246,225,112
E01003264,Lewisham 031A,E02000683,Lewisham 031,E09000023,Lewisham,1553,328,221,408,369,227,720,168,104,202,165,81,833,160,117,206,204,146
E01003265,Lewisham 031B,E02000683,Lewisham 031,E09000023,Lewisham,1661,429,305,473,347,107,815,249,141,211,157,57,846,180,164,262,190,50
E01003266,Lewisham 031C,E02000683,Lewisham 031,E09000023,Lewisham,1755,377,255,422,442,259,866,218,131,203,204,110,889,159,124,219,238,149
E01003267,Lewisham 031D,E02000683,Lewisham 031,E09000023,Lewisham,1575,347,233,355,444,196,772,174,125,179,220,74,803,173,108,176,224,122
E01003268,Lewisham 023B,E02000675,Lewisham 023,E09000023,Lewisham,1919,407,357,546,432,177,973,231,169,282,222,69,946,176,188,264,210,108
E01003269,Lewisham 023C,E02000675,Lewisham 023,E09000023,Lewisham,1659,334,260,399,448,218,782,160,126,188,209,99,877,174,134,211,239,119
E01003270,Lewisham 023D,E02000675,Lewisham 023,E09000023,Lewisham,1800,318,292,505,449,236,889,142,138,286,223,100,911,176,154,219,226,136
E01003271,Lewisham 023E,E02000675,Lewisham 023,E09000023,Lewisham,1702,315,198,412,463,314,892,176,105,235,217,159,810,139,93,177,246,155
E01003272,Lewisham 014A,E02000666,Lewisham 014,E09000023,Lewisham,2073,330,560,595,401,187,977,163,181,347,210,76,1096,167,379,248,191,111
E01003273,Lewisham 011A,E02000663,Lewisham 011,E09000023,Lewisham,1994,292,583,500,433,186,1133,143,437,271,201,81,861,149,146,229,232,105
E01003274,Lewisham 014B,E02000666,Lewisham 014,E09000023,Lewisham,1735,309,371,507,385,163,853,151,185,255,203,59,882,158,186,252,182,104
E01003275,Lewisham 014C,E02000666,Lewisham 014,E09000023,Lewisham,1687,310,302,382,437,256,806,169,148,178,212,99,881,141,154,204,225,157
E01003276,Lewisham 014D,E02000666,Lewisham 014,E09000023,Lewisham,1895,465,285,446,518,181,811,188,115,195,244,69,1084,277,170,251,274,112
E01003277,Lewisham 011B,E02000663,Lewisham 011,E09000023,Lewisham,1814,279,358,600,431,146,922,147,184,310,210,71,892,132,174,290,221,75
E01003278,Lewisham 011C,E02000663,Lewisham 011,E09000023,Lewisham,1989,343,466,598,405,177,956,168,192,323,186,87,1033,175,274,275,219,90
E01003279,Lewisham 011D,E02000663,Lewisham 011,E09000023,Lewisham,1640,295,265,421,436,223,810,162,126,208,207,107,830,133,139,213,229,116
E01003280,Lewisham 016A,E02000668,Lewisham 016,E09000023,Lewisham,1824,467,230,507,416,204,919,250,112,267,206,84,905,217,118,240,210,120
E01003281,Lewisham 016B,E02000668,Lewisham 016,E09000023,Lewisham,1613,317,216,387,452,241,819,170,123,198,221,107,794,147,93,189,231,134
E01003282,Lewisham 013A,E02000665,Lewisham 013,E09000023,Lewisham,2716,419,718,845,535,199,1390,207,397,424,266,96,1326,212,321,421,269,103
E01003283,Lewisham 013B,E02000665,Lewisham 013,E09000023,Lewisham,2248,489,265,666,585,243,1170,295,132,352,287,104,1078,194,133,314,298,139
E01003284,Lewisham 013C,E02000665,Lewisham 013,E09000023,Lewisham,1967,402,287,609,465,204,1023,210,132,351,232,98,944,192,155,258,233,106
E01003285,Lewisham 016C,E02000668,Lewisham 016,E09000023,Lewisham,2026,394,269,657,482,224,1052,218,140,356,252,86,974,176,129,301,230,138
E01003286,Lewisham 013D,E02000665,Lewisham 013,E09000023,Lewisham,1823,450,237,462,442,232,888,237,129,215,228,79,935,213,108,247,214,153
E01003287,Lewisham 016D,E02000668,Lewisham 016,E09000023,Lewisham,2115,477,263,589,550,236,1073,242,155,297,265,114,1042,235,108,292,285,122
E01003288,Lewisham 012A,E02000664,Lewisham 012,E09000023,Lewisham,2174,365,450,547,485,327,1076,214,207,282,241,132,1098,151,243,265,244,195
E01003290,Lewisham 012C,E02000664,Lewisham 012,E09000023,Lewisham,1764,325,414,537,362,126,896,192,214,262,177,51,868,133,200,275,185,75
E01003291,Lewisham 012D,E02000664,Lewisham 012,E09000023,Lewisham,1418,310,236,359,356,157,678,168,102,164,186,58,740,142,134,195,170,99
E01003292,Lewisham 017A,E02000669,Lewisham 017,E09000023,Lewisham,1591,303,253,515,388,132,813,167,117,267,197,65,778,136,136,248,191,67
E01003293,Lewisham 017B,E02000669,Lewisham 017,E09000023,Lewisham,1583,289,262,515,393,124,757,159,119,264,162,53,826,130,143,251,231,71
E01003295,Lewisham 017D,E02000669,Lewisham 017,E09000023,Lewisham,1896,434,312,500,484,166,906,221,163,209,245,68,990,213,149,291,239,98
E01003296,Lewisham 012E,E02000664,Lewisham 012,E09000023,Lewisham,5959,924,1926,2153,793,163,2907,428,882,1139,379,79,3052,496,1044,1014,414,84
E01003297,Lewisham 003A,E02000655,Lewisham 003,E09000023,Lewisham,1669,367,420,569,268,45,858,186,196,311,142,23,811,181,224,258,126,22
E01003298,Lewisham 039A,E02006798,Lewisham 039,E09000023,Lewisham,1262,262,267,315,317,101,601,142,113,149,148,49,661,120,154,166,169,52
E01003299,Lewisham 003B,E02000655,Lewisham 003,E09000023,Lewisham,1695,296,462,466,359,112,836,137,268,221,166,44,859,159,194,245,193,68
E01003300,Lewisham 039B,E02006798,Lewisham 039,E09000023,Lewisham,1346,288,267,305,351,135,661,160,113,156,163,69,685,128,154,149,188,66
E01003301,Lewisham 003C,E02000655,Lewisham 003,E09000023,Lewisham,2382,378,814,719,385,86,1279,208,399,422,203,47,1103,170,415,297,182,39
E01003302,Lewisham 003D,E02000655,Lewisham 003,E09000023,Lewisham,1624,321,306,457,387,153,780,153,121,223,203,80,844,168,185,234,184,73
E01003303,Lewisham 039C,E02006798,Lewisham 039,E09000023,Lewisham,1583,241,500,420,302,120,798,125,199,244,176,54,785,116,301,176,126,66
E01003304,Lewisham 039D,E02006798,Lewisham 039,E09000023,Lewisham,2237,362,464,823,447,141,1142,187,218,435,242,60,1095,175,246,388,205,81
E01003305,Lewisham 003E,E02000655,Lewisham 003,E09000023,Lewisham,1945,408,434,506,398,199,882,197,191,220,181,93,1063,211,243,286,217,106
E01003307,Lewisham 024A,E02000676,Lewisham 024,E09000023,Lewisham,1573,296,202,456,439,180,772,142,100,221,213,96,801,154,102,235,226,84
E01003308,Lewisham 024B,E02000676,Lewisham 024,E09000023,Lewisham,1990,436,290,500,558,206,924,221,159,215,243,86,1066,215,131,285,315,120
E01003309,Lewisham 027A,E02000679,Lewisham 027,E09000023,Lewisham,1579,383,297,365,346,188,772,229,119,155,164,105,807,154,178,210,182,83
E01003310,Lewisham 027B,E02000679,Lewisham 027,E09000023,Lewisham,1733,289,324,653,351,116,883,140,171,335,183,54,850,149,153,318,168,62
E01003311,Lewisham 027C,E02000679,Lewisham 027,E09000023,Lewisham,1735,407,218,408,443,259,861,212,123,206,198,122,874,195,95,202,245,137
E01003312,Lewisham 027D,E02000679,Lewisham 027,E09000023,Lewisham,1819,362,250,553,444,210,875,173,98,293,218,93,944,189,152,260,226,117
E01003313,Lewisham 027E,E02000679,Lewisham 027,E09000023,Lewisham,1534,393,224,455,351,111,797,225,113,231,170,58,737,168,111,224,181,53
E01003314,Lewisham 024C,E02000676,Lewisham 024,E09000023,Lewisham,1779,436,225,576,424,118,886,239,112,255,227,53,893,197,113,321,197,65
E01003315,Lewisham 024D,E02000676,Lewisham 024,E09000023,Lewisham,1397,263,244,488,297,105,697,112,137,267,144,37,700,151,107,221,153,68
E01003316,Lewisham 024E,E02000676,Lewisham 024,E09000023,Lewisham,1524,311,233,481,330,169,771,166,132,248,148,77,753,145,101,233,182,92
E01003317,Lewisham 020A,E02000672,Lewisham 020,E09000023,Lewisham,2923,701,455,999,569,199,1584,437,233,499,316,99,1339,264,222,500,253,100
E01003318,Lewisham 020B,E02000672,Lewisham 020,E09000023,Lewisham,1955,434,389,520,444,168,1080,217,241,277,254,91,875,217,148,243,190,77
E01003319,Lewisham 018A,E02000670,Lewisham 018,E09000023,Lewisham,1998,455,323,508,495,217,1005,264,140,257,261,83,993,191,183,251,234,134
E01003320,Lewisham 018B,E02000670,Lewisham 018,E09000023,Lewisham,1362,278,229,374,385,96,628,132,117,187,160,32,734,146,112,187,225,64
E01003321,Lewisham 020C,E02000672,Lewisham 020,E09000023,Lewisham,2074,478,437,449,537,173,1108,312,210,240,268,78,966,166,227,209,269,95
E01003322,Lewisham 020D,E02000672,Lewisham 020,E09000023,Lewisham,1513,297,257,383,441,135,800,144,149,209,242,56,713,153,108,174,199,79
E01003323,Lewisham 018C,E02000670,Lewisham 018,E09000023,Lewisham,1452,280,242,453,367,110,719,145,126,226,176,46,733,135,116,227,191,64
E01003324,Lewisham 020E,E02000672,Lewisham 020,E09000023,Lewisham,1812,439,272,544,435,122,898,199,123,291,237,48,914,240,149,253,198,74
E01003325,Lewisham 018D,E02000670,Lewisham 018,E09000023,Lewisham,1834,459,275,549,408,143,918,253,114,274,216,61,916,206,161,275,192,82
E01003326,Lewisham 035A,E02000687,Lewisham 035,E09000023,Lewisham,1569,319,252,391,380,227,737,156,132,172,195,82,832,163,120,219,185,145
E01003327,Lewisham 035B,E02000687,Lewisham 035,E09000023,Lewisham,2003,364,415,565,448,211,1082,178,293,297,204,110,921,186,122,268,244,101
E01003328,Lewisham 035C,E02000687,Lewisham 035,E09000023,Lewisham,1785,337,235,556,448,209,885,148,108,305,220,104,900,189,127,251,228,105
E01003329,Lewisham 033A,E02000685,Lewisham 033,E09000023,Lewisham,1741,410,234,511,408,178,830,197,131,232,195,75,911,213,103,279,213,103
E01003330,Lewisham 033B,E02000685,Lewisham 033,E09000023,Lewisham,1700,457,264,353,422,204,734,228,111,141,165,89,966,229,153,212,257,115
E01003331,Lewisham 033C,E02000685,Lewisham 033,E09000023,Lewisham,1568,291,260,355,390,272,734,134,132,185,192,91,834,157,128,170,198,181
E01003332,Lewisham 033D,E02000685,Lewisham 033,E09000023,Lewisham,1616,301,221,488,435,171,810,134,109,275,207,85,806,167,112,213,228,86
E01003333,Lewisham 035D,E02000687,Lewisham 035,E09000023,Lewisham,1596,335,256,512,336,157,804,197,118,268,144,77,792,138,138,244,192,80
E01003334,Lewisham 033E,E02000685,Lewisham 033,E09000023,Lewisham,1875,431,261,558,453,172,922,232,127,279,205,79,953,199,134,279,248,93
E01003335,Lewisham 035E,E02000687,Lewisham 035,E09000023,Lewisham,1446,303,217,318,393,215,690,149,121,130,202,88,756,154,96,188,191,127
E01003336,Lewisham 010A,E02000662,Lewisham 010,E09000023,Lewisham,1448,358,234,337,398,121,715,178,116,151,221,49,733,180,118,186,177,72
E01003337,Lewisham 010B,E02000662,Lewisham 010,E09000023,Lewisham,1620,446,238,465,354,117,763,219,121,222,159,42,857,227,117,243,195,75
E01003338,Lewisham 006A,E02000658,Lewisham 006,E09000023,Lewisham,2084,397,465,538,496,188,1018,194,208,285,242,89,1066,203,257,253,254,99
E01003339,Lewisham 006B,E02000658,Lewisham 006,E09000023,Lewisham,1778,284,471,413,428,182,918,150,263,234,175,96,860,134,208,179,253,86
E01003340,Lewisham 006C,E02000658,Lewisham 006,E09000023,Lewisham,1948,226,674,580,337,131,1003,114,364,308,156,61,945,112,310,272,181,70
E01003341,Lewisham 006D,E02000658,Lewisham 006,E09000023,Lewisham,1456,259,316,404,360,117,727,127,153,214,170,63,729,132,163,190,190,54
E01003342,Lewisham 010C,E02000662,Lewisham 010,E09000023,Lewisham,1732,361,257,621,379,114,890,184,119,333,213,41,842,177,138,288,166,73
E01003343,Lewisham 006E,E02000658,Lewisham 006,E09000023,Lewisham,1526,298,324,392,362,150,776,128,179,217,178,74,750,170,145,175,184,76
E01003344,Lewisham 010D,E02000662,Lewisham 010,E09000023,Lewisham,1825,265,445,541,439,135,830,121,179,266,201,63,995,144,266,275,238,72
E01003345,Lewisham 010E,E02000662,Lewisham 010,E09000023,Lewisham,2087,379,485,737,371,115,1035,168,216,411,175,65,1052,211,269,326,196,50
E01003346,Lewisham 026A,E02000678,Lewisham 026,E09000023,Lewisham,1648,364,263,343,474,204,814,180,137,176,231,90,834,184,126,167,243,114
E01003347,Lewisham 030A,E02000682,Lewisham 030,E09000023,Lewisham,1851,573,324,425,382,147,819,308,118,160,179,54,1032,265,206,265,203,93
E01003348,Lewisham 030B,E02000682,Lewisham 030,E09000023,Lewisham,1664,383,266,376,433,206,806,178,135,197,203,93,858,205,131,179,230,113
E01003349,Lewisham 026B,E02000678,Lewisham 026,E09000023,Lewisham,1677,459,294,433,370,121,798,248,143,190,165,52,879,211,151,243,205,69
E01003350,Lewisham 030C,E02000682,Lewisham 030,E09000023,Lewisham,1280,275,268,241,358,138,613,121,133,126,164,69,667,154,135,115,194,69
E01003351,Lewisham 026C,E02000678,Lewisham 026,E09000023,Lewisham,1575,414,224,337,408,192,724,203,112,132,186,91,851,211,112,205,222,101
E01003352,Lewisham 030D,E02000682,Lewisham 030,E09000023,Lewisham,2440,594,405,535,607,299,1206,307,193,256,322,128,1234,287,212,279,285,171
E01003353,Lewisham 030E,E02000682,Lewisham 030,E09000023,Lewisham,1844,395,310,426,474,239,907,202,164,200,246,95,937,193,146,226,228,144
E01003354,Lewisham 026D,E02000678,Lewisham 026,E09000023,Lewisham,1979,468,351,526,484,150,999,246,203,263,223,64,980,222,148,263,261,86
E01003355,Merton 009A,E02000697,Merton 009,E09000024,Merton,1759,305,346,673,324,111,897,146,164,363,185,39,862,159,182,310,139,72
E01003356,Merton 009B,E02000697,Merton 009,E09000024,Merton,1859,380,333,508,433,205,951,199,170,263,220,99,908,181,163,245,213,106
E01003357,Merton 012A,E02000700,Merton 012,E09000024,Merton,1794,415,360,442,396,181,855,212,159,204,205,75,939,203,201,238,191,106
E01003358,Merton 009C,E02000697,Merton 009,E09000024,Merton,1972,310,445,695,387,135,1016,172,231,357,200,56,956,138,214,338,187,79
E01003359,Merton 006A,E02000694,Merton 006,E09000024,Merton,1841,297,357,574,400,213,879,160,143,289,199,88,962,137,214,285,201,125
E01003360,Merton 006B,E02000694,Merton 006,E09000024,Merton,1832,390,375,607,321,139,889,175,183,299,165,67,943,215,192,308,156,72
E01003361,Merton 015A,E02000703,Merton 015,E09000024,Merton,1674,348,282,398,408,238,825,176,151,198,189,111,849,172,131,200,219,127
E01003362,Merton 021A,E02000709,Merton 021,E09000024,Merton,1301,249,155,256,396,245,605,121,67,121,197,99,696,128,88,135,199,146
E01003363,Merton 021B,E02000709,Merton 021,E09000024,Merton,1612,367,189,357,420,279,813,208,107,166,210,122,799,159,82,191,210,157
E01003364,Merton 021C,E02000709,Merton 021,E09000024,Merton,1762,357,214,361,474,356,860,183,107,188,220,162,902,174,107,173,254,194
E01003365,Merton 021D,E02000709,Merton 021,E09000024,Merton,1380,247,195,264,390,284,678,131,85,140,176,146,702,116,110,124,214,138
E01003366,Merton 016A,E02000704,Merton 016,E09000024,Merton,1673,327,285,494,371,196,834,165,147,256,189,77,839,162,138,238,182,119
E01003367,Merton 005A,E02000693,Merton 005,E09000024,Merton,2718,433,611,986,430,258,1346,218,292,537,192,107,1372,215,319,449,238,151
E01003368,Merton 008A,E02000696,Merton 008,E09000024,Merton,1513,240,279,456,351,187,770,132,155,240,163,80,743,108,124,216,188,107
E01003369,Merton 005B,E02000693,Merton 005,E09000024,Merton,1675,219,350,635,325,146,816,114,157,329,147,69,859,105,193,306,178,77
E01003370,Merton 005C,E02000693,Merton 005,E09000024,Merton,1942,276,459,730,326,151,942,119,224,373,157,69,1000,157,235,357,169,82
E01003371,Merton 005D,E02000693,Merton 005,E09000024,Merton,1515,213,302,485,313,202,773,97,159,250,169,98,742,116,143,235,144,104
E01003372,Merton 008B,E02000696,Merton 008,E09000024,Merton,1492,273,307,385,369,158,722,145,147,174,190,66,770,128,160,211,179,92
E01003373,Merton 018A,E02000706,Merton 018,E09000024,Merton,1431,397,232,338,312,152,665,197,109,167,128,64,766,200,123,171,184,88
E01003374,Merton 022A,E02000710,Merton 022,E09000024,Merton,1633,384,235,401,365,248,766,198,125,179,162,102,867,186,110,222,203,146
E01003375,Merton 022B,E02000710,Merton 022,E09000024,Merton,1716,384,232,367,419,314,827,187,122,179,202,137,889,197,110,188,217,177
E01003376,Merton 012B,E02000700,Merton 012,E09000024,Merton,1471,298,234,371,398,170,700,160,116,191,167,66,771,138,118,180,231,104
E01003377,Merton 012C,E02000700,Merton 012,E09000024,Merton,1567,399,294,343,415,116,775,204,158,163,195,55,792,195,136,180,220,61
E01003378,Merton 018B,E02000706,Merton 018,E09000024,Merton,2160,522,337,633,502,166,1027,248,175,303,242,59,1133,274,162,330,260,107
E01003379,Merton 018C,E02000706,Merton 018,E09000024,Merton,1903,520,282,434,430,237,875,261,116,203,193,102,1028,259,166,231,237,135
E01003380,Merton 011A,E02000699,Merton 011,E09000024,Merton,1788,452,219,530,365,222,903,234,102,279,186,102,885,218,117,251,179,120
E01003381,Merton 016B,E02000704,Merton 016,E09000024,Merton,1516,224,235,575,286,196,717,95,106,308,124,84,799,129,129,267,162,112
E01003382,Merton 011B,E02000699,Merton 011,E09000024,Merton,1709,412,190,554,374,179,841,228,73,280,192,68,868,184,117,274,182,111
E01003383,Merton 009D,E02000697,Merton 009,E09000024,Merton,1725,322,359,595,315,134,873,172,200,295,154,52,852,150,159,300,161,82
E01003384,Merton 009E,E02000697,Merton 009,E09000024,Merton,1708,342,388,517,308,153,812,184,170,255,140,63,896,158,218,262,168,90
E01003385,Merton 011C,E02000699,Merton 011,E09000024,Merton,1690,451,213,468,401,157,870,267,101,234,196,72,820,184,112,234,205,85
E01003386,Merton 013A,E02000701,Merton 013,E09000024,Merton,2215,560,374,593,512,176,1147,280,217,288,284,78,1068,280,157,305,228,98
E01003387,Merton 014A,E02000702,Merton 014,E09000024,Merton,1906,482,295,486,447,196,930,251,145,226,214,94,976,231,150,260,233,102
E01003388,Merton 013B,E02000701,Merton 013,E09000024,Merton,1516,301,227,361,357,270,679,137,96,173,150,123,837,164,131,188,207,147
E01003389,Merton 013C,E02000701,Merton 013,E09000024,Merton,1711,366,261,461,429,194,881,192,122,252,214,101,830,174,139,209,215,93
E01003390,Merton 018D,E02000706,Merton 018,E09000024,Merton,1731,493,270,471,393,104,847,240,125,235,202,45,884,253,145,236,191,59
E01003391,Merton 014B,E02000702,Merton 014,E09000024,Merton,1335,372,244,292,311,116,658,185,116,156,149,52,677,187,128,136,162,64
E01003392,Merton 013D,E02000701,Merton 013,E09000024,Merton,1276,239,244,310,336,147,644,121,125,160,171,67,632,118,119,150,165,80
E01003393,Merton 008C,E02000696,Merton 008,E09000024,Merton,1509,264,261,539,351,94,763,147,103,282,186,45,746,117,158,257,165,49
E01003394,Merton 007A,E02000695,Merton 007,E09000024,Merton,1933,333,310,587,473,230,1056,178,157,359,254,108,877,155,153,228,219,122
E01003395,Merton 007B,E02000695,Merton 007,E09000024,Merton,1541,284,251,382,379,245,827,147,155,220,194,111,714,137,96,162,185,134
E01003396,Merton 007C,E02000695,Merton 007,E09000024,Merton,1544,285,290,440,320,209,801,137,159,240,168,97,743,148,131,200,152,112
E01003397,Merton 007D,E02000695,Merton 007,E09000024,Merton,1532,289,254,416,372,201,822,175,129,222,205,91,710,114,125,194,167,110
E01003398,Merton 007E,E02000695,Merton 007,E09000024,Merton,1932,403,331,490,486,222,1030,217,190,257,258,108,902,186,141,233,228,114
E01003399,Merton 011D,E02000699,Merton 011,E09000024,Merton,1361,227,255,418,300,161,655,123,110,200,146,76,706,104,145,218,154,85
E01003400,Merton 003A,E02000691,Merton 003,E09000024,Merton,1439,247,242,489,303,158,727,140,129,243,157,58,712,107,113,246,146,100
E01003401,Merton 004A,E02000692,Merton 004,E09000024,Merton,1450,292,222,410,314,212,689,151,111,216,152,59,761,141,111,194,162,153
E01003402,Merton 004B,E02000692,Merton 004,E09000024,Merton,1712,344,210,425,470,263,812,181,108,204,221,98,900,163,102,221,249,165
E01003403,Merton 004C,E02000692,Merton 004,E09000024,Merton,1542,240,196,384,386,336,747,128,101,192,191,135,795,112,95,192,195,201
E01003404,Merton 004D,E02000692,Merton 004,E09000024,Merton,1810,293,306,524,364,323,899,179,150,258,178,134,911,114,156,266,186,189
E01003405,Merton 018E,E02000706,Merton 018,E09000024,Merton,2148,543,349,593,450,213,1038,280,168,284,213,93,1110,263,181,309,237,120
E01003406,Merton 008D,E02000696,Merton 008,E09000024,Merton,1553,338,339,371,401,104,734,168,171,173,181,41,819,170,168,198,220,63
E01003407,Merton 008E,E02000696,Merton 008,E09000024,Merton,1956,381,379,697,379,120,979,168,184,366,197,64,977,213,195,331,182,56
E01003408,Merton 012D,E02000700,Merton 012,E09000024,Merton,1959,351,312,707,414,175,983,164,164,380,200,75,976,187,148,327,214,100
E01003409,Merton 013E,E02000701,Merton 013,E09000024,Merton,1713,383,277,432,440,181,833,200,131,226,201,75,880,183,146,206,239,106
E01003410,Merton 012E,E02000700,Merton 012,E09000024,Merton,1605,358,239,473,376,159,769,183,114,216,181,75,836,175,125,257,195,84
E01003411,Merton 014C,E02000702,Merton 014,E09000024,Merton,1914,477,298,543,421,175,919,209,159,258,216,77,995,268,139,285,205,98
E01003412,Merton 014D,E02000702,Merton 014,E09000024,Merton,1642,394,266,405,407,170,800,217,141,211,156,75,842,177,125,194,251,95
E01003413,Merton 017A,E02000705,Merton 017,E09000024,Merton,1954,459,306,554,439,196,991,251,150,285,223,82,963,208,156,269,216,114
E01003414,Merton 017B,E02000705,Merton 017,E09000024,Merton,1556,296,263,305,418,274,782,168,142,155,209,108,774,128,121,150,209,166
E01003415,Merton 017C,E02000705,Merton 017,E09000024,Merton,1999,463,321,499,505,211,955,208,176,237,241,93,1044,255,145,262,264,118
E01003416,Merton 017D,E02000705,Merton 017,E09000024,Merton,1478,254,256,321,404,243,758,128,142,168,209,111,720,126,114,153,195,132
E01003417,Merton 025A,E02000713,Merton 025,E09000024,Merton,1531,338,181,337,394,281,751,183,114,152,183,119,780,155,67,185,211,162
E01003418,Merton 025B,E02000713,Merton 025,E09000024,Merton,1372,232,214,223,418,285,675,119,120,113,214,109,697,113,94,110,204,176
E01003419,Merton 025C,E02000713,Merton 025,E09000024,Merton,1767,391,248,406,456,266,904,209,144,196,211,144,863,182,104,210,245,122
E01003420,Merton 025D,E02000713,Merton 025,E09000024,Merton,1330,315,173,286,367,189,643,147,87,137,178,94,687,168,86,149,189,95
E01003421,Merton 021E,E02000709,Merton 021,E09000024,Merton,1591,314,232,395,387,263,787,165,114,191,195,122,804,149,118,204,192,141
E01003422,Merton 025E,E02000713,Merton 025,E09000024,Merton,1344,238,198,262,351,295,645,111,104,137,165,128,699,127,94,125,186,167
E01003423,Merton 011E,E02000699,Merton 011,E09000024,Merton,1736,386,243,505,353,249,862,199,118,252,183,110,874,187,125,253,170,139
E01003424,Merton 015B,E02000703,Merton 015,E09000024,Merton,1493,301,168,227,425,372,740,163,91,107,217,162,753,138,77,120,208,210
E01003425,Merton 015C,E02000703,Merton 015,E09000024,Merton,1503,364,173,266,406,294,761,194,96,126,189,156,742,170,77,140,217,138
E01003426,Merton 015D,E02000703,Merton 015,E09000024,Merton,1736,316,292,436,395,297,850,173,140,205,189,143,886,143,152,231,206,154
E01003427,Merton 023A,E02000711,Merton 023,E09000024,Merton,1911,374,291,573,443,230,1015,193,156,331,232,103,896,181,135,242,211,127
E01003428,Merton 015E,E02000703,Merton 015,E09000024,Merton,1541,318,237,376,367,243,757,148,127,198,178,106,784,170,110,178,189,137
E01003429,Merton 019A,E02000707,Merton 019,E09000024,Merton,1440,294,217,302,458,169,697,151,110,162,199,75,743,143,107,140,259,94
E01003430,Merton 019B,E02000707,Merton 019,E09000024,Merton,1504,387,270,301,400,146,766,219,138,132,198,79,738,168,132,169,202,67
E01003431,Merton 019C,E02000707,Merton 019,E09000024,Merton,1553,388,268,303,439,155,718,210,131,117,194,66,835,178,137,186,245,89
E01003432,Merton 019D,E02000707,Merton 019,E09000024,Merton,1425,365,270,255,409,126,688,193,128,111,185,71,737,172,142,144,224,55
E01003433,Merton 019E,E02000707,Merton 019,E09000024,Merton,1534,302,253,319,425,235,797,164,133,156,235,109,737,138,120,163,190,126
E01003434,Merton 017E,E02000705,Merton 017,E09000024,Merton,1538,336,239,307,423,233,779,171,135,155,198,120,759,165,104,152,225,113
E01003435,Merton 014E,E02000702,Merton 014,E09000024,Merton,1939,495,271,494,447,232,882,233,130,226,181,112,1057,262,141,268,266,120
E01003436,Merton 023B,E02000711,Merton 023,E09000024,Merton,1537,321,240,374,414,188,776,172,142,187,195,80,761,149,98,187,219,108
E01003437,Merton 022C,E02000710,Merton 022,E09000024,Merton,1896,342,317,394,485,358,909,163,148,189,242,167,987,179,169,205,243,191
E01003438,Merton 024A,E02000712,Merton 024,E09000024,Merton,1720,410,271,372,490,177,854,218,151,173,238,74,866,192,120,199,252,103
E01003439,Merton 023C,E02000711,Merton 023,E09000024,Merton,1540,361,228,431,378,142,772,193,133,210,166,70,768,168,95,221,212,72
E01003440,Merton 022D,E02000710,Merton 022,E09000024,Merton,1589,342,250,379,416,202,790,170,127,191,214,88,799,172,123,188,202,114
E01003441,Merton 022E,E02000710,Merton 022,E09000024,Merton,1741,378,274,400,428,261,890,216,143,205,204,122,851,162,131,195,224,139
E01003442,Merton 010A,E02000698,Merton 010,E09000024,Merton,1560,306,166,283,484,321,741,146,89,143,222,141,819,160,77,140,262,180
E01003443,Merton 010B,E02000698,Merton 010,E09000024,Merton,1680,441,153,373,442,271,787,223,80,169,201,114,893,218,73,204,241,157
E01003444,Merton 010C,E02000698,Merton 010,E09000024,Merton,1646,365,183,434,411,253,781,174,97,184,211,115,865,191,86,250,200,138
E01003445,Merton 010D,E02000698,Merton 010,E09000024,Merton,1715,379,189,384,478,285,827,202,101,172,224,128,888,177,88,212,254,157
E01003446,Merton 016C,E02000704,Merton 016,E09000024,Merton,1829,299,354,603,387,186,896,146,177,284,199,90,933,153,177,319,188,96
E01003447,Merton 016D,E02000704,Merton 016,E09000024,Merton,1603,338,266,473,346,180,793,188,131,221,176,77,810,150,135,252,170,103
E01003448,Merton 023D,E02000711,Merton 023,E09000024,Merton,2106,480,375,581,483,187,1002,268,149,280,221,84,1104,212,226,301,262,103
E01003449,Merton 024B,E02000712,Merton 024,E09000024,Merton,1776,372,328,425,413,238,910,180,182,227,206,115,866,192,146,198,207,123
E01003450,Merton 024C,E02000712,Merton 024,E09000024,Merton,1613,445,236,354,392,186,792,238,122,177,183,72,821,207,114,177,209,114
E01003451,Merton 024D,E02000712,Merton 024,E09000024,Merton,1642,289,227,303,485,338,802,152,116,150,242,142,840,137,111,153,243,196
E01003452,Merton 024E,E02000712,Merton 024,E09000024,Merton,2019,449,341,440,541,248,1003,231,190,202,275,105,1016,218,151,238,266,143
E01003453,Merton 023E,E02000711,Merton 023,E09000024,Merton,1763,407,279,471,424,182,865,218,127,231,213,76,898,189,152,240,211,106
E01003454,Merton 003B,E02000691,Merton 003,E09000024,Merton,1390,262,219,362,315,232,658,140,103,175,141,99,732,122,116,187,174,133
E01003455,Merton 005E,E02000693,Merton 005,E09000024,Merton,1681,304,331,625,329,92,896,170,169,343,177,37,785,134,162,282,152,55
E01003456,Merton 003C,E02000691,Merton 003,E09000024,Merton,1726,296,348,591,336,155,875,151,169,314,178,63,851,145,179,277,158,92
E01003457,Merton 006C,E02000694,Merton 006,E09000024,Merton,1617,433,177,498,365,144,785,237,86,249,158,55,832,196,91,249,207,89
E01003458,Merton 006D,E02000694,Merton 006,E09000024,Merton,1691,363,267,550,339,172,830,201,111,258,183,77,861,162,156,292,156,95
E01003459,Merton 006E,E02000694,Merton 006,E09000024,Merton,2129,388,389,758,410,184,1050,204,204,366,197,79,1079,184,185,392,213,105
E01003460,Merton 002A,E02000690,Merton 002,E09000024,Merton,1545,286,196,268,430,365,766,154,101,134,216,161,779,132,95,134,214,204
E01003461,Merton 004E,E02000692,Merton 004,E09000024,Merton,1404,204,263,306,392,239,662,103,119,163,176,101,742,101,144,143,216,138
E01003462,Merton 002B,E02000690,Merton 002,E09000024,Merton,1454,293,143,241,432,345,671,142,76,114,184,155,783,151,67,127,248,190
E01003463,Merton 010E,E02000698,Merton 010,E09000024,Merton,1415,330,180,208,436,261,686,185,95,93,196,117,729,145,85,115,240,144
E01003464,Merton 002C,E02000690,Merton 002,E09000024,Merton,1378,241,133,181,428,395,634,108,65,91,187,183,744,133,68,90,241,212
E01003465,Merton 002D,E02000690,Merton 002,E09000024,Merton,1193,205,142,167,378,301,566,94,72,81,175,144,627,111,70,86,203,157
E01003466,Merton 020A,E02000708,Merton 020,E09000024,Merton,1670,366,192,395,443,274,776,172,94,178,212,120,894,194,98,217,231,154
E01003467,Merton 020B,E02000708,Merton 020,E09000024,Merton,1767,392,215,448,411,301,895,201,108,232,196,158,872,191,107,216,215,143
E01003468,Merton 020C,E02000708,Merton 020,E09000024,Merton,1623,388,174,359,410,292,830,219,98,172,196,145,793,169,76,187,214,147
E01003469,Merton 020D,E02000708,Merton 020,E09000024,Merton,1497,318,232,371,419,157,732,154,126,182,202,68,765,164,106,189,217,89
E01003470,Merton 020E,E02000708,Merton 020,E09000024,Merton,1790,333,300,412,509,236,857,159,137,214,250,97,933,174,163,198,259,139
E01003471,Merton 016E,E02000704,Merton 016,E09000024,Merton,1705,389,179,487,354,296,846,223,93,251,167,112,859,166,86,236,187,184
E01003472,Merton 001A,E02000689,Merton 001,E09000024,Merton,1328,394,134,341,317,142,605,200,61,144,139,61,723,194,73,197,178,81
E01003473,Merton 001B,E02000689,Merton 001,E09000024,Merton,1340,293,183,361,325,178,668,166,84,176,162,80,672,127,99,185,163,98
E01003474,Merton 001C,E02000689,Merton 001,E09000024,Merton,1263,279,200,229,398,157,587,121,104,107,178,77,676,158,96,122,220,80
E01003475,Merton 001D,E02000689,Merton 001,E09000024,Merton,2835,603,592,928,511,201,1359,291,281,447,239,101,1476,312,311,481,272,100
E01003476,Merton 003D,E02000691,Merton 003,E09000024,Merton,1340,312,257,311,350,110,636,155,131,154,140,56,704,157,126,157,210,54
E01003477,Merton 003E,E02000691,Merton 003,E09000024,Merton,1552,350,265,420,371,146,755,165,135,206,184,65,797,185,130,214,187,81
E01003478,Merton 001E,E02000689,Merton 001,E09000024,Merton,1649,494,217,511,304,123,806,236,99,252,153,66,843,258,118,259,151,57
E01003479,Newham 035A,E02000748,Newham 035,E09000025,Newham,1640,410,251,488,354,137,772,193,120,234,173,52,868,217,131,254,181,85
E01003480,Newham 033A,E02000746,Newham 033,E09000025,Newham,2229,361,741,551,425,151,1150,173,370,325,217,65,1079,188,371,226,208,86
E01003481,Newham 035B,E02000748,Newham 035,E09000025,Newham,1618,364,340,444,332,138,831,198,171,237,150,75,787,166,169,207,182,63
E01003482,Newham 033B,E02000746,Newham 033,E09000025,Newham,3701,801,779,1342,680,99,1898,410,388,705,347,48,1803,391,391,637,333,51
E01003483,Newham 032A,E02000745,Newham 032,E09000025,Newham,1510,326,330,347,379,128,754,184,168,187,158,57,756,142,162,160,221,71
E01003484,Newham 032B,E02000745,Newham 032,E09000025,Newham,1645,389,309,491,363,93,864,209,161,265,183,46,781,180,148,226,180,47
E01003485,Newham 035C,E02000748,Newham 035,E09000025,Newham,1590,392,244,460,376,118,820,208,132,241,182,57,770,184,112,219,194,61
E01003486,Newham 033C,E02000746,Newham 033,E09000025,Newham,1219,255,243,227,309,185,579,142,135,114,109,79,640,113,108,113,200,106
E01003487,Newham 033D,E02000746,Newham 033,E09000025,Newham,1300,294,253,298,352,103,653,159,126,165,150,53,647,135,127,133,202,50
E01003488,Newham 019A,E02000732,Newham 019,E09000025,Newham,1962,470,318,487,477,210,1003,243,167,276,223,94,959,227,151,211,254,116
E01003489,Newham 019B,E02000732,Newham 019,E09000025,Newham,1893,514,365,457,380,177,981,257,197,276,186,65,912,257,168,181,194,112
E01003490,Newham 019C,E02000732,Newham 019,E09000025,Newham,1924,486,402,488,446,102,1034,239,224,288,240,43,890,247,178,200,206,59
E01003491,Newham 022A,E02000735,Newham 022,E09000025,Newham,2232,420,419,623,427,343,1267,218,231,430,217,171,965,202,188,193,210,172
E01003492,Newham 025A,E02000738,Newham 025,E09000025,Newham,2106,544,401,553,438,170,1131,283,226,297,240,85,975,261,175,256,198,85
E01003493,Newham 025B,E02000738,Newham 025,E09000025,Newham,2541,622,439,741,557,182,1379,341,230,418,307,83,1162,281,209,323,250,99
E01003494,Newham 025C,E02000738,Newham 025,E09000025,Newham,2370,683,374,637,477,199,1224,349,179,341,246,109,1146,334,195,296,231,90
E01003495,Newham 025D,E02000738,Newham 025,E09000025,Newham,2201,569,403,582,489,158,1169,298,242,305,257,67,1032,271,161,277,232,91
E01003496,Newham 027A,E02000740,Newham 027,E09000025,Newham,1429,263,327,430,299,110,706,120,154,242,130,60,723,143,173,188,169,50
E01003497,Newham 034A,E02000747,Newham 034,E09000025,Newham,1882,385,410,477,400,210,975,196,231,252,189,107,907,189,179,225,211,103
E01003498,Newham 027B,E02000740,Newham 027,E09000025,Newham,1932,437,418,505,446,126,1040,220,241,282,228,69,892,217,177,223,218,57
E01003499,Newham 030A,E02000743,Newham 030,E09000025,Newham,2672,653,571,620,540,288,1353,330,309,307,272,135,1319,323,262,313,268,153
E01003500,Newham 027C,E02000740,Newham 027,E09000025,Newham,2217,455,495,594,474,199,1133,238,270,308,223,94,1084,217,225,286,251,105
E01003501,Newham 030B,E02000743,Newham 030,E09000025,Newham,2451,517,482,615,625,212,1276,274,261,347,298,96,1175,243,221,268,327,116
E01003502,Newham 030C,E02000743,Newham 030,E09000025,Newham,2318,465,530,615,538,170,1203,242,257,347,283,74,1115,223,273,268,255,96
E01003503,Newham 030D,E02000743,Newham 030,E09000025,Newham,2739,521,681,848,496,193,1415,239,361,483,227,105,1324,282,320,365,269,88
E01003506,Newham 034D,E02000747,Newham 034,E09000025,Newham,1208,259,234,300,269,146,564,124,121,147,109,63,644,135,113,153,160,83
E01003507,Newham 031A,E02000744,Newham 031,E09000025,Newham,2592,598,510,673,571,240,1367,282,256,412,315,102,1225,316,254,261,256,138
E01003508,Newham 031B,E02000744,Newham 031,E09000025,Newham,2323,536,502,717,401,167,1194,263,270,384,202,75,1129,273,232,333,199,92
E01003509,Newham 031C,E02000744,Newham 031,E09000025,Newham,2228,537,458,577,460,196,1167,299,214,316,243,95,1061,238,244,261,217,101
E01003511,Newham 036A,E02000749,Newham 036,E09000025,Newham,1739,431,393,448,328,139,822,225,186,213,138,60,917,206,207,235,190,79
E01003512,Newham 036B,E02000749,Newham 036,E09000025,Newham,1908,389,377,500,439,203,986,206,204,266,207,103,922,183,173,234,232,100
E01003513,Newham 035D,E02000748,Newham 035,E09000025,Newham,1627,431,287,470,340,99,814,221,143,236,173,41,813,210,144,234,167,58
E01003514,Newham 036C,E02000749,Newham 036,E09000025,Newham,1522,385,304,357,372,104,757,186,180,171,183,37,765,199,124,186,189,67
E01003515,Newham 036D,E02000749,Newham 036,E09000025,Newham,1792,427,350,435,408,172,860,210,178,225,176,71,932,217,172,210,232,101
E01003516,Newham 032C,E02000745,Newham 032,E09000025,Newham,1804,427,362,395,498,122,877,200,195,188,246,48,927,227,167,207,252,74
E01003517,Newham 036E,E02000749,Newham 036,E09000025,Newham,1609,402,322,392,400,93,773,206,177,211,138,41,836,196,145,181,262,52
E01003518,Newham 032D,E02000745,Newham 032,E09000025,Newham,1673,395,271,492,379,136,883,212,146,257,193,75,790,183,125,235,186,61
E01003519,Newham 032E,E02000745,Newham 032,E09000025,Newham,1599,325,375,347,405,147,817,161,212,175,199,70,782,164,163,172,206,77
E01003520,Newham 018A,E02000731,Newham 018,E09000025,Newham,2284,516,468,612,494,194,1263,265,284,358,278,78,1021,251,184,254,216,116
E01003521,Newham 018B,E02000731,Newham 018,E09000025,Newham,2589,577,456,913,462,181,1501,274,263,622,250,92,1088,303,193,291,212,89
E01003522,Newham 018C,E02000731,Newham 018,E09000025,Newham,2003,515,370,559,400,159,1120,267,211,343,226,73,883,248,159,216,174,86
E01003523,Newham 024A,E02000737,Newham 024,E09000025,Newham,2043,460,410,490,457,226,1087,223,240,258,243,123,956,237,170,232,214,103
E01003524,Newham 019D,E02000732,Newham 019,E09000025,Newham,2176,550,445,569,425,187,1149,277,233,343,219,77,1027,273,212,226,206,110
E01003525,Newham 018D,E02000731,Newham 018,E09000025,Newham,2149,520,411,607,426,185,1218,266,248,397,230,77,931,254,163,210,196,108
E01003526,Newham 018E,E02000731,Newham 018,E09000025,Newham,1957,485,419,497,393,163,1051,273,219,298,192,69,906,212,200,199,201,94
E01003527,Newham 024B,E02000737,Newham 024,E09000025,Newham,2028,523,376,496,457,176,1027,284,189,261,207,86,1001,239,187,235,250,90
E01003528,Newham 005A,E02000718,Newham 005,E09000025,Newham,1456,443,257,375,253,128,709,203,137,194,113,62,747,240,120,181,140,66
E01003529,Newham 010A,E02000723,Newham 010,E09000025,Newham,2524,499,555,658,548,264,1395,255,302,418,309,111,1129,244,253,240,239,153
E01003530,Newham 010B,E02000723,Newham 010,E09000025,Newham,1831,391,360,499,411,170,1025,208,208,306,213,90,806,183,152,193,198,80
E01003531,Newham 010C,E02000723,Newham 010,E09000025,Newham,2244,513,412,631,440,248,1227,254,221,405,220,127,1017,259,191,226,220,121
E01003532,Newham 010D,E02000723,Newham 010,E09000025,Newham,2216,471,390,676,465,214,1207,252,200,445,228,82,1009,219,190,231,237,132
E01003533,Newham 011A,E02000724,Newham 011,E09000025,Newham,2212,581,398,590,374,269,1209,313,225,340,196,135,1003,268,173,250,178,134
E01003534,Newham 010E,E02000723,Newham 010,E09000025,Newham,2473,662,464,632,530,185,1310,338,247,362,270,93,1163,324,217,270,260,92
E01003535,Newham 023A,E02000736,Newham 023,E09000025,Newham,1758,430,329,406,428,165,889,214,160,235,199,81,869,216,169,171,229,84
E01003536,Newham 023B,E02000736,Newham 023,E09000025,Newham,2058,645,336,511,434,132,999,304,168,250,217,60,1059,341,168,261,217,72
E01003537,Newham 024C,E02000737,Newham 024,E09000025,Newham,2218,593,404,579,480,162,1186,293,234,324,265,70,1032,300,170,255,215,92
E01003538,Newham 029A,E02000742,Newham 029,E09000025,Newham,2216,583,394,565,439,235,1144,301,214,314,228,87,1072,282,180,251,211,148
E01003539,Newham 029B,E02000742,Newham 029,E09000025,Newham,2411,678,448,598,511,176,1257,358,242,345,231,81,1154,320,206,253,280,95
E01003540,Newham 029C,E02000742,Newham 029,E09000025,Newham,2015,543,438,443,462,129,1062,284,261,217,239,61,953,259,177,226,223,68
E01003541,Newham 029D,E02000742,Newham 029,E09000025,Newham,2143,615,442,494,433,159,1097,302,241,256,215,83,1046,313,201,238,218,76
E01003542,Newham 024D,E02000737,Newham 024,E09000025,Newham,2114,557,390,470,499,198,1091,299,194,250,259,89,1023,258,196,220,240,109
E01003543,Newham 001A,E02000714,Newham 001,E09000025,Newham,2484,516,547,732,496,193,1338,248,315,430,270,75,1146,268,232,302,226,118
E01003544,Newham 001B,E02000714,Newham 001,E09000025,Newham,1955,412,364,579,454,146,1095,233,193,377,231,61,860,179,171,202,223,85
E01003545,Newham 006A,E02000719,Newham 006,E09000025,Newham,1855,414,379,468,445,149,900,222,195,264,188,31,955,192,184,204,257,118
E01003546,Newham 001C,E02000714,Newham 001,E09000025,Newham,1824,417,416,464,411,116,872,209,178,245,196,44,952,208,238,219,215,72
E01003547,Newham 007A,E02000720,Newham 007,E09000025,Newham,1973,397,302,500,508,266,1007,204,162,270,259,112,966,193,140,230,249,154
E01003548,Newham 006B,E02000719,Newham 006,E09000025,Newham,2404,403,591,696,439,275,1222,196,318,388,204,116,1182,207,273,308,235,159
E01003549,Newham 006C,E02000719,Newham 006,E09000025,Newham,2175,371,512,688,420,184,1124,175,281,379,212,77,1051,196,231,309,208,107
E01003550,Newham 001D,E02000714,Newham 001,E09000025,Newham,1817,418,341,536,360,162,936,197,194,316,162,67,881,221,147,220,198,95
E01003551,Newham 009A,E02000722,Newham 009,E09000025,Newham,1970,400,408,600,411,151,1064,204,221,345,225,69,906,196,187,255,186,82
E01003552,Newham 016A,E02000729,Newham 016,E09000025,Newham,1775,427,360,505,331,152,923,218,191,266,171,77,852,209,169,239,160,75
E01003553,Newham 009B,E02000722,Newham 009,E09000025,Newham,1885,433,476,475,367,134,955,219,265,257,156,58,930,214,211,218,211,76
E01003554,Newham 009C,E02000722,Newham 009,E09000025,Newham,1988,267,494,644,375,208,1057,147,260,383,177,90,931,120,234,261,198,118
E01003555,Newham 007B,E02000720,Newham 007,E09000025,Newham,1925,445,385,497,393,205,1101,233,213,322,221,112,824,212,172,175,172,93
E01003556,Newham 008A,E02000721,Newham 008,E09000025,Newham,2076,548,517,500,397,114,1089,290,258,263,225,53,987,258,259,237,172,61
E01003557,Newham 006D,E02000719,Newham 006,E09000025,Newham,2195,475,437,697,420,166,1165,238,239,410,211,67,1030,237,198,287,209,99
E01003558,Newham 008B,E02000721,Newham 008,E09000025,Newham,1717,404,360,490,332,131,892,199,180,289,177,47,825,205,180,201,155,84
E01003559,Newham 009D,E02000722,Newham 009,E09000025,Newham,2627,434,681,906,458,148,1430,228,355,552,230,65,1197,206,326,354,228,83
E01003560,Newham 011B,E02000724,Newham 011,E09000025,Newham,1801,412,369,485,366,169,980,212,198,298,190,82,821,200,171,187,176,87
E01003561,Newham 007C,E02000720,Newham 007,E09000025,Newham,1962,489,355,572,365,181,1087,258,195,340,194,100,875,231,160,232,171,81
E01003562,Newham 014A,E02000727,Newham 014,E09000025,Newham,2172,485,369,636,475,207,1201,261,201,386,266,87,971,224,168,250,209,120
E01003563,Newham 011C,E02000724,Newham 011,E09000025,Newham,2272,607,416,672,409,168,1277,322,237,410,227,81,995,285,179,262,182,87
E01003564,Newham 014B,E02000727,Newham 014,E09000025,Newham,2543,611,400,850,482,200,1449,333,233,546,256,81,1094,278,167,304,226,119
E01003565,Newham 014C,E02000727,Newham 014,E09000025,Newham,1971,525,340,578,411,117,1120,271,200,348,246,55,851,254,140,230,165,62
E01003566,Newham 014D,E02000727,Newham 014,E09000025,Newham,1976,546,332,621,337,140,1083,285,179,370,194,55,893,261,153,251,143,85
E01003567,Newham 007D,E02000720,Newham 007,E09000025,Newham,1916,487,347,554,377,151,1051,259,187,325,210,70,865,228,160,229,167,81
E01003568,Newham 017A,E02000730,Newham 017,E09000025,Newham,2334,512,375,734,472,241,1329,288,217,452,247,125,1005,224,158,282,225,116
E01003569,Newham 017B,E02000730,Newham 017,E09000025,Newham,2037,452,387,604,377,217,1121,236,198,380,208,99,916,216,189,224,169,118
E01003570,Newham 008C,E02000721,Newham 008,E09000025,Newham,1971,446,372,576,410,167,1068,224,218,339,212,75,903,222,154,237,198,92
E01003571,Newham 008D,E02000721,Newham 008,E09000025,Newham,2139,549,426,573,412,179,1146,275,237,337,222,75,993,274,189,236,190,104
E01003572,Newham 008E,E02000721,Newham 008,E09000025,Newham,1788,498,362,475,275,178,934,243,175,279,145,92,854,255,187,196,130,86
E01003573,Newham 017C,E02000730,Newham 017,E09000025,Newham,2143,473,362,691,399,218,1186,240,196,428,212,110,957,233,166,263,187,108
E01003574,Newham 017D,E02000730,Newham 017,E09000025,Newham,2568,606,403,713,507,339,1334,308,195,426,256,149,1234,298,208,287,251,190
E01003575,Newham 005B,E02000718,Newham 005,E09000025,Newham,1765,523,312,435,353,142,905,255,162,248,192,48,860,268,150,187,161,94
E01003576,Newham 002A,E02000715,Newham 002,E09000025,Newham,2036,599,323,501,419,194,1014,282,165,271,226,70,1022,317,158,230,193,124
E01003577,Newham 005C,E02000718,Newham 005,E09000025,Newham,2189,651,439,529,414,156,1070,331,207,261,210,61,1119,320,232,268,204,95
E01003578,Newham 003A,E02000716,Newham 003,E09000025,Newham,2215,646,418,693,351,107,1194,313,231,399,207,44,1021,333,187,294,144,63
E01003579,Newham 004A,E02000717,Newham 004,E09000025,Newham,1941,533,364,504,380,160,1043,281,182,300,200,80,898,252,182,204,180,80
E01003580,Newham 005D,E02000718,Newham 005,E09000025,Newham,2029,618,325,483,477,126,1027,298,162,236,262,69,1002,320,163,247,215,57
E01003581,Newham 002B,E02000715,Newham 002,E09000025,Newham,1949,477,376,537,413,146,1059,269,200,304,221,65,890,208,176,233,192,81
E01003582,Newham 002C,E02000715,Newham 002,E09000025,Newham,1782,504,338,397,402,141,935,282,186,189,221,57,847,222,152,208,181,84
E01003583,Newham 002D,E02000715,Newham 002,E09000025,Newham,1902,508,334,474,369,217,998,261,150,291,194,102,904,247,184,183,175,115
E01003584,Newham 003B,E02000716,Newham 003,E09000025,Newham,1977,425,353,539,419,241,1026,246,184,264,220,112,951,179,169,275,199,129
E01003585,Newham 004B,E02000717,Newham 004,E09000025,Newham,1608,406,296,432,313,161,852,201,147,255,177,72,756,205,149,177,136,89
E01003586,Newham 003C,E02000716,Newham 003,E09000025,Newham,1936,392,355,621,404,164,1125,233,206,403,211,72,811,159,149,218,193,92
E01003587,Newham 004C,E02000717,Newham 004,E09000025,Newham,2527,634,487,735,473,198,1309,291,243,431,251,93,1218,343,244,304,222,105
E01003588,Newham 011D,E02000724,Newham 011,E09000025,Newham,1743,448,315,493,354,133,973,247,163,319,183,61,770,201,152,174,171,72
E01003589,Newham 011E,E02000724,Newham 011,E09000025,Newham,1956,497,386,518,437,118,1093,238,226,299,266,64,863,259,160,219,171,54
E01003590,Newham 003D,E02000716,Newham 003,E09000025,Newham,1601,368,221,412,394,206,800,183,119,218,199,81,801,185,102,194,195,125
E01003591,Newham 004D,E02000717,Newham 004,E09000025,Newham,2346,597,452,676,483,138,1259,296,248,388,264,63,1087,301,204,288,219,75
E01003592,Newham 022B,E02000735,Newham 022,E09000025,Newham,1862,388,440,529,329,176,1022,190,249,326,172,85,840,198,191,203,157,91
E01003593,Newham 027D,E02000740,Newham 027,E09000025,Newham,1557,341,297,416,355,148,761,150,151,245,156,59,796,191,146,171,199,89
E01003594,Newham 026A,E02000739,Newham 026,E09000025,Newham,1854,409,347,571,400,127,1011,209,196,341,206,59,843,200,151,230,194,68
E01003595,Newham 026B,E02000739,Newham 026,E09000025,Newham,1816,393,388,441,377,217,943,184,214,241,208,96,873,209,174,200,169,121
E01003596,Newham 016B,E02000729,Newham 016,E09000025,Newham,1926,473,339,502,431,181,963,236,169,266,223,69,963,237,170,236,208,112
E01003597,Newham 016C,E02000729,Newham 016,E09000025,Newham,1582,343,278,445,370,146,845,167,136,272,184,86,737,176,142,173,186,60
E01003598,Newham 021A,E02000734,Newham 021,E09000025,Newham,2022,508,411,538,413,152,1017,260,195,307,206,49,1005,248,216,231,207,103
E01003599,Newham 022C,E02000735,Newham 022,E09000025,Newham,1645,369,355,390,347,184,894,228,189,220,162,95,751,141,166,170,185,89
E01003600,Newham 021B,E02000734,Newham 021,E09000025,Newham,1741,374,351,405,431,180,867,184,179,231,196,77,874,190,172,174,235,103
E01003601,Newham 028A,E02000741,Newham 028,E09000025,Newham,2240,520,449,554,533,184,1142,264,237,317,254,70,1098,256,212,237,279,114
E01003602,Newham 026C,E02000739,Newham 026,E09000025,Newham,2088,442,439,587,452,168,1082,215,219,331,238,79,1006,227,220,256,214,89
E01003603,Newham 028B,E02000741,Newham 028,E09000025,Newham,2041,533,321,582,436,169,1043,273,148,323,228,71,998,260,173,259,208,98
E01003604,Newham 031D,E02000744,Newham 031,E09000025,Newham,2364,630,440,597,548,149,1169,297,227,333,260,52,1195,333,213,264,288,97
E01003605,Newham 028C,E02000741,Newham 028,E09000025,Newham,2310,534,470,606,493,207,1301,297,297,358,257,92,1009,237,173,248,236,115
E01003606,Newham 022D,E02000735,Newham 022,E09000025,Newham,2938,760,502,810,631,235,1600,393,269,489,334,115,1338,367,233,321,297,120
E01003607,Newham 026D,E02000739,Newham 026,E09000025,Newham,1835,424,434,479,378,120,907,189,249,257,175,37,928,235,185,222,203,83
E01003608,Newham 028D,E02000741,Newham 028,E09000025,Newham,2192,534,379,608,513,158,1130,271,213,323,252,71,1062,263,166,285,261,87
E01003609,Newham 037A,E02000750,Newham 037,E09000025,Newham,4543,1024,1183,1511,683,142,2327,506,609,811,345,56,2216,518,574,700,338,86
E01003611,Newham 037C,E02000750,Newham 037,E09000025,Newham,2110,576,438,463,469,164,1033,284,227,212,242,68,1077,292,211,251,227,96
E01003615,Newham 013C,E02000726,Newham 013,E09000025,Newham,1941,370,496,499,406,170,978,204,217,288,200,69,963,166,279,211,206,101
E01003616,Newham 012A,E02000725,Newham 012,E09000025,Newham,1828,318,461,547,387,115,997,173,273,312,187,52,831,145,188,235,200,63
E01003617,Newham 012B,E02000725,Newham 012,E09000025,Newham,3402,451,1073,1096,512,270,1821,206,558,670,253,134,1581,245,515,426,259,136
E01003618,Newham 012C,E02000725,Newham 012,E09000025,Newham,2228,352,500,742,466,168,1125,185,256,387,221,76,1103,167,244,355,245,92
E01003619,Newham 012D,E02000725,Newham 012,E09000025,Newham,2695,475,803,878,389,150,1360,220,370,511,188,71,1335,255,433,367,201,79
E01003621,Newham 023C,E02000736,Newham 023,E09000025,Newham,1612,397,277,421,387,130,870,210,162,237,212,49,742,187,115,184,175,81
E01003622,Newham 023D,E02000736,Newham 023,E09000025,Newham,1796,521,306,438,401,130,992,308,158,242,225,59,804,213,148,196,176,71
E01003623,Newham 023E,E02000736,Newham 023,E09000025,Newham,1832,523,371,437,382,119,950,286,201,231,185,47,882,237,170,206,197,72
E01003624,Newham 024E,E02000737,Newham 024,E09000025,Newham,1736,454,309,403,424,146,860,219,149,219,209,64,876,235,160,184,215,82
E01003625,Newham 015A,E02000728,Newham 015,E09000025,Newham,1788,493,280,559,318,138,920,232,139,320,161,68,868,261,141,239,157,70
E01003626,Newham 015B,E02000728,Newham 015,E09000025,Newham,1662,382,282,491,350,157,909,182,152,308,194,73,753,200,130,183,156,84
E01003627,Newham 015C,E02000728,Newham 015,E09000025,Newham,1489,319,264,450,317,139,781,157,132,270,154,68,708,162,132,180,163,71
E01003628,Newham 015D,E02000728,Newham 015,E09000025,Newham,1660,392,290,433,397,148,921,202,162,242,208,107,739,190,128,191,189,41
E01003629,Newham 015E,E02000728,Newham 015,E09000025,Newham,1597,418,270,450,295,164,838,213,136,263,155,71,759,205,134,187,140,93
E01003630,Newham 021C,E02000734,Newham 021,E09000025,Newham,2089,421,407,568,490,203,1112,226,223,350,223,90,977,195,184,218,267,113
E01003631,Newham 020A,E02000733,Newham 020,E09000025,Newham,1811,309,365,541,415,181,998,168,197,336,203,94,813,141,168,205,212,87
E01003632,Newham 020B,E02000733,Newham 020,E09000025,Newham,2571,471,562,743,510,285,1312,222,287,443,253,107,1259,249,275,300,257,178
E01003633,Newham 020C,E02000733,Newham 020,E09000025,Newham,1886,417,416,484,434,135,989,201,203,292,216,77,897,216,213,192,218,58
E01003634,Newham 020D,E02000733,Newham 020,E09000025,Newham,1850,336,434,469,425,186,990,163,260,276,225,66,860,173,174,193,200,120
E01003635,Newham 016D,E02000729,Newham 016,E09000025,Newham,2035,390,437,591,394,223,1056,200,207,348,193,108,979,190,230,243,201,115
E01003636,Newham 020E,E02000733,Newham 020,E09000025,Newham,2019,387,518,577,388,149,1074,208,275,351,181,59,945,179,243,226,207,90
E01003637,Newham 021D,E02000734,Newham 021,E09000025,Newham,1803,325,430,554,365,129,1019,186,264,327,188,54,784,139,166,227,177,75
E01003638,Redbridge 017A,E02000767,Redbridge 017,E09000026,Redbridge,1856,390,344,401,399,322,953,211,192,200,198,152,903,179,152,201,201,170
E01003639,Redbridge 013A,E02000763,Redbridge 013,E09000026,Redbridge,2123,476,333,595,424,295,1048,244,167,298,221,118,1075,232,166,297,203,177
E01003640,Redbridge 013B,E02000763,Redbridge 013,E09000026,Redbridge,1894,418,358,399,461,258,929,204,199,189,227,110,965,214,159,210,234,148
E01003641,Redbridge 013C,E02000763,Redbridge 013,E09000026,Redbridge,1754,350,363,400,424,217,894,176,197,211,197,113,860,174,166,189,227,104
E01003642,Redbridge 013D,E02000763,Redbridge 013,E09000026,Redbridge,1858,384,419,374,461,220,913,206,205,162,236,104,945,178,214,212,225,116
E01003643,Redbridge 017B,E02000767,Redbridge 017,E09000026,Redbridge,2029,478,343,431,467,310,1004,256,185,193,243,127,1025,222,158,238,224,183
E01003644,Redbridge 017C,E02000767,Redbridge 017,E09000026,Redbridge,1610,341,267,382,370,250,803,174,138,188,188,115,807,167,129,194,182,135
E01003645,Redbridge 017D,E02000767,Redbridge 017,E09000026,Redbridge,2930,727,490,942,535,236,1555,389,233,528,297,108,1375,338,257,414,238,128
E01003646,Redbridge 012A,E02000762,Redbridge 012,E09000026,Redbridge,2081,418,448,508,430,277,1096,231,232,293,210,130,985,187,216,215,220,147
E01003647,Redbridge 015A,E02000765,Redbridge 015,E09000026,Redbridge,2096,408,420,575,441,252,1094,218,221,329,208,118,1002,190,199,246,233,134
E01003648,Redbridge 012B,E02000762,Redbridge 012,E09000026,Redbridge,1467,246,254,282,390,295,727,127,136,161,173,130,740,119,118,121,217,165
E01003649,Redbridge 012C,E02000762,Redbridge 012,E09000026,Redbridge,1609,304,305,306,427,267,812,155,189,140,209,119,797,149,116,166,218,148
E01003650,Redbridge 015B,E02000765,Redbridge 015,E09000026,Redbridge,1525,339,231,318,345,292,728,168,104,134,179,143,797,171,127,184,166,149
E01003651,Redbridge 012D,E02000762,Redbridge 012,E09000026,Redbridge,1499,278,271,248,425,277,769,148,154,127,199,141,730,130,117,121,226,136
E01003652,Redbridge 015C,E02000765,Redbridge 015,E09000026,Redbridge,1621,352,323,329,402,215,831,189,191,154,198,99,790,163,132,175,204,116
E01003653,Redbridge 015D,E02000765,Redbridge 015,E09000026,Redbridge,1782,436,251,557,326,212,907,238,119,276,172,102,875,198,132,281,154,110
E01003654,Redbridge 004A,E02000754,Redbridge 004,E09000026,Redbridge,1618,353,274,368,416,207,792,180,133,175,206,98,826,173,141,193,210,109
E01003655,Redbridge 004B,E02000754,Redbridge 004,E09000026,Redbridge,1571,279,224,436,398,234,796,160,101,227,193,115,775,119,123,209,205,119
E01003656,Redbridge 005A,E02000755,Redbridge 005,E09000026,Redbridge,1584,297,280,315,407,285,791,157,150,162,203,119,793,140,130,153,204,166
E01003657,Redbridge 005B,E02000755,Redbridge 005,E09000026,Redbridge,2253,467,345,533,544,364,1133,220,174,284,280,175,1120,247,171,249,264,189
E01003658,Redbridge 004C,E02000754,Redbridge 004,E09000026,Redbridge,1676,338,316,368,433,221,813,155,177,186,209,86,863,183,139,182,224,135
E01003659,Redbridge 005C,E02000755,Redbridge 005,E09000026,Redbridge,1756,361,293,412,472,218,876,198,168,190,221,99,880,163,125,222,251,119
E01003660,Redbridge 004D,E02000754,Redbridge 004,E09000026,Redbridge,1780,356,270,418,477,259,953,206,168,231,223,125,827,150,102,187,254,134
E01003661,Redbridge 019A,E02000769,Redbridge 019,E09000026,Redbridge,1946,428,349,414,487,268,989,224,188,211,251,115,957,204,161,203,236,153
E01003662,Redbridge 019B,E02000769,Redbridge 019,E09000026,Redbridge,2315,619,462,569,474,191,1192,343,231,301,238,79,1123,276,231,268,236,112
E01003663,Redbridge 019C,E02000769,Redbridge 019,E09000026,Redbridge,1882,424,303,367,445,343,870,204,162,171,201,132,1012,220,141,196,244,211
E01003664,Redbridge 019D,E02000769,Redbridge 019,E09000026,Redbridge,1707,418,364,313,431,181,848,207,180,157,227,77,859,211,184,156,204,104
E01003665,Redbridge 019E,E02000769,Redbridge 019,E09000026,Redbridge,1723,437,338,317,433,198,825,203,184,139,216,83,898,234,154,178,217,115
E01003666,Redbridge 019F,E02000769,Redbridge 019,E09000026,Redbridge,2889,874,516,808,539,152,1395,413,243,405,273,61,1494,461,273,403,266,91
E01003668,Redbridge 007A,E02000757,Redbridge 007,E09000026,Redbridge,1763,261,253,538,411,300,901,124,134,280,213,150,862,137,119,258,198,150
E01003669,Redbridge 007B,E02000757,Redbridge 007,E09000026,Redbridge,1677,316,257,420,469,215,857,184,126,203,232,112,820,132,131,217,237,103
E01003670,Redbridge 007C,E02000757,Redbridge 007,E09000026,Redbridge,1518,277,255,311,412,263,775,149,144,151,202,129,743,128,111,160,210,134
E01003671,Redbridge 007D,E02000757,Redbridge 007,E09000026,Redbridge,1472,312,170,286,437,267,733,157,104,136,218,118,739,155,66,150,219,149
E01003672,Redbridge 007E,E02000757,Redbridge 007,E09000026,Redbridge,1756,373,281,532,323,247,865,207,128,290,163,77,891,166,153,242,160,170
E01003673,Redbridge 007F,E02000757,Redbridge 007,E09000026,Redbridge,1919,306,367,538,472,236,1004,166,194,301,233,110,915,140,173,237,239,126
E01003674,Redbridge 007G,E02000757,Redbridge 007,E09000026,Redbridge,2633,516,504,873,514,226,1366,244,275,491,263,93,1267,272,229,382,251,133
E01003675,Redbridge 036A,E02006925,Redbridge 036,E09000026,Redbridge,1719,360,302,410,393,254,871,170,163,212,198,128,848,190,139,198,195,126
E01003676,Redbridge 036B,E02006925,Redbridge 036,E09000026,Redbridge,1837,397,430,338,414,258,933,208,222,157,209,137,904,189,208,181,205,121
E01003677,Redbridge 036C,E02006925,Redbridge 036,E09000026,Redbridge,1698,313,366,314,407,298,896,170,225,153,193,155,802,143,141,161,214,143
E01003678,Redbridge 036D,E02006925,Redbridge 036,E09000026,Redbridge,1608,323,300,289,442,254,815,183,152,138,227,115,793,140,148,151,215,139
E01003679,Redbridge 036E,E02006925,Redbridge 036,E09000026,Redbridge,1690,315,292,363,463,257,847,162,159,178,234,114,843,153,133,185,229,143
E01003680,Redbridge 036F,E02006925,Redbridge 036,E09000026,Redbridge,1857,378,391,305,495,288,942,184,242,138,241,137,915,194,149,167,254,151
E01003681,Redbridge 036G,E02006925,Redbridge 036,E09000026,Redbridge,1879,345,363,339,498,334,927,175,212,169,240,131,952,170,151,170,258,203
E01003682,Redbridge 036H,E02006925,Redbridge 036,E09000026,Redbridge,1747,352,365,317,440,273,888,178,207,158,212,133,859,174,158,159,228,140
E01003683,Redbridge 030A,E02000780,Redbridge 030,E09000026,Redbridge,2275,681,411,549,432,202,1230,389,219,297,239,86,1045,292,192,252,193,116
E01003684,Redbridge 030B,E02000780,Redbridge 030,E09000026,Redbridge,1990,545,390,466,404,185,1009,287,180,234,213,95,981,258,210,232,191,90
E01003685,Redbridge 030C,E02000780,Redbridge 030,E09000026,Redbridge,1995,493,434,484,418,166,1056,238,237,274,222,85,939,255,197,210,196,81
E01003686,Redbridge 030D,E02000780,Redbridge 030,E09000026,Redbridge,2146,534,424,530,417,241,1130,268,230,282,221,129,1016,266,194,248,196,112
E01003688,Redbridge 030F,E02000780,Redbridge 030,E09000026,Redbridge,2093,546,387,565,395,200,1144,294,225,320,216,89,949,252,162,245,179,111
E01003689,Redbridge 030G,E02000780,Redbridge 030,E09000026,Redbridge,2205,629,361,608,406,201,1165,354,183,347,191,90,1040,275,178,261,215,111
E01003690,Redbridge 035A,E02006924,Redbridge 035,E09000026,Redbridge,2330,465,464,651,401,349,1217,250,229,382,210,146,1113,215,235,269,191,203
E01003691,Redbridge 035B,E02006924,Redbridge 035,E09000026,Redbridge,1461,338,276,329,336,182,751,176,150,176,168,81,710,162,126,153,168,101
E01003692,Redbridge 035C,E02006924,Redbridge 035,E09000026,Redbridge,1688,389,327,379,376,217,793,157,157,179,189,111,895,232,170,200,187,106
E01003693,Redbridge 035D,E02006924,Redbridge 035,E09000026,Redbridge,1609,284,330,346,430,219,822,129,174,198,222,99,787,155,156,148,208,120
E01003694,Redbridge 035E,E02006924,Redbridge 035,E09000026,Redbridge,1387,221,224,304,342,296,731,121,124,171,164,151,656,100,100,133,178,145
E01003695,Redbridge 035F,E02006924,Redbridge 035,E09000026,Redbridge,1650,378,283,417,362,210,904,202,148,242,201,111,746,176,135,175,161,99
E01003696,Redbridge 035G,E02006924,Redbridge 035,E09000026,Redbridge,1968,322,557,418,401,270,1119,166,376,247,210,120,849,156,181,171,191,150
E01003697,Redbridge 035H,E02006924,Redbridge 035,E09000026,Redbridge,1674,340,338,374,406,216,851,176,163,202,211,99,823,164,175,172,195,117
E01003698,Redbridge 006A,E02000756,Redbridge 006,E09000026,Redbridge,1408,267,266,283,363,229,718,144,144,138,176,116,690,123,122,145,187,113
E01003699,Redbridge 006B,E02000756,Redbridge 006,E09000026,Redbridge,1686,367,268,442,370,239,882,206,151,240,173,112,804,161,117,202,197,127
E01003700,Redbridge 006C,E02000756,Redbridge 006,E09000026,Redbridge,2329,452,408,498,597,374,1163,237,220,255,281,170,1166,215,188,243,316,204
E01003701,Redbridge 006D,E02000756,Redbridge 006,E09000026,Redbridge,1927,393,411,446,409,268,935,212,222,205,191,105,992,181,189,241,218,163
E01003702,Redbridge 006E,E02000756,Redbridge 006,E09000026,Redbridge,2077,462,363,575,447,230,1048,224,196,299,228,101,1029,238,167,276,219,129
E01003703,Redbridge 006F,E02000756,Redbridge 006,E09000026,Redbridge,2651,520,457,547,745,382,1387,273,266,267,388,193,1264,247,191,280,357,189
E01003704,Redbridge 006G,E02000756,Redbridge 006,E09000026,Redbridge,1782,358,336,404,437,247,896,185,181,203,210,117,886,173,155,201,227,130
E01003705,Redbridge 010A,E02000760,Redbridge 010,E09000026,Redbridge,2393,544,424,551,552,322,1132,232,215,285,258,142,1261,312,209,266,294,180
E01003706,Redbridge 010B,E02000760,Redbridge 010,E09000026,Redbridge,1774,444,270,385,410,265,882,233,136,188,213,112,892,211,134,197,197,153
E01003707,Redbridge 008A,E02000758,Redbridge 008,E09000026,Redbridge,1375,276,255,224,404,216,734,156,159,116,201,102,641,120,96,108,203,114
E01003708,Redbridge 008B,E02000758,Redbridge 008,E09000026,Redbridge,1763,433,334,370,446,180,824,211,202,158,181,72,939,222,132,212,265,108
E01003709,Redbridge 008C,E02000758,Redbridge 008,E09000026,Redbridge,1700,346,271,321,456,306,837,159,142,157,225,154,863,187,129,164,231,152
E01003710,Redbridge 008D,E02000758,Redbridge 008,E09000026,Redbridge,1487,254,277,246,402,308,739,120,167,120,192,140,748,134,110,126,210,168
E01003711,Redbridge 010C,E02000760,Redbridge 010,E09000026,Redbridge,1828,336,330,393,431,338,874,161,140,212,216,145,954,175,190,181,215,193
E01003712,Redbridge 010D,E02000760,Redbridge 010,E09000026,Redbridge,1228,263,231,254,316,164,575,140,112,131,133,59,653,123,119,123,183,105
E01003713,Redbridge 034A,E02006800,Redbridge 034,E09000026,Redbridge,1769,393,365,387,420,204,925,199,198,215,210,103,844,194,167,172,210,101
E01003714,Redbridge 034B,E02006800,Redbridge 034,E09000026,Redbridge,2225,569,390,593,462,211,1171,287,206,317,251,110,1054,282,184,276,211,101
E01003715,Redbridge 034C,E02006800,Redbridge 034,E09000026,Redbridge,2246,566,479,541,456,204,1198,281,276,292,235,114,1048,285,203,249,221,90
E01003716,Redbridge 034D,E02006800,Redbridge 034,E09000026,Redbridge,1944,423,384,473,443,221,1018,231,215,261,221,90,926,192,169,212,222,131
E01003718,Redbridge 034E,E02006800,Redbridge 034,E09000026,Redbridge,2094,586,389,559,420,140,1083,313,195,276,224,75,1011,273,194,283,196,65
E01003719,Redbridge 034F,E02006800,Redbridge 034,E09000026,Redbridge,2211,527,423,557,479,225,1153,261,226,289,256,121,1058,266,197,268,223,104
E01003720,Redbridge 002A,E02000752,Redbridge 002,E09000026,Redbridge,1910,357,355,377,503,318,921,187,174,210,229,121,989,170,181,167,274,197
E01003721,Redbridge 003A,E02000753,Redbridge 003,E09000026,Redbridge,1898,385,346,403,394,370,951,196,188,223,190,154,947,189,158,180,204,216
E01003722,Redbridge 002B,E02000752,Redbridge 002,E09000026,Redbridge,2174,521,381,511,521,240,1084,277,197,253,243,114,1090,244,184,258,278,126
E01003723,Redbridge 002C,E02000752,Redbridge 002,E09000026,Redbridge,1886,397,292,425,500,272,925,194,159,220,233,119,961,203,133,205,267,153
E01003724,Redbridge 003B,E02000753,Redbridge 003,E09000026,Redbridge,1387,280,260,307,370,170,696,156,143,140,174,83,691,124,117,167,196,87
E01003725,Redbridge 003C,E02000753,Redbridge 003,E09000026,Redbridge,1588,358,263,396,389,182,746,183,135,188,164,76,842,175,128,208,225,106
E01003726,Redbridge 002D,E02000752,Redbridge 002,E09000026,Redbridge,1862,485,299,511,416,151,909,253,134,252,200,70,953,232,165,259,216,81
E01003727,Redbridge 003D,E02000753,Redbridge 003,E09000026,Redbridge,1716,364,284,395,474,199,830,184,141,195,221,89,886,180,143,200,253,110
E01003728,Redbridge 032A,E02000782,Redbridge 032,E09000026,Redbridge,3473,937,586,1226,528,196,1833,489,294,679,280,91,1640,448,292,547,248,105
E01003729,Redbridge 032B,E02000782,Redbridge 032,E09000026,Redbridge,1864,464,337,476,404,183,968,247,193,259,205,64,896,217,144,217,199,119
E01003730,Redbridge 032C,E02000782,Redbridge 032,E09000026,Redbridge,1740,450,383,388,379,140,916,235,223,197,190,71,824,215,160,191,189,69
E01003731,Redbridge 033A,E02000783,Redbridge 033,E09000026,Redbridge,1549,373,371,387,305,113,802,172,213,221,142,54,747,201,158,166,163,59
E01003732,Redbridge 032D,E02000782,Redbridge 032,E09000026,Redbridge,1857,627,314,480,263,173,854,327,119,231,122,55,1003,300,195,249,141,118
E01003733,Redbridge 032E,E02000782,Redbridge 032,E09000026,Redbridge,1810,428,404,475,347,156,964,213,223,262,171,95,846,215,181,213,176,61
E01003734,Redbridge 033B,E02000783,Redbridge 033,E09000026,Redbridge,1976,571,350,453,422,180,994,263,182,238,231,80,982,308,168,215,191,100
E01003735,Redbridge 033C,E02000783,Redbridge 033,E09000026,Redbridge,2510,767,487,599,428,229,1225,413,265,263,198,86,1285,354,222,336,230,143
E01003736,Redbridge 033D,E02000783,Redbridge 033,E09000026,Redbridge,1778,523,330,454,365,106,950,284,191,235,196,44,828,239,139,219,169,62
E01003737,Redbridge 031A,E02000781,Redbridge 031,E09000026,Redbridge,1918,420,363,368,416,351,956,220,199,183,196,158,962,200,164,185,220,193
E01003738,Redbridge 031B,E02000781,Redbridge 031,E09000026,Redbridge,2314,483,504,503,528,296,1133,213,251,253,274,142,1181,270,253,250,254,154
E01003739,Redbridge 031C,E02000781,Redbridge 031,E09000026,Redbridge,2418,600,488,602,511,217,1266,316,262,312,254,122,1152,284,226,290,257,95
E01003740,Redbridge 031D,E02000781,Redbridge 031,E09000026,Redbridge,2225,542,389,488,527,279,1113,288,186,257,252,130,1112,254,203,231,275,149
E01003741,Redbridge 031E,E02000781,Redbridge 031,E09000026,Redbridge,1943,452,357,407,415,312,979,210,202,207,212,148,964,242,155,200,203,164
E01003742,Redbridge 031F,E02000781,Redbridge 031,E09000026,Redbridge,2417,623,419,678,506,191,1306,335,225,393,270,83,1111,288,194,285,236,108
E01003743,Redbridge 031G,E02000781,Redbridge 031,E09000026,Redbridge,1905,447,413,453,392,200,988,218,221,243,210,96,917,229,192,210,182,104
E01003744,Redbridge 001A,E02000751,Redbridge 001,E09000026,Redbridge,1386,208,149,256,388,385,685,105,77,124,201,178,701,103,72,132,187,207
E01003745,Redbridge 001B,E02000751,Redbridge 001,E09000026,Redbridge,1384,255,206,184,467,272,695,143,104,81,231,136,689,112,102,103,236,136
E01003746,Redbridge 001C,E02000751,Redbridge 001,E09000026,Redbridge,1523,267,170,262,408,416,706,107,87,136,189,187,817,160,83,126,219,229
E01003747,Redbridge 001D,E02000751,Redbridge 001,E09000026,Redbridge,1264,213,175,165,412,299,617,105,88,79,201,144,647,108,87,86,211,155
E01003748,Redbridge 001E,E02000751,Redbridge 001,E09000026,Redbridge,1600,249,264,241,419,427,802,134,158,120,209,181,798,115,106,121,210,246
E01003749,Redbridge 001F,E02000751,Redbridge 001,E09000026,Redbridge,1667,286,295,371,411,304,821,156,148,182,206,129,846,130,147,189,205,175
E01003750,Redbridge 001G,E02000751,Redbridge 001,E09000026,Redbridge,1792,311,280,385,476,340,883,160,134,202,231,156,909,151,146,183,245,184
E01003751,Redbridge 020A,E02000770,Redbridge 020,E09000026,Redbridge,2144,508,460,421,501,254,1060,252,231,200,255,122,1084,256,229,221,246,132
E01003752,Redbridge 023A,E02000773,Redbridge 023,E09000026,Redbridge,2880,567,654,834,518,307,1487,271,337,482,255,142,1393,296,317,352,263,165
E01003753,Redbridge 020B,E02000770,Redbridge 020,E09000026,Redbridge,2205,528,419,530,505,223,1160,258,234,277,280,111,1045,270,185,253,225,112
E01003754,Redbridge 020C,E02000770,Redbridge 020,E09000026,Redbridge,1656,320,348,297,423,268,813,161,180,150,208,114,843,159,168,147,215,154
E01003755,Redbridge 023B,E02000773,Redbridge 023,E09000026,Redbridge,2122,541,432,425,537,187,1085,289,227,210,281,78,1037,252,205,215,256,109
E01003756,Redbridge 023C,E02000773,Redbridge 023,E09000026,Redbridge,2237,516,456,460,525,280,1136,272,248,238,258,120,1101,244,208,222,267,160
E01003757,Redbridge 020D,E02000770,Redbridge 020,E09000026,Redbridge,2114,503,458,476,452,225,1089,249,230,257,230,123,1025,254,228,219,222,102
E01003758,Redbridge 023D,E02000773,Redbridge 023,E09000026,Redbridge,2861,891,518,722,571,159,1471,516,255,362,261,77,1390,375,263,360,310,82
E01003759,Redbridge 009A,E02000759,Redbridge 009,E09000026,Redbridge,1552,339,157,324,443,289,782,167,83,169,217,146,770,172,74,155,226,143
E01003760,Redbridge 009B,E02000759,Redbridge 009,E09000026,Redbridge,1948,407,399,469,476,197,995,199,224,254,226,92,953,208,175,215,250,105
E01003761,Redbridge 009C,E02000759,Redbridge 009,E09000026,Redbridge,1811,474,292,423,495,127,894,241,133,189,268,63,917,233,159,234,227,64
E01003762,Redbridge 009D,E02000759,Redbridge 009,E09000026,Redbridge,1729,335,271,394,504,225,875,175,151,197,248,104,854,160,120,197,256,121
E01003763,Redbridge 009E,E02000759,Redbridge 009,E09000026,Redbridge,2083,517,308,484,467,307,1025,274,154,243,230,124,1058,243,154,241,237,183
E01003764,Redbridge 009F,E02000759,Redbridge 009,E09000026,Redbridge,2237,484,355,669,500,229,1147,274,183,345,242,103,1090,210,172,324,258,126
E01003765,Redbridge 009G,E02000759,Redbridge 009,E09000026,Redbridge,1957,396,420,520,440,181,980,216,201,265,209,89,977,180,219,255,231,92
E01003766,Redbridge 024A,E02000774,Redbridge 024,E09000026,Redbridge,1763,358,357,426,426,196,912,181,188,219,223,101,851,177,169,207,203,95
E01003767,Redbridge 024B,E02000774,Redbridge 024,E09000026,Redbridge,2081,502,400,582,398,199,1129,286,220,331,203,89,952,216,180,251,195,110
E01003768,Redbridge 024C,E02000774,Redbridge 024,E09000026,Redbridge,1902,454,392,483,368,205,961,212,220,236,192,101,941,242,172,247,176,104
E01003769,Redbridge 022A,E02000772,Redbridge 022,E09000026,Redbridge,2018,517,374,535,376,216,1043,284,171,288,209,91,975,233,203,247,167,125
E01003770,Redbridge 022B,E02000772,Redbridge 022,E09000026,Redbridge,3070,753,666,831,607,213,1656,379,418,444,330,85,1414,374,248,387,277,128
E01003771,Redbridge 022C,E02000772,Redbridge 022,E09000026,Redbridge,2108,566,350,496,487,209,1020,258,173,270,214,105,1088,308,177,226,273,104
E01003772,Redbridge 024D,E02000774,Redbridge 024,E09000026,Redbridge,1813,440,321,428,373,251,930,201,170,232,197,130,883,239,151,196,176,121
E01003773,Redbridge 022D,E02000772,Redbridge 022,E09000026,Redbridge,1858,479,345,450,394,190,897,220,163,243,197,74,961,259,182,207,197,116
E01003774,Redbridge 014A,E02000764,Redbridge 014,E09000026,Redbridge,1869,329,264,521,469,286,950,195,130,280,221,124,919,134,134,241,248,162
E01003775,Redbridge 014B,E02000764,Redbridge 014,E09000026,Redbridge,1798,313,305,414,414,352,848,153,141,210,196,148,950,160,164,204,218,204
E01003776,Redbridge 014C,E02000764,Redbridge 014,E09000026,Redbridge,1772,264,263,455,381,409,834,137,149,226,165,157,938,127,114,229,216,252
E01003777,Redbridge 014D,E02000764,Redbridge 014,E09000026,Redbridge,1767,226,306,552,439,244,856,120,157,276,202,101,911,106,149,276,237,143
E01003778,Redbridge 014E,E02000764,Redbridge 014,E09000026,Redbridge,2080,337,431,628,417,267,1137,193,255,357,198,134,943,144,176,271,219,133
E01003779,Redbridge 014F,E02000764,Redbridge 014,E09000026,Redbridge,1574,272,207,395,381,319,728,128,119,203,168,110,846,144,88,192,213,209
E01003780,Redbridge 014G,E02000764,Redbridge 014,E09000026,Redbridge,1561,265,246,238,483,329,777,143,131,112,239,152,784,122,115,126,244,177
E01003781,Redbridge 026A,E02000776,Redbridge 026,E09000026,Redbridge,1945,487,307,534,433,184,966,231,151,289,217,78,979,256,156,245,216,106
E01003782,Redbridge 026B,E02000776,Redbridge 026,E09000026,Redbridge,1888,561,287,538,350,152,924,246,148,271,188,71,964,315,139,267,162,81
E01003783,Redbridge 029A,E02000779,Redbridge 029,E09000026,Redbridge,2600,661,491,719,497,232,1389,341,231,392,303,122,1211,320,260,327,194,110
E01003784,Redbridge 029B,E02000779,Redbridge 029,E09000026,Redbridge,2015,466,395,504,449,201,1075,243,213,278,233,108,940,223,182,226,216,93
E01003785,Redbridge 029C,E02000779,Redbridge 029,E09000026,Redbridge,2243,654,390,636,388,175,1177,369,197,341,189,81,1066,285,193,295,199,94
E01003786,Redbridge 026C,E02000776,Redbridge 026,E09000026,Redbridge,1531,374,289,340,349,179,754,207,139,148,186,74,777,167,150,192,163,105
E01003787,Redbridge 026D,E02000776,Redbridge 026,E09000026,Redbridge,1625,429,262,376,349,209,837,220,127,196,182,112,788,209,135,180,167,97
E01003788,Redbridge 029D,E02000779,Redbridge 029,E09000026,Redbridge,2195,574,333,696,410,182,1223,338,179,386,233,87,972,236,154,310,177,95
E01003789,Redbridge 018A,E02000768,Redbridge 018,E09000026,Redbridge,1425,227,231,342,381,244,699,116,112,184,183,104,726,111,119,158,198,140
E01003790,Redbridge 027A,E02000777,Redbridge 027,E09000026,Redbridge,1448,283,214,289,411,251,739,141,120,151,197,130,709,142,94,138,214,121
E01003791,Redbridge 027B,E02000777,Redbridge 027,E09000026,Redbridge,1516,297,206,333,396,284,736,154,100,168,187,127,780,143,106,165,209,157
E01003792,Redbridge 027C,E02000777,Redbridge 027,E09000026,Redbridge,1443,280,223,285,433,222,719,141,112,142,214,110,724,139,111,143,219,112
E01003793,Redbridge 027D,E02000777,Redbridge 027,E09000026,Redbridge,1617,294,233,407,435,248,805,149,117,218,201,120,812,145,116,189,234,128
E01003794,Redbridge 018B,E02000768,Redbridge 018,E09000026,Redbridge,1565,359,195,335,410,266,763,188,105,152,203,115,802,171,90,183,207,151
E01003795,Redbridge 018C,E02000768,Redbridge 018,E09000026,Redbridge,1229,272,159,196,384,218,613,158,77,90,196,92,616,114,82,106,188,126
E01003796,Redbridge 018D,E02000768,Redbridge 018,E09000026,Redbridge,1604,311,258,318,448,269,806,159,158,146,215,128,798,152,100,172,233,141
E01003797,Richmond upon Thames 001A,E02000784,Richmond upon Thames 001,E09000027,Richmond upon Thames,1425,316,172,158,428,351,651,157,65,70,200,159,774,159,107,88,228,192
E01003798,Richmond upon Thames 001B,E02000784,Richmond upon Thames 001,E09000027,Richmond upon Thames,1508,278,208,261,466,295,740,153,109,129,222,127,768,125,99,132,244,168
E01003799,Richmond upon Thames 001C,E02000784,Richmond upon Thames 001,E09000027,Richmond upon Thames,1644,382,178,342,503,239,816,193,89,148,265,121,828,189,89,194,238,118
E01003800,Richmond upon Thames 001D,E02000784,Richmond upon Thames 001,E09000027,Richmond upon Thames,1427,287,219,266,432,223,655,135,129,123,187,81,772,152,90,143,245,142
E01003801,Richmond upon Thames 001E,E02000784,Richmond upon Thames 001,E09000027,Richmond upon Thames,1285,229,182,274,357,243,664,106,109,156,184,109,621,123,73,118,173,134
E01003802,Richmond upon Thames 001F,E02000784,Richmond upon Thames 001,E09000027,Richmond upon Thames,1317,206,185,246,421,259,701,119,111,123,212,136,616,87,74,123,209,123
E01003803,Richmond upon Thames 001G,E02000784,Richmond upon Thames 001,E09000027,Richmond upon Thames,1515,322,226,348,403,216,735,184,103,170,181,97,780,138,123,178,222,119
E01003804,Richmond upon Thames 005A,E02000788,Richmond upon Thames 005,E09000027,Richmond upon Thames,1805,446,186,479,457,237,885,262,99,201,227,96,920,184,87,278,230,141
E01003805,Richmond upon Thames 012A,E02000795,Richmond upon Thames 012,E09000027,Richmond upon Thames,1627,414,159,249,425,380,800,212,78,115,199,196,827,202,81,134,226,184
E01003806,Richmond upon Thames 012B,E02000795,Richmond upon Thames 012,E09000027,Richmond upon Thames,1619,432,235,186,493,273,789,222,124,86,221,136,830,210,111,100,272,137
E01003807,Richmond upon Thames 005B,E02000788,Richmond upon Thames 005,E09000027,Richmond upon Thames,2019,419,271,569,475,285,974,210,138,267,236,123,1045,209,133,302,239,162
E01003808,Richmond upon Thames 005C,E02000788,Richmond upon Thames 005,E09000027,Richmond upon Thames,1916,481,153,548,487,247,883,222,69,264,244,84,1033,259,84,284,243,163
E01003809,Richmond upon Thames 005D,E02000788,Richmond upon Thames 005,E09000027,Richmond upon Thames,1705,387,165,289,515,349,823,204,82,151,242,144,882,183,83,138,273,205
E01003810,Richmond upon Thames 019A,E02000802,Richmond upon Thames 019,E09000027,Richmond upon Thames,1594,383,182,309,514,206,783,192,99,134,249,109,811,191,83,175,265,97
E01003811,Richmond upon Thames 018A,E02000801,Richmond upon Thames 018,E09000027,Richmond upon Thames,1858,528,184,454,541,151,903,280,88,212,265,58,955,248,96,242,276,93
E01003812,Richmond upon Thames 018B,E02000801,Richmond upon Thames 018,E09000027,Richmond upon Thames,1916,438,266,451,550,211,930,217,132,207,264,110,986,221,134,244,286,101
E01003813,Richmond upon Thames 019B,E02000802,Richmond upon Thames 019,E09000027,Richmond upon Thames,1638,329,211,258,515,325,822,182,101,139,237,163,816,147,110,119,278,162
E01003814,Richmond upon Thames 019C,E02000802,Richmond upon Thames 019,E09000027,Richmond upon Thames,1751,260,224,357,518,392,799,128,108,164,254,145,952,132,116,193,264,247
E01003815,Richmond upon Thames 019D,E02000802,Richmond upon Thames 019,E09000027,Richmond upon Thames,1950,391,216,531,485,327,939,211,114,279,222,113,1011,180,102,252,263,214
E01003816,Richmond upon Thames 012C,E02000795,Richmond upon Thames 012,E09000027,Richmond upon Thames,1839,486,228,287,554,284,909,255,105,136,280,133,930,231,123,151,274,151
E01003817,Richmond upon Thames 012D,E02000795,Richmond upon Thames 012,E09000027,Richmond upon Thames,2100,448,203,457,575,417,1053,239,110,230,307,167,1047,209,93,227,268,250
E01003818,Richmond upon Thames 017A,E02000800,Richmond upon Thames 017,E09000027,Richmond upon Thames,1656,397,176,312,460,311,832,208,104,147,236,137,824,189,72,165,224,174
E01003819,Richmond upon Thames 017B,E02000800,Richmond upon Thames 017,E09000027,Richmond upon Thames,1761,390,222,377,514,258,858,190,119,177,259,113,903,200,103,200,255,145
E01003820,Richmond upon Thames 017C,E02000800,Richmond upon Thames 017,E09000027,Richmond upon Thames,2072,481,242,425,584,340,1020,265,116,207,266,166,1052,216,126,218,318,174
E01003821,Richmond upon Thames 008A,E02000791,Richmond upon Thames 008,E09000027,Richmond upon Thames,1749,320,182,544,476,227,885,163,92,267,261,102,864,157,90,277,215,125
E01003822,Richmond upon Thames 023A,E02000806,Richmond upon Thames 023,E09000027,Richmond upon Thames,1386,252,141,176,439,378,647,127,73,82,205,160,739,125,68,94,234,218
E01003823,Richmond upon Thames 023B,E02000806,Richmond upon Thames 023,E09000027,Richmond upon Thames,1688,209,218,328,547,386,810,92,108,156,284,170,878,117,110,172,263,216
E01003824,Richmond upon Thames 023C,E02000806,Richmond upon Thames 023,E09000027,Richmond upon Thames,1622,351,173,288,489,321,788,186,87,148,210,157,834,165,86,140,279,164
E01003825,Richmond upon Thames 023D,E02000806,Richmond upon Thames 023,E09000027,Richmond upon Thames,1790,405,175,347,549,314,875,210,89,168,257,151,915,195,86,179,292,163
E01003826,Richmond upon Thames 023E,E02000806,Richmond upon Thames 023,E09000027,Richmond upon Thames,1869,414,216,427,456,356,871,215,93,190,224,149,998,199,123,237,232,207
E01003827,Richmond upon Thames 023F,E02000806,Richmond upon Thames 023,E09000027,Richmond upon Thames,1961,396,245,500,542,278,976,197,141,242,264,132,985,199,104,258,278,146
E01003828,Richmond upon Thames 020A,E02000803,Richmond upon Thames 020,E09000027,Richmond upon Thames,1490,287,187,223,402,391,709,148,96,92,194,179,781,139,91,131,208,212
E01003829,Richmond upon Thames 020B,E02000803,Richmond upon Thames 020,E09000027,Richmond upon Thames,1688,391,217,354,450,276,788,182,101,168,231,106,900,209,116,186,219,170
E01003830,Richmond upon Thames 020C,E02000803,Richmond upon Thames 020,E09000027,Richmond upon Thames,1784,396,233,338,493,324,865,204,113,161,232,155,919,192,120,177,261,169
E01003831,Richmond upon Thames 020D,E02000803,Richmond upon Thames 020,E09000027,Richmond upon Thames,1676,370,201,382,472,251,815,203,95,180,220,117,861,167,106,202,252,134
E01003832,Richmond upon Thames 020E,E02000803,Richmond upon Thames 020,E09000027,Richmond upon Thames,1437,275,188,338,409,227,695,151,98,156,207,83,742,124,90,182,202,144
E01003833,Richmond upon Thames 020F,E02000803,Richmond upon Thames 020,E09000027,Richmond upon Thames,1395,263,146,330,369,287,670,141,66,150,184,129,725,122,80,180,185,158
E01003834,Richmond upon Thames 022A,E02000805,Richmond upon Thames 022,E09000027,Richmond upon Thames,2239,279,775,448,447,290,1148,147,391,225,239,146,1091,132,384,223,208,144
E01003835,Richmond upon Thames 022B,E02000805,Richmond upon Thames 022,E09000027,Richmond upon Thames,1659,422,186,285,543,223,826,225,84,136,263,118,833,197,102,149,280,105
E01003836,Richmond upon Thames 022C,E02000805,Richmond upon Thames 022,E09000027,Richmond upon Thames,1440,296,202,225,423,294,675,151,94,105,208,117,765,145,108,120,215,177
E01003837,Richmond upon Thames 022D,E02000805,Richmond upon Thames 022,E09000027,Richmond upon Thames,2008,392,187,328,688,413,999,212,85,161,345,196,1009,180,102,167,343,217
E01003838,Richmond upon Thames 022E,E02000805,Richmond upon Thames 022,E09000027,Richmond upon Thames,1857,419,235,421,566,216,923,217,113,220,278,95,934,202,122,201,288,121
E01003839,Richmond upon Thames 022F,E02000805,Richmond upon Thames 022,E09000027,Richmond upon Thames,2228,456,263,568,602,339,1051,241,105,254,312,139,1177,215,158,314,290,200
E01003840,Richmond upon Thames 013A,E02000796,Richmond upon Thames 013,E09000027,Richmond upon Thames,1678,421,229,426,399,203,805,181,122,211,200,91,873,240,107,215,199,112
E01003841,Richmond upon Thames 013B,E02000796,Richmond upon Thames 013,E09000027,Richmond upon Thames,2146,555,352,504,524,211,1058,267,185,235,258,113,1088,288,167,269,266,98
E01003842,Richmond upon Thames 013C,E02000796,Richmond upon Thames 013,E09000027,Richmond upon Thames,1673,397,224,383,417,252,841,219,116,183,203,120,832,178,108,200,214,132
E01003843,Richmond upon Thames 013D,E02000796,Richmond upon Thames 013,E09000027,Richmond upon Thames,2157,501,329,431,530,366,1054,245,160,207,281,161,1103,256,169,224,249,205
E01003844,Richmond upon Thames 013E,E02000796,Richmond upon Thames 013,E09000027,Richmond upon Thames,1463,279,211,246,396,331,713,150,94,113,191,165,750,129,117,133,205,166
E01003845,Richmond upon Thames 013F,E02000796,Richmond upon Thames 013,E09000027,Richmond upon Thames,1674,277,199,286,535,377,841,150,105,152,277,157,833,127,94,134,258,220
E01003846,Richmond upon Thames 002A,E02000785,Richmond upon Thames 002,E09000027,Richmond upon Thames,1705,393,181,309,510,312,842,205,107,141,243,146,863,188,74,168,267,166
E01003847,Richmond upon Thames 002B,E02000785,Richmond upon Thames 002,E09000027,Richmond upon Thames,1642,234,197,453,442,316,765,117,100,193,213,142,877,117,97,260,229,174
E01003848,Richmond upon Thames 004A,E02000787,Richmond upon Thames 004,E09000027,Richmond upon Thames,1832,377,228,536,466,225,893,203,96,257,229,108,939,174,132,279,237,117
E01003849,Richmond upon Thames 002C,E02000785,Richmond upon Thames 002,E09000027,Richmond upon Thames,1537,314,159,332,425,307,718,140,86,144,218,130,819,174,73,188,207,177
E01003851,Richmond upon Thames 002D,E02000785,Richmond upon Thames 002,E09000027,Richmond upon Thames,1682,342,198,329,456,357,769,173,85,146,217,148,913,169,113,183,239,209
E01003852,Richmond upon Thames 003A,E02000786,Richmond upon Thames 003,E09000027,Richmond upon Thames,1401,232,203,351,353,262,711,129,118,175,169,120,690,103,85,176,184,142
E01003853,Richmond upon Thames 003B,E02000786,Richmond upon Thames 003,E09000027,Richmond upon Thames,1517,308,161,265,448,335,706,135,83,120,209,159,811,173,78,145,239,176
E01003854,Richmond upon Thames 003C,E02000786,Richmond upon Thames 003,E09000027,Richmond upon Thames,1482,307,177,360,407,231,724,155,92,171,195,111,758,152,85,189,212,120
E01003855,Richmond upon Thames 003D,E02000786,Richmond upon Thames 003,E09000027,Richmond upon Thames,1941,388,258,488,537,270,878,196,120,217,235,110,1063,192,138,271,302,160
E01003856,Richmond upon Thames 003E,E02000786,Richmond upon Thames 003,E09000027,Richmond upon Thames,1617,377,182,453,414,191,766,209,66,208,200,83,851,168,116,245,214,108
E01003857,Richmond upon Thames 003F,E02000786,Richmond upon Thames 003,E09000027,Richmond upon Thames,2009,562,194,584,458,211,920,280,89,250,213,88,1089,282,105,334,245,123
E01003858,Richmond upon Thames 003G,E02000786,Richmond upon Thames 003,E09000027,Richmond upon Thames,1638,428,134,433,441,202,780,198,60,211,223,88,858,230,74,222,218,114
E01003859,Richmond upon Thames 005E,E02000788,Richmond upon Thames 005,E09000027,Richmond upon Thames,1659,426,169,354,459,251,827,250,68,174,226,109,832,176,101,180,233,142
E01003860,Richmond upon Thames 002E,E02000785,Richmond upon Thames 002,E09000027,Richmond upon Thames,1857,301,268,576,512,200,960,175,110,314,274,87,897,126,158,262,238,113
E01003861,Richmond upon Thames 004C,E02000787,Richmond upon Thames 004,E09000027,Richmond upon Thames,2072,412,316,697,447,200,994,206,146,324,247,71,1078,206,170,373,200,129
E01003862,Richmond upon Thames 004D,E02000787,Richmond upon Thames 004,E09000027,Richmond upon Thames,1771,445,179,476,473,198,834,230,79,228,219,78,937,215,100,248,254,120
E01003863,Richmond upon Thames 004E,E02000787,Richmond upon Thames 004,E09000027,Richmond upon Thames,1439,323,132,307,363,314,652,155,54,130,171,142,787,168,78,177,192,172
E01003864,Richmond upon Thames 002F,E02000785,Richmond upon Thames 002,E09000027,Richmond upon Thames,1647,335,214,362,452,284,785,174,112,153,221,125,862,161,102,209,231,159
E01003865,Richmond upon Thames 004F,E02000787,Richmond upon Thames 004,E09000027,Richmond upon Thames,1495,346,170,372,389,218,711,180,71,173,181,106,784,166,99,199,208,112
E01003866,Richmond upon Thames 007A,E02000790,Richmond upon Thames 007,E09000027,Richmond upon Thames,1708,444,187,396,501,180,881,260,101,186,248,86,827,184,86,210,253,94
E01003867,Richmond upon Thames 011A,E02000794,Richmond upon Thames 011,E09000027,Richmond upon Thames,1547,338,243,370,390,206,790,183,116,189,207,95,757,155,127,181,183,111
E01003868,Richmond upon Thames 007B,E02000790,Richmond upon Thames 007,E09000027,Richmond upon Thames,1526,346,164,419,408,189,755,189,85,187,201,93,771,157,79,232,207,96
E01003869,Richmond upon Thames 011B,E02000794,Richmond upon Thames 011,E09000027,Richmond upon Thames,1682,356,221,469,420,216,802,169,108,208,215,102,880,187,113,261,205,114
E01003870,Richmond upon Thames 011C,E02000794,Richmond upon Thames 011,E09000027,Richmond upon Thames,2109,486,292,542,597,192,1033,255,128,256,309,85,1076,231,164,286,288,107
E01003871,Richmond upon Thames 007C,E02000790,Richmond upon Thames 007,E09000027,Richmond upon Thames,1840,469,188,461,506,216,910,245,99,216,244,106,930,224,89,245,262,110
E01003872,Richmond upon Thames 007D,E02000790,Richmond upon Thames 007,E09000027,Richmond upon Thames,1599,288,244,442,444,181,852,176,111,239,227,99,747,112,133,203,217,82
E01003873,Richmond upon Thames 006A,E02000789,Richmond upon Thames 006,E09000027,Richmond upon Thames,1744,293,207,505,448,291,867,146,109,250,245,117,877,147,98,255,203,174
E01003874,Richmond upon Thames 006B,E02000789,Richmond upon Thames 006,E09000027,Richmond upon Thames,1702,297,226,566,439,174,822,156,109,281,206,70,880,141,117,285,233,104
E01003875,Richmond upon Thames 006C,E02000789,Richmond upon Thames 006,E09000027,Richmond upon Thames,1713,393,171,373,476,300,841,186,91,192,239,133,872,207,80,181,237,167
E01003876,Richmond upon Thames 008B,E02000791,Richmond upon Thames 008,E09000027,Richmond upon Thames,1918,192,258,585,507,376,970,82,129,310,287,162,948,110,129,275,220,214
E01003877,Richmond upon Thames 008C,E02000791,Richmond upon Thames 008,E09000027,Richmond upon Thames,1824,408,166,446,526,278,861,212,77,191,266,115,963,196,89,255,260,163
E01003878,Richmond upon Thames 006D,E02000789,Richmond upon Thames 006,E09000027,Richmond upon Thames,1465,284,162,266,434,319,655,146,72,125,210,102,810,138,90,141,224,217
E01003879,Richmond upon Thames 008D,E02000791,Richmond upon Thames 008,E09000027,Richmond upon Thames,1842,328,489,398,422,205,946,173,253,190,229,101,896,155,236,208,193,104
E01003880,Richmond upon Thames 016A,E02000799,Richmond upon Thames 016,E09000027,Richmond upon Thames,1480,318,153,269,516,224,695,148,65,115,247,120,785,170,88,154,269,104
E01003881,Richmond upon Thames 016B,E02000799,Richmond upon Thames 016,E09000027,Richmond upon Thames,1419,217,404,256,326,216,693,115,181,127,162,108,726,102,223,129,164,108
E01003882,Richmond upon Thames 014A,E02000797,Richmond upon Thames 014,E09000027,Richmond upon Thames,1989,458,213,514,527,277,960,219,106,248,261,126,1029,239,107,266,266,151
E01003883,Richmond upon Thames 014B,E02000797,Richmond upon Thames 014,E09000027,Richmond upon Thames,2045,475,177,674,496,223,1014,229,91,338,265,91,1031,246,86,336,231,132
E01003884,Richmond upon Thames 016C,E02000799,Richmond upon Thames 016,E09000027,Richmond upon Thames,1803,335,237,431,471,329,918,145,133,258,230,152,885,190,104,173,241,177
E01003885,Richmond upon Thames 016D,E02000799,Richmond upon Thames 016,E09000027,Richmond upon Thames,1527,305,197,309,487,229,743,156,87,152,239,109,784,149,110,157,248,120
E01003886,Richmond upon Thames 021A,E02000804,Richmond upon Thames 021,E09000027,Richmond upon Thames,1710,367,232,383,499,229,798,180,105,177,238,98,912,187,127,206,261,131
E01003887,Richmond upon Thames 021B,E02000804,Richmond upon Thames 021,E09000027,Richmond upon Thames,1807,326,236,384,567,294,852,157,114,201,258,122,955,169,122,183,309,172
E01003888,Richmond upon Thames 021C,E02000804,Richmond upon Thames 021,E09000027,Richmond upon Thames,2098,398,365,483,498,354,993,211,171,228,244,139,1105,187,194,255,254,215
E01003889,Richmond upon Thames 021D,E02000804,Richmond upon Thames 021,E09000027,Richmond upon Thames,1720,281,182,373,516,368,859,150,88,184,254,183,861,131,94,189,262,185
E01003890,Richmond upon Thames 018C,E02000801,Richmond upon Thames 018,E09000027,Richmond upon Thames,1654,357,247,351,460,239,775,164,110,183,206,112,879,193,137,168,254,127
E01003891,Richmond upon Thames 018D,E02000801,Richmond upon Thames 018,E09000027,Richmond upon Thames,1801,255,207,339,558,442,849,126,94,155,281,193,952,129,113,184,277,249
E01003892,Richmond upon Thames 009A,E02000792,Richmond upon Thames 009,E09000027,Richmond upon Thames,2148,432,194,458,636,428,1045,226,101,221,315,182,1103,206,93,237,321,246
E01003893,Richmond upon Thames 009B,E02000792,Richmond upon Thames 009,E09000027,Richmond upon Thames,1666,290,196,388,477,315,829,155,105,190,256,123,837,135,91,198,221,192
E01003894,Richmond upon Thames 009C,E02000792,Richmond upon Thames 009,E09000027,Richmond upon Thames,1750,343,234,424,538,211,853,181,103,203,261,105,897,162,131,221,277,106
E01003895,Richmond upon Thames 009D,E02000792,Richmond upon Thames 009,E09000027,Richmond upon Thames,1786,391,213,389,503,290,886,214,100,194,266,112,900,177,113,195,237,178
E01003896,Richmond upon Thames 014C,E02000797,Richmond upon Thames 014,E09000027,Richmond upon Thames,2045,317,436,552,468,272,1013,157,217,279,245,115,1032,160,219,273,223,157
E01003897,Richmond upon Thames 014D,E02000797,Richmond upon Thames 014,E09000027,Richmond upon Thames,1918,406,317,560,428,207,943,215,127,275,221,105,975,191,190,285,207,102
E01003898,Richmond upon Thames 015A,E02000798,Richmond upon Thames 015,E09000027,Richmond upon Thames,1669,356,202,450,454,207,787,178,91,224,216,78,882,178,111,226,238,129
E01003899,Richmond upon Thames 015B,E02000798,Richmond upon Thames 015,E09000027,Richmond upon Thames,1481,330,183,336,436,196,693,137,85,162,217,92,788,193,98,174,219,104
E01003900,Richmond upon Thames 015C,E02000798,Richmond upon Thames 015,E09000027,Richmond upon Thames,1567,339,206,304,474,244,745,160,105,148,210,122,822,179,101,156,264,122
E01003901,Richmond upon Thames 015D,E02000798,Richmond upon Thames 015,E09000027,Richmond upon Thames,1767,444,244,353,515,211,837,223,108,171,247,88,930,221,136,182,268,123
E01003902,Richmond upon Thames 015E,E02000798,Richmond upon Thames 015,E09000027,Richmond upon Thames,1315,334,130,285,363,203,635,155,75,140,166,99,680,179,55,145,197,104
E01003903,Richmond upon Thames 015F,E02000798,Richmond upon Thames 015,E09000027,Richmond upon Thames,1659,393,238,332,461,235,762,165,129,151,217,100,897,228,109,181,244,135
E01003904,Richmond upon Thames 015G,E02000798,Richmond upon Thames 015,E09000027,Richmond upon Thames,1630,390,175,401,462,202,772,208,77,184,210,93,858,182,98,217,252,109
E01003905,Richmond upon Thames 010A,E02000793,Richmond upon Thames 010,E09000027,Richmond upon Thames,1368,258,217,330,363,200,696,130,116,178,173,99,672,128,101,152,190,101
E01003906,Richmond upon Thames 010B,E02000793,Richmond upon Thames 010,E09000027,Richmond upon Thames,1764,350,226,460,437,291,903,198,127,234,209,135,861,152,99,226,228,156
E01003907,Richmond upon Thames 010C,E02000793,Richmond upon Thames 010,E09000027,Richmond upon Thames,1760,387,294,419,407,253,916,223,171,202,205,115,844,164,123,217,202,138
E01003908,Richmond upon Thames 010D,E02000793,Richmond upon Thames 010,E09000027,Richmond upon Thames,1810,359,248,360,503,340,889,190,136,164,246,153,921,169,112,196,257,187
E01003909,Richmond upon Thames 010E,E02000793,Richmond upon Thames 010,E09000027,Richmond upon Thames,1637,336,228,358,405,310,788,153,122,157,204,152,849,183,106,201,201,158
E01003910,Richmond upon Thames 011D,E02000794,Richmond upon Thames 011,E09000027,Richmond upon Thames,1718,349,161,361,473,374,851,182,81,179,232,177,867,167,80,182,241,197
E01003911,Southwark 020A,E02000826,Southwark 020,E09000028,Southwark,1926,435,406,503,463,119,936,208,199,263,212,54,990,227,207,240,251,65
E01003912,Southwark 019A,E02000825,Southwark 019,E09000028,Southwark,1626,533,221,367,395,110,813,289,121,183,172,48,813,244,100,184,223,62
E01003913,Southwark 024A,E02000830,Southwark 024,E09000028,Southwark,1957,344,408,542,440,223,971,171,186,294,219,101,986,173,222,248,221,122
E01003914,Southwark 024B,E02000830,Southwark 024,E09000028,Southwark,2087,249,699,558,418,163,969,114,264,300,216,75,1118,135,435,258,202,88
E01003915,Southwark 024C,E02000830,Southwark 024,E09000028,Southwark,1855,340,363,509,474,169,938,193,169,284,220,72,917,147,194,225,254,97
E01003916,Southwark 020B,E02000826,Southwark 020,E09000028,Southwark,2197,362,553,626,488,168,1144,169,298,333,256,88,1053,193,255,293,232,80
E01003917,Southwark 020C,E02000826,Southwark 020,E09000028,Southwark,1849,311,352,572,418,196,918,158,159,314,205,82,931,153,193,258,213,114
E01003918,Southwark 020D,E02000826,Southwark 020,E09000028,Southwark,1392,291,262,345,314,180,690,142,144,186,132,86,702,149,118,159,182,94
E01003919,Southwark 021A,E02000827,Southwark 021,E09000028,Southwark,1848,282,448,533,423,162,937,142,221,286,205,83,911,140,227,247,218,79
E01003920,Southwark 021B,E02000827,Southwark 021,E09000028,Southwark,1925,485,280,494,505,161,972,241,144,238,267,82,953,244,136,256,238,79
E01003921,Southwark 021C,E02000827,Southwark 021,E09000028,Southwark,1743,320,387,468,449,119,896,196,195,235,216,54,847,124,192,233,233,65
E01003922,Southwark 021D,E02000827,Southwark 021,E09000028,Southwark,2226,486,419,593,549,179,1069,226,200,280,285,78,1157,260,219,313,264,101
E01003923,Southwark 017A,E02000823,Southwark 017,E09000028,Southwark,1791,234,432,514,473,138,923,112,233,278,243,57,868,122,199,236,230,81
E01003924,Southwark 021E,E02000827,Southwark 021,E09000028,Southwark,2029,514,308,555,498,154,1064,262,155,281,282,84,965,252,153,274,216,70
E01003925,Southwark 020E,E02000826,Southwark 020,E09000028,Southwark,1932,417,320,553,481,161,897,190,137,265,229,76,1035,227,183,288,252,85
E01003926,Southwark 021F,E02000827,Southwark 021,E09000028,Southwark,1354,223,275,344,354,158,663,112,138,185,170,58,691,111,137,159,184,100
E01003927,Southwark 002A,E02000808,Southwark 002,E09000028,Southwark,3566,260,1792,888,485,141,1746,142,707,531,306,60,1820,118,1085,357,179,81
E01003929,Southwark 002B,E02000808,Southwark 002,E09000028,Southwark,2463,263,587,888,567,158,1365,144,296,531,323,71,1098,119,291,357,244,87
E01003930,Southwark 034A,E02006802,Southwark 034,E09000028,Southwark,1874,368,540,416,434,116,956,200,238,206,252,60,918,168,302,210,182,56
E01003932,Southwark 034B,E02006802,Southwark 034,E09000028,Southwark,1592,254,388,446,391,113,800,115,188,223,212,62,792,139,200,223,179,51
E01003933,Southwark 034C,E02006802,Southwark 034,E09000028,Southwark,1881,205,679,456,394,147,936,115,307,242,201,71,945,90,372,214,193,76
E01003934,Southwark 002C,E02000808,Southwark 002,E09000028,Southwark,2163,171,707,565,472,248,1125,99,325,327,254,120,1038,72,382,238,218,128
E01003935,Southwark 002D,E02000808,Southwark 002,E09000028,Southwark,1294,153,544,264,244,89,683,72,283,157,137,34,611,81,261,107,107,55
E01003936,Southwark 009A,E02000815,Southwark 009,E09000028,Southwark,3291,196,2325,514,171,85,1417,87,911,287,90,42,1874,109,1414,227,81,43
E01003937,Southwark 009B,E02000815,Southwark 009,E09000028,Southwark,1435,137,436,564,227,71,775,78,207,334,121,35,660,59,229,230,106,36
E01003938,Southwark 006A,E02000812,Southwark 006,E09000028,Southwark,1588,317,405,411,348,107,799,171,185,192,193,58,789,146,220,219,155,49
E01003939,Southwark 002E,E02000808,Southwark 002,E09000028,Southwark,1968,234,742,626,277,89,960,116,318,328,154,44,1008,118,424,298,123,45
E01003940,Southwark 006B,E02000812,Southwark 006,E09000028,Southwark,1376,275,343,275,359,124,609,137,129,113,166,64,767,138,214,162,193,60
E01003941,Southwark 006C,E02000812,Southwark 006,E09000028,Southwark,2085,289,481,781,409,125,1049,130,225,423,217,54,1036,159,256,358,192,71
E01003942,Southwark 006D,E02000812,Southwark 006,E09000028,Southwark,1509,364,403,302,299,141,682,186,157,119,152,68,827,178,246,183,147,73
E01003943,Southwark 009C,E02000815,Southwark 009,E09000028,Southwark,1118,284,177,297,254,106,573,138,86,147,141,61,545,146,91,150,113,45
E01003945,Southwark 033A,E02000839,Southwark 033,E09000028,Southwark,1787,394,209,486,471,227,852,184,103,243,228,94,935,210,106,243,243,133
E01003946,Southwark 033B,E02000839,Southwark 033,E09000028,Southwark,1837,463,188,418,451,317,894,228,94,206,225,141,943,235,94,212,226,176
E01003947,Southwark 033C,E02000839,Southwark 033,E09000028,Southwark,1555,457,228,358,398,114,698,229,99,145,179,46,857,228,129,213,219,68
E01003948,Southwark 033D,E02000839,Southwark 033,E09000028,Southwark,1756,363,195,546,479,173,885,186,84,268,267,80,871,177,111,278,212,93
E01003949,Southwark 032A,E02000838,Southwark 032,E09000028,Southwark,2099,444,304,656,489,206,1023,207,140,327,259,90,1076,237,164,329,230,116
E01003950,Southwark 032B,E02000838,Southwark 032,E09000028,Southwark,1956,468,290,460,502,236,943,239,136,217,250,101,1013,229,154,243,252,135
E01003951,Southwark 033E,E02000839,Southwark 033,E09000028,Southwark,1566,311,298,302,417,238,834,196,192,151,198,97,732,115,106,151,219,141
E01003952,Southwark 030A,E02000836,Southwark 030,E09000028,Southwark,1793,388,293,533,416,163,872,189,129,282,210,62,921,199,164,251,206,101
E01003953,Southwark 028A,E02000834,Southwark 028,E09000028,Southwark,2132,348,397,727,425,235,960,178,155,322,210,95,1172,170,242,405,215,140
E01003954,Southwark 030B,E02000836,Southwark 030,E09000028,Southwark,1648,373,212,543,367,153,794,176,95,287,174,62,854,197,117,256,193,91
E01003955,Southwark 028B,E02000834,Southwark 028,E09000028,Southwark,2087,410,341,676,456,204,1064,233,174,350,220,87,1023,177,167,326,236,117
E01003956,Southwark 030C,E02000836,Southwark 030,E09000028,Southwark,1811,439,207,649,398,118,900,236,87,334,186,57,911,203,120,315,212,61
E01003957,Southwark 032C,E02000838,Southwark 032,E09000028,Southwark,1842,459,243,536,425,179,890,240,114,269,192,75,952,219,129,267,233,104
E01003958,Southwark 032D,E02000838,Southwark 032,E09000028,Southwark,1925,448,263,581,475,158,959,255,129,290,219,66,966,193,134,291,256,92
E01003960,Southwark 012A,E02000818,Southwark 012,E09000028,Southwark,2019,302,734,472,365,146,985,135,360,256,179,55,1034,167,374,216,186,91
E01003961,Southwark 012B,E02000818,Southwark 012,E09000028,Southwark,2100,387,422,470,521,300,1048,193,200,251,269,135,1052,194,222,219,252,165
E01003963,Southwark 016A,E02000822,Southwark 016,E09000028,Southwark,1651,414,317,368,439,113,810,188,169,185,225,43,841,226,148,183,214,70
E01003964,Southwark 015A,E02000821,Southwark 015,E09000028,Southwark,2317,483,485,558,607,184,1119,235,219,284,301,80,1198,248,266,274,306,104
E01003966,Southwark 015B,E02000821,Southwark 015,E09000028,Southwark,1865,358,474,439,381,213,920,176,252,217,191,84,945,182,222,222,190,129
E01003967,Southwark 016B,E02000822,Southwark 016,E09000028,Southwark,921,200,152,306,196,67,496,99,85,175,104,33,425,101,67,131,92,34
E01003968,Southwark 015C,E02000821,Southwark 015,E09000028,Southwark,1175,356,197,236,269,117,556,169,93,110,134,50,619,187,104,126,135,67
E01003969,Southwark 017B,E02000823,Southwark 017,E09000028,Southwark,2677,454,594,828,586,215,1317,198,268,439,311,101,1360,256,326,389,275,114
E01003970,Southwark 016C,E02000822,Southwark 016,E09000028,Southwark,1219,304,231,246,326,112,596,152,117,134,154,39,623,152,114,112,172,73
E01003971,Southwark 015D,E02000821,Southwark 015,E09000028,Southwark,1199,454,233,248,191,73,599,244,105,118,96,36,600,210,128,130,95,37
E01003972,Southwark 016D,E02000822,Southwark 016,E09000028,Southwark,1708,399,346,456,387,120,865,201,148,256,213,47,843,198,198,200,174,73
E01003973,Southwark 016E,E02000822,Southwark 016,E09000028,Southwark,1720,355,338,497,411,119,828,168,168,251,191,50,892,187,170,246,220,69
E01003974,Southwark 015E,E02000821,Southwark 015,E09000028,Southwark,1382,402,214,298,352,116,690,217,103,122,182,66,692,185,111,176,170,50
E01003975,Southwark 004A,E02000810,Southwark 004,E09000028,Southwark,1943,434,455,533,401,120,919,218,216,258,171,56,1024,216,239,275,230,64
E01003976,Southwark 003A,E02000809,Southwark 003,E09000028,Southwark,2438,510,627,831,380,90,1219,282,327,386,188,36,1219,228,300,445,192,54
E01003977,Southwark 010A,E02000816,Southwark 010,E09000028,Southwark,2239,427,514,621,441,236,1121,210,246,337,218,110,1118,217,268,284,223,126
E01003978,Southwark 004B,E02000810,Southwark 004,E09000028,Southwark,2944,447,778,1051,519,149,1494,208,425,531,278,52,1450,239,353,520,241,97
E01003979,Southwark 006E,E02000812,Southwark 006,E09000028,Southwark,1925,267,412,548,441,257,932,128,163,258,254,129,993,139,249,290,187,128
E01003980,Southwark 013A,E02000819,Southwark 013,E09000028,Southwark,1974,265,668,422,443,176,978,131,318,214,233,82,996,134,350,208,210,94
E01003981,Southwark 006F,E02000812,Southwark 006,E09000028,Southwark,2333,224,1131,456,368,154,1092,103,485,248,182,74,1241,121,646,208,186,80
E01003983,Southwark 018A,E02000824,Southwark 018,E09000028,Southwark,1888,511,333,378,482,184,872,218,143,182,250,79,1016,293,190,196,232,105
E01003984,Southwark 023A,E02000829,Southwark 023,E09000028,Southwark,2090,302,473,606,462,247,1055,166,217,315,236,121,1035,136,256,291,226,126
E01003986,Southwark 011A,E02000817,Southwark 011,E09000028,Southwark,1697,373,329,413,375,207,806,193,160,192,205,56,891,180,169,221,170,151
E01003987,Southwark 011B,E02000817,Southwark 011,E09000028,Southwark,1876,413,330,450,471,212,950,224,173,236,226,91,926,189,157,214,245,121
E01003988,Southwark 018B,E02000824,Southwark 018,E09000028,Southwark,2394,460,565,526,589,254,1269,228,332,273,307,129,1125,232,233,253,282,125
E01003989,Southwark 018C,E02000824,Southwark 018,E09000028,Southwark,2073,501,496,470,492,114,990,233,242,208,251,56,1083,268,254,262,241,58
E01003990,Southwark 018D,E02000824,Southwark 018,E09000028,Southwark,2122,519,410,512,506,175,1011,257,203,269,222,60,1111,262,207,243,284,115
E01003991,Southwark 017C,E02000823,Southwark 017,E09000028,Southwark,1292,165,242,290,349,246,631,85,123,159,163,101,661,80,119,131,186,145
E01003992,Southwark 014A,E02000820,Southwark 014,E09000028,Southwark,1691,446,359,369,347,170,741,220,153,184,121,63,950,226,206,185,226,107
E01003993,Southwark 017D,E02000823,Southwark 017,E09000028,Southwark,1934,521,344,435,482,152,910,260,161,210,222,57,1024,261,183,225,260,95
E01003994,Southwark 012E,E02000818,Southwark 012,E09000028,Southwark,1487,189,398,372,394,134,760,112,201,217,174,56,727,77,197,155,220,78
E01003995,Southwark 014B,E02000820,Southwark 014,E09000028,Southwark,1452,231,240,398,415,168,751,127,124,209,213,78,701,104,116,189,202,90
E01003997,Southwark 017E,E02000823,Southwark 017,E09000028,Southwark,1253,210,329,315,284,115,603,105,173,161,117,47,650,105,156,154,167,68
E01003998,Southwark 014D,E02000820,Southwark 014,E09000028,Southwark,1446,171,326,456,349,144,775,104,166,253,197,55,671,67,160,203,152,89
E01003999,Southwark 014E,E02000820,Southwark 014,E09000028,Southwark,1507,300,339,445,311,112,779,156,184,234,155,50,728,144,155,211,156,62
E01004000,Southwark 026A,E02000832,Southwark 026,E09000028,Southwark,2212,436,406,675,494,201,1083,204,171,355,268,85,1129,232,235,320,226,116
E01004001,Southwark 026B,E02000832,Southwark 026,E09000028,Southwark,1843,395,329,460,441,218,883,207,178,206,194,98,960,188,151,254,247,120
E01004002,Southwark 029A,E02000835,Southwark 029,E09000028,Southwark,1875,403,268,546,480,178,952,218,123,287,228,96,923,185,145,259,252,82
E01004003,Southwark 023B,E02000829,Southwark 023,E09000028,Southwark,2021,441,366,506,529,179,1016,219,193,263,277,64,1005,222,173,243,252,115
E01004004,Southwark 023C,E02000829,Southwark 023,E09000028,Southwark,2777,437,664,889,617,170,1501,245,341,513,338,64,1276,192,323,376,279,106
E01004005,Southwark 023D,E02000829,Southwark 023,E09000028,Southwark,2479,536,437,731,531,244,1289,245,239,395,302,108,1190,291,198,336,229,136
E01004006,Southwark 023E,E02000829,Southwark 023,E09000028,Southwark,2214,287,557,701,491,178,1193,137,284,412,297,63,1021,150,273,289,194,115
E01004007,Southwark 018E,E02000824,Southwark 018,E09000028,Southwark,1320,336,230,272,309,173,622,185,121,118,130,68,698,151,109,154,179,105
E01004008,Southwark 022B,E02000828,Southwark 022,E09000028,Southwark,2051,443,398,464,570,176,1014,232,201,242,258,81,1037,211,197,222,312,95
E01004010,Southwark 022D,E02000828,Southwark 022,E09000028,Southwark,1665,357,329,459,375,145,835,213,160,234,178,50,830,144,169,225,197,95
E01004011,Southwark 019B,E02000825,Southwark 019,E09000028,Southwark,2292,557,495,552,503,185,1098,260,261,282,226,69,1194,297,234,270,277,116
E01004012,Southwark 019C,E02000825,Southwark 019,E09000028,Southwark,2411,466,531,680,608,126,1221,244,263,359,296,59,1190,222,268,321,312,67
E01004013,Southwark 019D,E02000825,Southwark 019,E09000028,Southwark,1399,305,273,314,377,130,690,159,145,159,160,67,709,146,128,155,217,63
E01004014,Southwark 019E,E02000825,Southwark 019,E09000028,Southwark,1791,467,309,423,427,165,912,246,160,219,215,72,879,221,149,204,212,93
E01004015,Southwark 028C,E02000834,Southwark 028,E09000028,Southwark,1676,364,226,548,373,165,786,177,89,264,189,67,890,187,137,284,184,98
E01004016,Southwark 029B,E02000835,Southwark 029,E09000028,Southwark,2599,650,349,784,602,214,1269,344,164,382,275,104,1330,306,185,402,327,110
E01004017,Southwark 029C,E02000835,Southwark 029,E09000028,Southwark,1632,365,212,449,438,168,733,161,103,192,207,70,899,204,109,257,231,98
E01004018,Southwark 032E,E02000838,Southwark 032,E09000028,Southwark,1994,458,223,644,454,215,931,216,105,321,203,86,1063,242,118,323,251,129
E01004019,Southwark 026C,E02000832,Southwark 026,E09000028,Southwark,2430,522,433,713,609,153,1195,268,214,378,275,60,1235,254,219,335,334,93
E01004020,Southwark 029D,E02000835,Southwark 029,E09000028,Southwark,1697,426,263,462,404,142,808,231,119,212,183,63,889,195,144,250,221,79
E01004021,Southwark 028D,E02000834,Southwark 028,E09000028,Southwark,2263,346,465,841,439,172,1130,197,213,421,225,74,1133,149,252,420,214,98
E01004022,Southwark 004C,E02000810,Southwark 004,E09000028,Southwark,3854,749,727,1449,628,301,2028,383,367,826,318,134,1826,366,360,623,310,167
E01004023,Southwark 004D,E02000810,Southwark 004,E09000028,Southwark,1955,411,361,524,457,202,983,203,164,292,227,97,972,208,197,232,230,105
E01004024,Southwark 011C,E02000817,Southwark 011,E09000028,Southwark,2203,405,525,606,431,236,1146,207,281,318,228,112,1057,198,244,288,203,124
E01004027,Southwark 003E,E02000809,Southwark 003,E09000028,Southwark,2750,419,757,917,551,106,1488,226,330,557,322,53,1262,193,427,360,229,53
E01004028,Southwark 004E,E02000810,Southwark 004,E09000028,Southwark,2815,530,619,948,557,161,1421,280,321,481,275,64,1394,250,298,467,282,97
E01004029,Southwark 001A,E02000807,Southwark 001,E09000028,Southwark,2419,310,628,975,405,101,1213,179,276,501,203,54,1206,131,352,474,202,47
E01004030,Southwark 007A,E02000813,Southwark 007,E09000028,Southwark,1527,165,309,460,418,175,785,69,145,252,234,85,742,96,164,208,184,90
E01004031,Southwark 007B,E02000813,Southwark 007,E09000028,Southwark,2446,376,781,745,402,142,1195,181,385,372,204,53,1251,195,396,373,198,89
E01004032,Southwark 001B,E02000807,Southwark 001,E09000028,Southwark,2032,234,569,769,336,124,1073,128,264,428,182,71,959,106,305,341,154,53
E01004033,Southwark 007C,E02000813,Southwark 007,E09000028,Southwark,2787,496,614,940,523,214,1379,263,299,450,264,103,1408,233,315,490,259,111
E01004034,Southwark 007D,E02000813,Southwark 007,E09000028,Southwark,1770,427,369,492,358,124,881,234,166,237,179,65,889,193,203,255,179,59
E01004035,Southwark 011D,E02000817,Southwark 011,E09000028,Southwark,1511,309,305,372,331,194,743,146,144,199,152,102,768,163,161,173,179,92
E01004036,Southwark 007E,E02000813,Southwark 007,E09000028,Southwark,2335,572,533,657,418,155,1104,307,239,302,191,65,1231,265,294,355,227,90
E01004037,Southwark 010B,E02000816,Southwark 010,E09000028,Southwark,2127,444,463,706,410,104,1114,226,231,389,214,54,1013,218,232,317,196,50
E01004038,Southwark 010C,E02000816,Southwark 010,E09000028,Southwark,2912,652,619,1007,516,118,1407,332,261,528,238,48,1505,320,358,479,278,70
E01004039,Southwark 013B,E02000819,Southwark 013,E09000028,Southwark,1712,273,515,450,402,72,930,161,267,240,225,37,782,112,248,210,177,35
E01004040,Southwark 013C,E02000819,Southwark 013,E09000028,Southwark,1946,471,371,399,545,160,920,252,203,185,194,86,1026,219,168,214,351,74
E01004041,Southwark 013D,E02000819,Southwark 013,E09000028,Southwark,1727,345,340,428,464,150,924,197,186,220,235,86,803,148,154,208,229,64
E01004042,Southwark 010D,E02000816,Southwark 010,E09000028,Southwark,1811,293,397,489,414,218,916,139,206,271,210,90,895,154,191,218,204,128
E01004043,Southwark 010E,E02000816,Southwark 010,E09000028,Southwark,1504,224,307,384,391,198,737,89,156,218,214,60,767,135,151,166,177,138
E01004044,Southwark 013E,E02000819,Southwark 013,E09000028,Southwark,1469,326,307,330,344,162,741,202,156,151,161,71,728,124,151,179,183,91
E01004045,Southwark 027A,E02000833,Southwark 027,E09000028,Southwark,1547,450,257,366,375,99,687,240,116,135,166,30,860,210,141,231,209,69
E01004046,Southwark 028E,E02000834,Southwark 028,E09000028,Southwark,1710,389,223,575,353,170,802,167,111,288,165,71,908,222,112,287,188,99
E01004047,Southwark 027B,E02000833,Southwark 027,E09000028,Southwark,1554,316,307,373,392,166,764,175,152,191,179,67,790,141,155,182,213,99
E01004048,Southwark 027C,E02000833,Southwark 027,E09000028,Southwark,1670,379,282,525,358,126,727,187,121,233,143,43,943,192,161,292,215,83
E01004049,Southwark 027D,E02000833,Southwark 027,E09000028,Southwark,2325,406,1056,447,299,117,1063,199,479,197,124,64,1262,207,577,250,175,53
E01004050,Southwark 024D,E02000830,Southwark 024,E09000028,Southwark,1514,206,295,509,373,131,795,114,148,290,183,60,719,92,147,219,190,71
E01004051,Southwark 027E,E02000833,Southwark 027,E09000028,Southwark,1602,286,275,523,365,153,819,157,132,285,182,63,783,129,143,238,183,90
E01004052,Southwark 024E,E02000830,Southwark 024,E09000028,Southwark,1858,322,359,588,421,168,893,171,164,305,173,80,965,151,195,283,248,88
E01004053,Southwark 001C,E02000807,Southwark 001,E09000028,Southwark,2026,248,429,818,400,131,1051,135,235,409,213,59,975,113,194,409,187,72
E01004054,Southwark 001D,E02000807,Southwark 001,E09000028,Southwark,1679,207,351,678,327,116,893,110,204,353,168,58,786,97,147,325,159,58
E01004055,Southwark 001E,E02000807,Southwark 001,E09000028,Southwark,1353,258,176,334,341,244,641,119,92,169,150,111,712,139,84,165,191,133
E01004056,Southwark 008A,E02000814,Southwark 008,E09000028,Southwark,2179,397,454,678,456,194,1087,219,240,329,207,92,1092,178,214,349,249,102
E01004057,Southwark 008B,E02000814,Southwark 008,E09000028,Southwark,2155,451,392,727,443,142,1033,202,201,343,207,80,1122,249,191,384,236,62
E01004058,Southwark 008C,E02000814,Southwark 008,E09000028,Southwark,1875,163,456,767,351,138,988,73,224,421,206,64,887,90,232,346,145,74
E01004059,Southwark 008D,E02000814,Southwark 008,E09000028,Southwark,1833,186,631,727,223,66,986,111,309,408,120,38,847,75,322,319,103,28
E01004060,Southwark 008E,E02000814,Southwark 008,E09000028,Southwark,2314,377,678,639,410,210,1157,185,380,314,194,84,1157,192,298,325,216,126
E01004061,Southwark 025A,E02000831,Southwark 025,E09000028,Southwark,1833,312,372,579,409,161,901,159,184,309,194,55,932,153,188,270,215,106
E01004062,Southwark 025B,E02000831,Southwark 025,E09000028,Southwark,2378,446,393,898,453,188,1203,228,163,474,258,80,1175,218,230,424,195,108
E01004063,Southwark 025C,E02000831,Southwark 025,E09000028,Southwark,2033,272,432,668,431,230,1060,143,204,392,222,99,973,129,228,276,209,131
E01004064,Southwark 026D,E02000832,Southwark 026,E09000028,Southwark,2118,459,402,588,466,203,1092,249,193,316,237,97,1026,210,209,272,229,106
E01004065,Southwark 025D,E02000831,Southwark 025,E09000028,Southwark,1557,317,253,539,324,124,755,168,117,272,154,44,802,149,136,267,170,80
E01004066,Southwark 025E,E02000831,Southwark 025,E09000028,Southwark,2162,489,405,549,530,189,1062,249,190,273,261,89,1100,240,215,276,269,100
E01004067,Southwark 022E,E02000828,Southwark 022,E09000028,Southwark,2266,444,450,645,566,161,1165,234,221,350,290,70,1101,210,229,295,276,91
E01004068,Southwark 026E,E02000832,Southwark 026,E09000028,Southwark,2152,402,387,470,517,376,975,179,197,231,217,151,1177,223,190,239,300,225
E01004069,Southwark 031A,E02000837,Southwark 031,E09000028,Southwark,1527,412,189,241,428,257,802,218,124,122,223,115,725,194,65,119,205,142
E01004070,Southwark 031B,E02000837,Southwark 031,E09000028,Southwark,2068,483,312,483,555,235,1038,271,155,236,265,111,1030,212,157,247,290,124
E01004071,Southwark 030D,E02000836,Southwark 030,E09000028,Southwark,1498,284,237,429,361,187,711,128,133,210,164,76,787,156,104,219,197,111
E01004072,Southwark 030E,E02000836,Southwark 030,E09000028,Southwark,1809,428,267,392,530,192,909,241,124,198,259,87,900,187,143,194,271,105
E01004073,Southwark 031C,E02000837,Southwark 031,E09000028,Southwark,2103,543,261,549,528,222,1063,263,135,311,252,102,1040,280,126,238,276,120
E01004074,Southwark 031D,E02000837,Southwark 031,E09000028,Southwark,1932,446,316,369,494,307,959,223,166,197,240,133,973,223,150,172,254,174
E01004075,Southwark 031E,E02000837,Southwark 031,E09000028,Southwark,1788,452,199,331,563,243,868,220,88,177,268,115,920,232,111,154,295,128
E01004076,Sutton 011A,E02000850,Sutton 011,E09000029,Sutton,1706,405,247,374,451,229,871,225,127,187,223,109,835,180,120,187,228,120
E01004077,Sutton 011B,E02000850,Sutton 011,E09000029,Sutton,1629,329,229,326,443,302,810,164,131,161,209,145,819,165,98,165,234,157
E01004078,Sutton 011C,E02000850,Sutton 011,E09000029,Sutton,1750,416,242,469,445,178,865,188,138,240,224,75,885,228,104,229,221,103
E01004079,Sutton 011D,E02000850,Sutton 011,E09000029,Sutton,1394,241,198,258,459,238,738,137,123,135,221,122,656,104,75,123,238,116
E01004080,Sutton 011E,E02000850,Sutton 011,E09000029,Sutton,1334,245,174,232,402,281,649,133,96,105,187,128,685,112,78,127,215,153
E01004081,Sutton 011F,E02000850,Sutton 011,E09000029,Sutton,1631,404,203,416,446,162,774,200,100,205,203,66,857,204,103,211,243,96
E01004082,Sutton 011G,E02000850,Sutton 011,E09000029,Sutton,1426,251,235,251,444,245,734,145,118,124,222,125,692,106,117,127,222,120
E01004083,Sutton 019A,E02000858,Sutton 019,E09000029,Sutton,1353,301,253,275,355,169,631,156,124,125,147,79,722,145,129,150,208,90
E01004084,Sutton 024A,E02000863,Sutton 024,E09000029,Sutton,1472,244,229,169,465,365,733,122,131,75,226,179,739,122,98,94,239,186
E01004085,Sutton 024B,E02000863,Sutton 024,E09000029,Sutton,1618,265,247,252,476,378,798,124,138,121,234,181,820,141,109,131,242,197
E01004086,Sutton 019B,E02000858,Sutton 019,E09000029,Sutton,1958,462,326,476,428,266,954,250,170,198,217,119,1004,212,156,278,211,147
E01004087,Sutton 017A,E02000856,Sutton 017,E09000029,Sutton,1492,256,206,216,459,355,733,135,100,94,225,179,759,121,106,122,234,176
E01004088,Sutton 019C,E02000858,Sutton 019,E09000029,Sutton,1923,484,416,348,510,165,878,237,193,143,242,63,1045,247,223,205,268,102
E01004089,Sutton 019D,E02000858,Sutton 019,E09000029,Sutton,1445,374,229,344,338,160,713,195,119,153,170,76,732,179,110,191,168,84
E01004090,Sutton 021A,E02000860,Sutton 021,E09000029,Sutton,1363,357,197,293,336,180,671,186,78,152,171,84,692,171,119,141,165,96
E01004091,Sutton 022A,E02000861,Sutton 022,E09000029,Sutton,1277,186,190,143,446,312,629,93,97,67,219,153,648,93,93,76,227,159
E01004092,Sutton 022B,E02000861,Sutton 022,E09000029,Sutton,1496,242,216,278,414,346,741,122,109,123,220,167,755,120,107,155,194,179
E01004093,Sutton 025A,E02006836,Sutton 025,E09000029,Sutton,1652,398,194,350,397,313,800,209,97,166,186,142,852,189,97,184,211,171
E01004094,Sutton 025B,E02006836,Sutton 025,E09000029,Sutton,1807,391,240,453,469,254,879,201,113,223,259,83,928,190,127,230,210,171
E01004095,Sutton 025C,E02006836,Sutton 025,E09000029,Sutton,1524,271,182,333,417,321,776,154,97,166,206,153,748,117,85,167,211,168
E01004096,Sutton 021B,E02000860,Sutton 021,E09000029,Sutton,1526,306,265,440,368,147,785,163,129,241,188,64,741,143,136,199,180,83
E01004097,Sutton 015A,E02000854,Sutton 015,E09000029,Sutton,1763,381,268,351,504,259,867,191,135,183,239,119,896,190,133,168,265,140
E01004098,Sutton 015B,E02000854,Sutton 015,E09000029,Sutton,1283,245,175,260,386,217,640,138,95,117,193,97,643,107,80,143,193,120
E01004099,Sutton 015C,E02000854,Sutton 015,E09000029,Sutton,1566,296,193,482,359,236,759,151,88,224,182,114,807,145,105,258,177,122
E01004100,Sutton 015D,E02000854,Sutton 015,E09000029,Sutton,1494,320,169,375,381,249,760,177,95,187,196,105,734,143,74,188,185,144
E01004101,Sutton 013A,E02000852,Sutton 013,E09000029,Sutton,1444,281,205,294,381,283,684,125,108,136,191,124,760,156,97,158,190,159
E01004102,Sutton 015E,E02000854,Sutton 015,E09000029,Sutton,1532,303,172,370,452,235,735,134,87,187,220,107,797,169,85,183,232,128
E01004103,Sutton 013B,E02000852,Sutton 013,E09000029,Sutton,1765,377,266,475,458,189,812,172,117,224,221,78,953,205,149,251,237,111
E01004104,Sutton 020A,E02000859,Sutton 020,E09000029,Sutton,1581,355,180,269,442,335,787,161,99,135,227,165,794,194,81,134,215,170
E01004105,Sutton 022C,E02000861,Sutton 022,E09000029,Sutton,1975,471,257,374,528,345,981,258,127,175,258,163,994,213,130,199,270,182
E01004106,Sutton 022D,E02000861,Sutton 022,E09000029,Sutton,1645,304,193,251,518,379,770,150,105,95,247,173,875,154,88,156,271,206
E01004107,Sutton 020B,E02000859,Sutton 020,E09000029,Sutton,1623,390,219,373,428,213,776,211,106,166,209,84,847,179,113,207,219,129
E01004108,Sutton 024C,E02000863,Sutton 024,E09000029,Sutton,2081,473,253,453,576,326,1043,255,142,210,281,155,1038,218,111,243,295,171
E01004109,Sutton 024D,E02000863,Sutton 024,E09000029,Sutton,1681,367,231,363,464,256,815,210,119,161,212,113,866,157,112,202,252,143
E01004110,Sutton 016A,E02000855,Sutton 016,E09000029,Sutton,2035,383,293,469,544,346,988,192,141,221,284,150,1047,191,152,248,260,196
E01004111,Sutton 016B,E02000855,Sutton 016,E09000029,Sutton,1613,320,213,304,459,317,747,139,108,136,223,141,866,181,105,168,236,176
E01004112,Sutton 016C,E02000855,Sutton 016,E09000029,Sutton,1667,338,188,271,451,419,816,170,90,133,228,195,851,168,98,138,223,224
E01004114,Sutton 025D,E02006836,Sutton 025,E09000029,Sutton,1758,288,211,213,524,522,884,160,115,103,264,242,874,128,96,110,260,280
E01004115,Sutton 009A,E02000848,Sutton 009,E09000029,Sutton,1805,395,266,351,512,281,907,222,149,160,255,121,898,173,117,191,257,160
E01004116,Sutton 008A,E02000847,Sutton 008,E09000029,Sutton,1651,256,206,260,439,490,781,118,103,130,227,203,870,138,103,130,212,287
E01004117,Sutton 006A,E02000845,Sutton 006,E09000029,Sutton,1377,292,191,248,443,203,687,158,96,119,216,98,690,134,95,129,227,105
E01004118,Sutton 009B,E02000848,Sutton 009,E09000029,Sutton,1899,365,350,389,491,304,936,190,174,196,240,136,963,175,176,193,251,168
E01004119,Sutton 009C,E02000848,Sutton 009,E09000029,Sutton,1408,304,199,275,418,212,694,140,125,131,189,109,714,164,74,144,229,103
E01004120,Sutton 016D,E02000855,Sutton 016,E09000029,Sutton,1544,284,205,239,498,318,742,126,116,130,239,131,802,158,89,109,259,187
E01004121,Sutton 006B,E02000845,Sutton 006,E09000029,Sutton,1649,355,234,384,403,273,850,195,113,203,212,127,799,160,121,181,191,146
E01004122,Sutton 008B,E02000847,Sutton 008,E09000029,Sutton,1367,243,161,222,409,332,656,115,87,112,198,144,711,128,74,110,211,188
E01004123,Sutton 002A,E02000841,Sutton 002,E09000029,Sutton,2307,561,430,592,546,178,1156,288,207,302,275,84,1151,273,223,290,271,94
E01004124,Sutton 002B,E02000841,Sutton 002,E09000029,Sutton,1998,495,283,516,470,234,966,248,156,244,201,117,1032,247,127,272,269,117
E01004125,Sutton 001A,E02000840,Sutton 001,E09000029,Sutton,1636,405,273,338,408,212,779,212,144,148,184,91,857,193,129,190,224,121
E01004126,Sutton 002C,E02000841,Sutton 002,E09000029,Sutton,1459,354,233,308,406,158,656,184,105,132,164,71,803,170,128,176,242,87
E01004127,Sutton 005A,E02000844,Sutton 005,E09000029,Sutton,1841,479,294,426,477,165,862,239,153,174,231,65,979,240,141,252,246,100
E01004128,Sutton 002D,E02000841,Sutton 002,E09000029,Sutton,1512,296,276,326,454,160,723,152,146,149,208,68,789,144,130,177,246,92
E01004129,Sutton 002E,E02000841,Sutton 002,E09000029,Sutton,1974,440,326,435,505,268,923,235,151,201,236,100,1051,205,175,234,269,168
E01004130,Sutton 003A,E02000842,Sutton 003,E09000029,Sutton,1607,289,235,333,445,305,809,158,126,171,217,137,798,131,109,162,228,168
E01004131,Sutton 003B,E02000842,Sutton 003,E09000029,Sutton,1834,412,308,398,477,239,861,173,167,187,228,106,973,239,141,211,249,133
E01004132,Sutton 009D,E02000848,Sutton 009,E09000029,Sutton,1510,332,234,290,448,206,747,182,126,134,225,80,763,150,108,156,223,126
E01004133,Sutton 009E,E02000848,Sutton 009,E09000029,Sutton,1446,330,206,283,429,198,719,174,98,138,224,85,727,156,108,145,205,113
E01004134,Sutton 003C,E02000842,Sutton 003,E09000029,Sutton,1538,311,227,355,410,235,781,176,109,166,215,115,757,135,118,189,195,120
E01004135,Sutton 003D,E02000842,Sutton 003,E09000029,Sutton,1463,244,228,290,432,269,712,128,105,138,219,122,751,116,123,152,213,147
E01004136,Sutton 003E,E02000842,Sutton 003,E09000029,Sutton,1520,261,227,302,454,276,769,150,124,150,215,130,751,111,103,152,239,146
E01004137,Sutton 012A,E02000851,Sutton 012,E09000029,Sutton,1877,393,274,626,409,175,937,173,141,328,223,72,940,220,133,298,186,103
E01004138,Sutton 013C,E02000852,Sutton 013,E09000029,Sutton,1780,423,247,535,399,176,845,213,134,249,172,77,935,210,113,286,227,99
E01004139,Sutton 013D,E02000852,Sutton 013,E09000029,Sutton,1462,313,183,401,388,177,717,163,96,195,189,74,745,150,87,206,199,103
E01004140,Sutton 012B,E02000851,Sutton 012,E09000029,Sutton,1699,372,255,470,410,192,870,200,138,240,209,83,829,172,117,230,201,109
E01004141,Sutton 012C,E02000851,Sutton 012,E09000029,Sutton,1723,366,282,452,388,235,816,196,125,209,199,87,907,170,157,243,189,148
E01004142,Sutton 012D,E02000851,Sutton 012,E09000029,Sutton,3133,699,592,1007,563,272,1557,387,276,487,288,119,1576,312,316,520,275,153
E01004143,Sutton 014A,E02000853,Sutton 014,E09000029,Sutton,1478,303,186,366,449,174,697,153,93,154,231,66,781,150,93,212,218,108
E01004144,Sutton 007A,E02000846,Sutton 007,E09000029,Sutton,1784,320,259,359,512,334,918,190,152,179,245,152,866,130,107,180,267,182
E01004145,Sutton 007B,E02000846,Sutton 007,E09000029,Sutton,2312,545,310,524,628,305,1111,265,160,247,309,130,1201,280,150,277,319,175
E01004146,Sutton 007C,E02000846,Sutton 007,E09000029,Sutton,1920,462,243,458,476,281,973,256,123,214,256,124,947,206,120,244,220,157
E01004147,Sutton 007D,E02000846,Sutton 007,E09000029,Sutton,1598,290,189,278,445,396,742,147,106,124,205,160,856,143,83,154,240,236
E01004148,Sutton 014B,E02000853,Sutton 014,E09000029,Sutton,1837,517,249,399,424,248,871,265,115,173,205,113,966,252,134,226,219,135
E01004149,Sutton 012E,E02000851,Sutton 012,E09000029,Sutton,1913,386,245,443,455,384,915,204,116,196,241,158,998,182,129,247,214,226
E01004150,Sutton 021C,E02000860,Sutton 021,E09000029,Sutton,1816,315,305,492,365,339,904,146,143,259,220,136,912,169,162,233,145,203
E01004151,Sutton 021D,E02000860,Sutton 021,E09000029,Sutton,1934,316,319,610,423,266,1024,185,154,323,240,122,910,131,165,287,183,144
E01004152,Sutton 018A,E02000857,Sutton 018,E09000029,Sutton,1895,363,228,548,393,363,928,175,111,278,216,148,967,188,117,270,177,215
E01004153,Sutton 021E,E02000860,Sutton 021,E09000029,Sutton,1939,422,248,616,428,225,997,227,128,301,233,108,942,195,120,315,195,117
E01004154,Sutton 022E,E02000861,Sutton 022,E09000029,Sutton,1455,285,169,252,420,329,734,167,90,111,209,157,721,118,79,141,211,172
E01004155,Sutton 018B,E02000857,Sutton 018,E09000029,Sutton,1806,405,193,581,388,239,880,226,87,283,200,84,926,179,106,298,188,155
E01004156,Sutton 018C,E02000857,Sutton 018,E09000029,Sutton,1882,362,213,619,423,265,904,173,90,307,220,114,978,189,123,312,203,151
E01004157,Sutton 016E,E02000855,Sutton 016,E09000029,Sutton,1229,214,174,215,408,218,600,108,86,90,204,112,629,106,88,125,204,106
E01004158,Sutton 018D,E02000857,Sutton 018,E09000029,Sutton,1615,283,229,399,400,304,796,137,119,208,201,131,819,146,110,191,199,173
E01004159,Sutton 014C,E02000853,Sutton 014,E09000029,Sutton,1606,338,207,403,384,274,852,197,125,208,196,126,754,141,82,195,188,148
E01004160,Sutton 014D,E02000853,Sutton 014,E09000029,Sutton,1627,354,246,416,422,189,805,181,117,208,208,91,822,173,129,208,214,98
E01004161,Sutton 014E,E02000853,Sutton 014,E09000029,Sutton,1554,322,239,399,376,218,744,146,128,181,193,96,810,176,111,218,183,122
E01004162,Sutton 018E,E02000857,Sutton 018,E09000029,Sutton,1583,334,228,472,347,202,749,168,104,232,155,90,834,166,124,240,192,112
E01004163,Sutton 005B,E02000844,Sutton 005,E09000029,Sutton,1692,353,255,382,457,245,831,167,147,191,202,124,861,186,108,191,255,121
E01004164,Sutton 004A,E02000843,Sutton 004,E09000029,Sutton,1412,278,180,326,417,211,707,134,89,173,215,96,705,144,91,153,202,115
E01004165,Sutton 005C,E02000844,Sutton 005,E09000029,Sutton,1845,418,279,522,429,197,901,218,138,237,215,93,944,200,141,285,214,104
E01004166,Sutton 004B,E02000843,Sutton 004,E09000029,Sutton,1580,280,229,412,427,232,748,130,116,191,208,103,832,150,113,221,219,129
E01004167,Sutton 005D,E02000844,Sutton 005,E09000029,Sutton,1453,349,252,342,324,186,678,149,128,162,163,76,775,200,124,180,161,110
E01004168,Sutton 013E,E02000852,Sutton 013,E09000029,Sutton,1595,333,215,307,462,278,767,171,107,142,221,126,828,162,108,165,241,152
E01004169,Sutton 004C,E02000843,Sutton 004,E09000029,Sutton,1610,481,206,570,266,87,757,260,97,241,116,43,853,221,109,329,150,44
E01004170,Sutton 017B,E02000856,Sutton 017,E09000029,Sutton,2247,493,338,640,485,291,1109,254,160,318,247,130,1138,239,178,322,238,161
E01004171,Sutton 010A,E02000849,Sutton 010,E09000029,Sutton,1572,338,198,297,433,306,779,177,107,142,215,138,793,161,91,155,218,168
E01004172,Sutton 010B,E02000849,Sutton 010,E09000029,Sutton,1752,377,272,443,444,216,888,204,129,203,238,114,864,173,143,240,206,102
E01004173,Sutton 010C,E02000849,Sutton 010,E09000029,Sutton,1356,233,178,280,376,289,658,112,101,139,181,125,698,121,77,141,195,164
E01004174,Sutton 017C,E02000856,Sutton 017,E09000029,Sutton,1542,325,224,383,396,214,773,168,121,173,213,98,769,157,103,210,183,116
E01004175,Sutton 010D,E02000849,Sutton 010,E09000029,Sutton,1779,366,233,429,507,244,835,172,106,198,253,106,944,194,127,231,254,138
E01004176,Sutton 010E,E02000849,Sutton 010,E09000029,Sutton,1597,342,234,425,420,176,790,177,129,203,200,81,807,165,105,222,220,95
E01004177,Sutton 020C,E02000859,Sutton 020,E09000029,Sutton,2077,442,253,469,399,514,917,216,118,196,206,181,1160,226,135,273,193,333
E01004178,Sutton 017D,E02000856,Sutton 017,E09000029,Sutton,2380,537,372,629,553,289,1195,303,185,309,279,119,1185,234,187,320,274,170
E01004179,Sutton 017E,E02000856,Sutton 017,E09000029,Sutton,1632,343,201,320,478,290,827,182,106,146,257,136,805,161,95,174,221,154
E01004180,Sutton 020D,E02000859,Sutton 020,E09000029,Sutton,1690,260,259,258,507,406,830,138,121,126,256,189,860,122,138,132,251,217
E01004181,Sutton 020E,E02000859,Sutton 020,E09000029,Sutton,1728,357,218,403,434,316,823,178,101,189,225,130,905,179,117,214,209,186
E01004182,Sutton 019E,E02000858,Sutton 019,E09000029,Sutton,1712,462,259,374,409,208,791,231,143,151,174,92,921,231,116,223,235,116
E01004183,Sutton 001B,E02000840,Sutton 001,E09000029,Sutton,1767,395,338,444,425,165,858,200,169,214,208,67,909,195,169,230,217,98
E01004184,Sutton 001C,E02000840,Sutton 001,E09000029,Sutton,1696,515,229,415,393,144,779,248,101,172,184,74,917,267,128,243,209,70
E01004185,Sutton 001D,E02000840,Sutton 001,E09000029,Sutton,1578,404,254,413,373,134,744,188,120,181,174,81,834,216,134,232,199,53
E01004186,Sutton 004D,E02000843,Sutton 004,E09000029,Sutton,1788,386,267,541,452,142,902,212,119,268,236,67,886,174,148,273,216,75
E01004187,Sutton 005E,E02000844,Sutton 005,E09000029,Sutton,1639,362,268,342,458,209,857,203,152,150,243,109,782,159,116,192,215,100
E01004188,Sutton 004E,E02000843,Sutton 004,E09000029,Sutton,2258,531,366,711,449,201,1077,259,170,330,231,87,1181,272,196,381,218,114
E01004189,Sutton 001E,E02000840,Sutton 001,E09000029,Sutton,2015,522,314,437,515,227,929,273,147,192,223,94,1086,249,167,245,292,133
E01004190,Sutton 008C,E02000847,Sutton 008,E09000029,Sutton,1398,239,164,269,431,295,699,136,91,128,209,135,699,103,73,141,222,160
E01004191,Sutton 008D,E02000847,Sutton 008,E09000029,Sutton,1904,418,269,490,442,285,961,219,146,232,235,129,943,199,123,258,207,156
E01004192,Sutton 006C,E02000845,Sutton 006,E09000029,Sutton,2073,486,293,627,479,188,986,239,150,275,240,82,1087,247,143,352,239,106
E01004193,Sutton 006D,E02000845,Sutton 006,E09000029,Sutton,3109,861,386,917,707,238,1485,448,188,420,333,96,1624,413,198,497,374,142
E01004194,Sutton 008E,E02000847,Sutton 008,E09000029,Sutton,1620,355,222,401,392,250,781,180,106,190,207,98,839,175,116,211,185,152
E01004195,Sutton 006E,E02000845,Sutton 006,E09000029,Sutton,1786,363,292,470,417,244,915,189,164,228,228,106,871,174,128,242,189,138
E01004196,Sutton 008F,E02000847,Sutton 008,E09000029,Sutton,1584,284,218,349,391,342,742,134,108,164,186,150,842,150,110,185,205,192
E01004197,Tower Hamlets 002A,E02000865,Tower Hamlets 002,E09000030,Tower Hamlets,3235,648,888,1006,520,173,1606,340,434,487,271,74,1629,308,454,519,249,99
E01004198,Tower Hamlets 002B,E02000865,Tower Hamlets 002,E09000030,Tower Hamlets,1601,337,375,424,282,183,797,169,169,249,142,68,804,168,206,175,140,115
E01004199,Tower Hamlets 002C,E02000865,Tower Hamlets 002,E09000030,Tower Hamlets,1775,467,403,424,334,147,822,194,183,208,178,59,953,273,220,216,156,88
E01004200,Tower Hamlets 005A,E02000868,Tower Hamlets 005,E09000030,Tower Hamlets,1667,184,635,574,197,77,871,112,319,291,101,48,796,72,316,283,96,29
E01004201,Tower Hamlets 002D,E02000865,Tower Hamlets 002,E09000030,Tower Hamlets,1773,372,394,506,334,167,863,188,194,256,148,77,910,184,200,250,186,90
E01004202,Tower Hamlets 005B,E02000868,Tower Hamlets 005,E09000030,Tower Hamlets,2003,358,484,750,331,80,995,149,233,398,184,31,1008,209,251,352,147,49
E01004203,Tower Hamlets 005C,E02000868,Tower Hamlets 005,E09000030,Tower Hamlets,1882,372,553,600,259,98,924,169,277,315,143,20,958,203,276,285,116,78
E01004204,Tower Hamlets 005D,E02000868,Tower Hamlets 005,E09000030,Tower Hamlets,1916,356,418,507,422,213,928,190,193,250,216,79,988,166,225,257,206,134
E01004205,Tower Hamlets 013A,E02000876,Tower Hamlets 013,E09000030,Tower Hamlets,2297,598,537,666,402,94,1205,282,283,390,206,44,1092,316,254,276,196,50
E01004206,Tower Hamlets 013B,E02000876,Tower Hamlets 013,E09000030,Tower Hamlets,1503,296,366,433,281,127,773,147,184,235,136,71,730,149,182,198,145,56
E01004207,Tower Hamlets 011A,E02000874,Tower Hamlets 011,E09000030,Tower Hamlets,1489,269,388,375,330,127,765,150,179,213,179,44,724,119,209,162,151,83
E01004208,Tower Hamlets 013C,E02000876,Tower Hamlets 013,E09000030,Tower Hamlets,2598,268,1086,842,329,73,1407,137,518,499,212,41,1191,131,568,343,117,32
E01004209,Tower Hamlets 011B,E02000874,Tower Hamlets 011,E09000030,Tower Hamlets,1475,441,299,403,247,85,736,230,138,213,120,35,739,211,161,190,127,50
E01004211,Tower Hamlets 013D,E02000876,Tower Hamlets 013,E09000030,Tower Hamlets,1695,173,540,627,245,110,906,96,263,360,130,57,789,77,277,267,115,53
E01004212,Tower Hamlets 011D,E02000874,Tower Hamlets 011,E09000030,Tower Hamlets,2619,450,1009,751,298,111,1338,233,457,418,170,60,1281,217,552,333,128,51
E01004214,Tower Hamlets 030A,E02000893,Tower Hamlets 030,E09000030,Tower Hamlets,1768,493,337,427,368,143,866,241,169,216,176,64,902,252,168,211,192,79
E01004215,Tower Hamlets 028A,E02000891,Tower Hamlets 028,E09000030,Tower Hamlets,4500,989,1108,1610,612,181,2354,475,583,890,318,88,2146,514,525,720,294,93
E01004216,Tower Hamlets 030B,E02000893,Tower Hamlets 030,E09000030,Tower Hamlets,2067,418,451,695,356,147,1116,218,252,384,191,71,951,200,199,311,165,76
E01004217,Tower Hamlets 030C,E02000893,Tower Hamlets 030,E09000030,Tower Hamlets,2258,507,375,732,442,202,1081,260,164,340,239,78,1177,247,211,392,203,124
E01004218,Tower Hamlets 030D,E02000893,Tower Hamlets 030,E09000030,Tower Hamlets,2039,372,431,649,404,183,1030,175,252,314,200,89,1009,197,179,335,204,94
E01004219,Tower Hamlets 028B,E02000891,Tower Hamlets 028,E09000030,Tower Hamlets,2378,648,563,811,277,79,1232,314,282,427,174,35,1146,334,281,384,103,44
E01004221,Tower Hamlets 028D,E02000891,Tower Hamlets 028,E09000030,Tower Hamlets,2289,457,498,859,359,116,1240,209,269,490,214,58,1049,248,229,369,145,58
E01004222,Tower Hamlets 001A,E02000864,Tower Hamlets 001,E09000030,Tower Hamlets,2970,632,557,793,675,313,1485,337,280,400,330,138,1485,295,277,393,345,175
E01004223,Tower Hamlets 001B,E02000864,Tower Hamlets 001,E09000030,Tower Hamlets,2527,620,394,677,546,290,1237,322,188,298,276,153,1290,298,206,379,270,137
E01004224,Tower Hamlets 001C,E02000864,Tower Hamlets 001,E09000030,Tower Hamlets,2723,468,619,1006,441,189,1354,207,289,557,217,84,1369,261,330,449,224,105
E01004225,Tower Hamlets 004A,E02000867,Tower Hamlets 004,E09000030,Tower Hamlets,2915,424,835,1141,423,92,1553,217,430,613,261,32,1362,207,405,528,162,60
E01004226,Tower Hamlets 001D,E02000864,Tower Hamlets 001,E09000030,Tower Hamlets,2574,680,510,803,447,134,1253,350,234,397,207,65,1321,330,276,406,240,69
E01004228,Tower Hamlets 003A,E02000866,Tower Hamlets 003,E09000030,Tower Hamlets,2206,361,429,686,473,257,1082,199,200,347,225,111,1124,162,229,339,248,146
E01004229,Tower Hamlets 004C,E02000867,Tower Hamlets 004,E09000030,Tower Hamlets,1643,335,387,460,334,127,798,181,170,246,149,52,845,154,217,214,185,75
E01004230,Tower Hamlets 003B,E02000866,Tower Hamlets 003,E09000030,Tower Hamlets,2282,458,475,704,431,214,1150,229,226,376,230,89,1132,229,249,328,201,125
E01004231,Tower Hamlets 004D,E02000867,Tower Hamlets 004,E09000030,Tower Hamlets,1937,441,482,542,310,162,944,212,242,261,157,72,993,229,240,281,153,90
E01004232,Tower Hamlets 003C,E02000866,Tower Hamlets 003,E09000030,Tower Hamlets,1900,329,512,550,371,138,949,175,233,279,199,63,951,154,279,271,172,75
E01004233,Tower Hamlets 003D,E02000866,Tower Hamlets 003,E09000030,Tower Hamlets,2254,480,434,637,462,241,1167,257,207,341,265,97,1087,223,227,296,197,144
E01004234,Tower Hamlets 003E,E02000866,Tower Hamlets 003,E09000030,Tower Hamlets,2286,458,430,742,474,182,1190,253,208,399,224,106,1096,205,222,343,250,76
E01004235,Tower Hamlets 008A,E02000871,Tower Hamlets 008,E09000030,Tower Hamlets,1347,360,248,384,235,120,709,180,125,215,133,56,638,180,123,169,102,64
E01004236,Tower Hamlets 008B,E02000871,Tower Hamlets 008,E09000030,Tower Hamlets,1681,426,372,404,348,131,867,207,189,217,188,66,814,219,183,187,160,65
E01004237,Tower Hamlets 008C,E02000871,Tower Hamlets 008,E09000030,Tower Hamlets,1622,483,305,447,252,135,812,263,152,210,128,59,810,220,153,237,124,76
E01004238,Tower Hamlets 008D,E02000871,Tower Hamlets 008,E09000030,Tower Hamlets,5238,1163,1402,1846,640,187,2699,585,670,1020,339,85,2539,578,732,826,301,102
E01004239,Tower Hamlets 008E,E02000871,Tower Hamlets 008,E09000030,Tower Hamlets,1737,431,345,433,356,172,889,213,173,250,179,74,848,218,172,183,177,98
E01004240,Tower Hamlets 012A,E02000875,Tower Hamlets 012,E09000030,Tower Hamlets,1886,488,420,474,356,148,925,258,183,242,171,71,961,230,237,232,185,77
E01004241,Tower Hamlets 012B,E02000875,Tower Hamlets 012,E09000030,Tower Hamlets,1812,481,383,500,316,132,877,236,185,250,156,50,935,245,198,250,160,82
E01004242,Tower Hamlets 012C,E02000875,Tower Hamlets 012,E09000030,Tower Hamlets,5899,1591,1532,1840,771,165,3010,809,779,926,428,68,2889,782,753,914,343,97
E01004243,Tower Hamlets 020A,E02000883,Tower Hamlets 020,E09000030,Tower Hamlets,1190,356,206,307,229,92,599,182,107,142,133,35,591,174,99,165,96,57
E01004244,Tower Hamlets 020B,E02000883,Tower Hamlets 020,E09000030,Tower Hamlets,2206,526,474,490,459,257,1187,287,249,241,266,144,1019,239,225,249,193,113
E01004245,Tower Hamlets 018A,E02000881,Tower Hamlets 018,E09000030,Tower Hamlets,2120,581,568,492,377,102,1041,301,277,233,189,41,1079,280,291,259,188,61
E01004246,Tower Hamlets 018B,E02000881,Tower Hamlets 018,E09000030,Tower Hamlets,3036,710,673,970,498,185,1597,400,349,482,286,80,1439,310,324,488,212,105
E01004247,Tower Hamlets 020C,E02000883,Tower Hamlets 020,E09000030,Tower Hamlets,2764,734,569,761,495,205,1438,366,292,415,265,100,1326,368,277,346,230,105
E01004248,Tower Hamlets 018C,E02000881,Tower Hamlets 018,E09000030,Tower Hamlets,1948,604,391,504,315,134,931,294,174,257,148,58,1017,310,217,247,167,76
E01004249,Tower Hamlets 018D,E02000881,Tower Hamlets 018,E09000030,Tower Hamlets,2411,676,403,640,535,157,1244,338,189,348,287,82,1167,338,214,292,248,75
E01004250,Tower Hamlets 020D,E02000883,Tower Hamlets 020,E09000030,Tower Hamlets,2811,870,494,729,522,196,1350,417,243,338,265,87,1461,453,251,391,257,109
E01004251,Tower Hamlets 023A,E02000886,Tower Hamlets 023,E09000030,Tower Hamlets,2653,738,567,714,448,186,1358,375,279,375,235,94,1295,363,288,339,213,92
E01004252,Tower Hamlets 024A,E02000887,Tower Hamlets 024,E09000030,Tower Hamlets,3496,783,788,1244,519,162,1785,391,364,689,258,83,1711,392,424,555,261,79
E01004253,Tower Hamlets 024B,E02000887,Tower Hamlets 024,E09000030,Tower Hamlets,3595,941,854,992,608,200,1808,457,455,473,329,94,1787,484,399,519,279,106
E01004254,Tower Hamlets 023B,E02000886,Tower Hamlets 023,E09000030,Tower Hamlets,3342,504,888,1333,499,118,1832,268,455,742,302,65,1510,236,433,591,197,53
E01004255,Tower Hamlets 023C,E02000886,Tower Hamlets 023,E09000030,Tower Hamlets,1807,390,370,554,364,129,967,203,205,296,209,54,840,187,165,258,155,75
E01004256,Tower Hamlets 024C,E02000887,Tower Hamlets 024,E09000030,Tower Hamlets,1916,448,400,531,352,185,1012,264,202,277,191,78,904,184,198,254,161,107
E01004257,Tower Hamlets 024D,E02000887,Tower Hamlets 024,E09000030,Tower Hamlets,2414,729,512,634,375,164,1185,389,233,313,184,66,1229,340,279,321,191,98
E01004258,Tower Hamlets 023D,E02000886,Tower Hamlets 023,E09000030,Tower Hamlets,1673,286,261,464,448,214,867,133,134,223,266,111,806,153,127,241,182,103
E01004259,Tower Hamlets 007A,E02000870,Tower Hamlets 007,E09000030,Tower Hamlets,1828,317,480,606,335,90,944,177,222,307,173,65,884,140,258,299,162,25
E01004260,Tower Hamlets 007B,E02000870,Tower Hamlets 007,E09000030,Tower Hamlets,1962,498,475,567,311,111,1019,274,270,260,161,54,943,224,205,307,150,57
E01004261,Tower Hamlets 010A,E02000873,Tower Hamlets 010,E09000030,Tower Hamlets,3087,336,2010,366,234,141,1439,170,899,177,136,57,1648,166,1111,189,98,84
E01004262,Tower Hamlets 010B,E02000873,Tower Hamlets 010,E09000030,Tower Hamlets,2040,270,1031,350,245,144,970,143,437,189,133,68,1070,127,594,161,112,76
E01004263,Tower Hamlets 007C,E02000870,Tower Hamlets 007,E09000030,Tower Hamlets,1538,310,401,323,327,177,774,174,198,152,180,70,764,136,203,171,147,107
E01004264,Tower Hamlets 010C,E02000873,Tower Hamlets 010,E09000030,Tower Hamlets,1549,371,416,407,241,114,800,193,215,196,150,46,749,178,201,211,91,68
E01004266,Tower Hamlets 007D,E02000870,Tower Hamlets 007,E09000030,Tower Hamlets,1612,329,350,419,328,186,764,175,145,203,151,90,848,154,205,216,177,96
E01004267,Tower Hamlets 012D,E02000875,Tower Hamlets 012,E09000030,Tower Hamlets,2340,434,699,694,390,123,1199,222,352,385,189,51,1141,212,347,309,201,72
E01004268,Tower Hamlets 012E,E02000875,Tower Hamlets 012,E09000030,Tower Hamlets,1906,390,457,580,353,126,999,215,216,318,187,63,907,175,241,262,166,63
E01004269,Tower Hamlets 014A,E02000877,Tower Hamlets 014,E09000030,Tower Hamlets,2823,641,739,830,404,209,1470,341,380,419,233,97,1353,300,359,411,171,112
E01004270,Tower Hamlets 014B,E02000877,Tower Hamlets 014,E09000030,Tower Hamlets,2973,423,1133,921,378,118,1640,222,595,550,223,50,1333,201,538,371,155,68
E01004271,Tower Hamlets 014C,E02000877,Tower Hamlets 014,E09000030,Tower Hamlets,2229,621,544,625,323,116,1088,335,246,284,167,56,1141,286,298,341,156,60
E01004272,Tower Hamlets 014D,E02000877,Tower Hamlets 014,E09000030,Tower Hamlets,2588,751,524,739,418,156,1281,391,242,373,199,76,1307,360,282,366,219,80
E01004273,Tower Hamlets 014E,E02000877,Tower Hamlets 014,E09000030,Tower Hamlets,2711,667,641,762,470,171,1356,330,327,386,236,77,1355,337,314,376,234,94
E01004274,Tower Hamlets 031A,E02000894,Tower Hamlets 031,E09000030,Tower Hamlets,2173,551,448,626,395,153,1139,294,244,328,191,82,1034,257,204,298,204,71
E01004275,Tower Hamlets 031B,E02000894,Tower Hamlets 031,E09000030,Tower Hamlets,2243,497,470,732,397,147,1186,245,273,389,206,73,1057,252,197,343,191,74
E01004276,Tower Hamlets 031C,E02000894,Tower Hamlets 031,E09000030,Tower Hamlets,2525,349,541,1046,494,95,1393,196,301,568,271,57,1132,153,240,478,223,38
E01004277,Tower Hamlets 033A,E02006854,Tower Hamlets 033,E09000030,Tower Hamlets,1952,233,451,767,419,82,1130,117,262,446,257,48,822,116,189,321,162,34
E01004280,Tower Hamlets 032A,E02006853,Tower Hamlets 032,E09000030,Tower Hamlets,2138,505,422,680,380,151,1071,237,233,350,186,65,1067,268,189,330,194,86
E01004281,Tower Hamlets 031D,E02000894,Tower Hamlets 031,E09000030,Tower Hamlets,2076,386,502,809,304,75,1057,197,257,424,147,32,1019,189,245,385,157,43
E01004283,Tower Hamlets 016A,E02000879,Tower Hamlets 016,E09000030,Tower Hamlets,2676,519,849,620,414,274,1300,259,386,337,200,118,1376,260,463,283,214,156
E01004284,Tower Hamlets 019A,E02000882,Tower Hamlets 019,E09000030,Tower Hamlets,3856,897,811,1319,643,186,1959,445,422,685,322,85,1897,452,389,634,321,101
E01004285,Tower Hamlets 019B,E02000882,Tower Hamlets 019,E09000030,Tower Hamlets,2434,656,542,652,450,134,1267,346,275,334,261,51,1167,310,267,318,189,83
E01004286,Tower Hamlets 019C,E02000882,Tower Hamlets 019,E09000030,Tower Hamlets,2620,607,537,691,549,236,1314,324,268,359,262,101,1306,283,269,332,287,135
E01004287,Tower Hamlets 016B,E02000879,Tower Hamlets 016,E09000030,Tower Hamlets,2426,581,471,674,427,273,1257,313,216,356,248,124,1169,268,255,318,179,149
E01004288,Tower Hamlets 019D,E02000882,Tower Hamlets 019,E09000030,Tower Hamlets,1792,497,333,442,352,168,923,266,173,228,189,67,869,231,160,214,163,101
E01004289,Tower Hamlets 016C,E02000879,Tower Hamlets 016,E09000030,Tower Hamlets,2165,395,664,472,426,208,1125,195,333,277,247,73,1040,200,331,195,179,135
E01004290,Tower Hamlets 016D,E02000879,Tower Hamlets 016,E09000030,Tower Hamlets,2075,431,549,552,340,203,1070,215,288,296,192,79,1005,216,261,256,148,124
E01004291,Tower Hamlets 027A,E02000890,Tower Hamlets 027,E09000030,Tower Hamlets,2347,304,411,834,587,211,1346,159,233,499,362,93,1001,145,178,335,225,118
E01004292,Tower Hamlets 026A,E02000889,Tower Hamlets 026,E09000030,Tower Hamlets,1993,274,461,716,363,179,1133,163,279,393,194,104,860,111,182,323,169,75
E01004293,Tower Hamlets 027B,E02000890,Tower Hamlets 027,E09000030,Tower Hamlets,2403,276,459,774,610,284,1298,127,248,401,364,158,1105,149,211,373,246,126
E01004294,Tower Hamlets 026B,E02000889,Tower Hamlets 026,E09000030,Tower Hamlets,2222,380,529,756,420,137,1243,201,294,440,232,76,979,179,235,316,188,61
E01004295,Tower Hamlets 026C,E02000889,Tower Hamlets 026,E09000030,Tower Hamlets,1925,593,344,597,270,121,1017,291,181,329,155,61,908,302,163,268,115,60
E01004296,Tower Hamlets 026D,E02000889,Tower Hamlets 026,E09000030,Tower Hamlets,2540,472,539,840,518,171,1404,230,287,492,291,104,1136,242,252,348,227,67
E01004297,Tower Hamlets 027C,E02000890,Tower Hamlets 027,E09000030,Tower Hamlets,2079,283,395,691,511,199,1141,141,235,384,301,80,938,142,160,307,210,119
E01004298,Tower Hamlets 022A,E02000885,Tower Hamlets 022,E09000030,Tower Hamlets,1730,401,361,461,349,158,833,186,165,241,177,64,897,215,196,220,172,94
E01004300,Tower Hamlets 022B,E02000885,Tower Hamlets 022,E09000030,Tower Hamlets,1604,392,324,386,319,183,857,206,166,191,201,93,747,186,158,195,118,90
E01004301,Tower Hamlets 025B,E02000888,Tower Hamlets 025,E09000030,Tower Hamlets,1357,336,281,340,301,99,683,176,135,181,158,33,674,160,146,159,143,66
E01004302,Tower Hamlets 025C,E02000888,Tower Hamlets 025,E09000030,Tower Hamlets,2318,610,467,721,396,124,1203,310,210,422,214,47,1115,300,257,299,182,77
E01004303,Tower Hamlets 025D,E02000888,Tower Hamlets 025,E09000030,Tower Hamlets,3239,706,816,1001,521,195,1758,381,380,555,343,99,1481,325,436,446,178,96
E01004304,Tower Hamlets 022C,E02000885,Tower Hamlets 022,E09000030,Tower Hamlets,2168,466,530,547,429,196,1134,213,262,324,246,89,1034,253,268,223,183,107
E01004305,Tower Hamlets 022D,E02000885,Tower Hamlets 022,E09000030,Tower Hamlets,2209,513,488,620,348,240,1163,258,267,335,197,106,1046,255,221,285,151,134
E01004306,Tower Hamlets 015A,E02000878,Tower Hamlets 015,E09000030,Tower Hamlets,1636,267,463,482,253,171,797,124,206,261,139,67,839,143,257,221,114,104
E01004307,Tower Hamlets 015B,E02000878,Tower Hamlets 015,E09000030,Tower Hamlets,3418,191,1652,1106,358,111,1853,97,776,706,215,59,1565,94,876,400,143,52
E01004308,Tower Hamlets 015C,E02000878,Tower Hamlets 015,E09000030,Tower Hamlets,1536,275,389,463,250,159,790,143,196,235,139,77,746,132,193,228,111,82
E01004309,Tower Hamlets 015D,E02000878,Tower Hamlets 015,E09000030,Tower Hamlets,3450,592,1161,979,508,210,1817,272,544,591,323,87,1633,320,617,388,185,123
E01004310,Tower Hamlets 015E,E02000878,Tower Hamlets 015,E09000030,Tower Hamlets,1954,271,493,670,366,154,1111,148,251,402,220,90,843,123,242,268,146,64
E01004311,Tower Hamlets 006A,E02000869,Tower Hamlets 006,E09000030,Tower Hamlets,1879,406,428,534,361,150,937,196,215,262,189,75,942,210,213,272,172,75
E01004312,Tower Hamlets 009A,E02000872,Tower Hamlets 009,E09000030,Tower Hamlets,1577,309,358,439,314,157,841,159,192,243,183,64,736,150,166,196,131,93
E01004313,Tower Hamlets 009B,E02000872,Tower Hamlets 009,E09000030,Tower Hamlets,2372,513,646,728,354,131,1140,233,295,368,179,65,1232,280,351,360,175,66
E01004314,Tower Hamlets 006B,E02000869,Tower Hamlets 006,E09000030,Tower Hamlets,1179,190,211,342,276,160,615,97,107,199,150,62,564,93,104,143,126,98
E01004315,Tower Hamlets 006C,E02000869,Tower Hamlets 006,E09000030,Tower Hamlets,1871,230,511,566,379,185,1003,119,251,317,220,96,868,111,260,249,159,89
E01004316,Tower Hamlets 009C,E02000872,Tower Hamlets 009,E09000030,Tower Hamlets,1184,190,337,351,229,77,607,93,143,198,128,45,577,97,194,153,101,32
E01004317,Tower Hamlets 009D,E02000872,Tower Hamlets 009,E09000030,Tower Hamlets,3964,590,1206,1504,527,137,2234,307,669,894,307,57,1730,283,537,610,220,80
E01004318,Tower Hamlets 006D,E02000869,Tower Hamlets 006,E09000030,Tower Hamlets,1737,365,366,497,369,140,941,188,220,253,198,82,796,177,146,244,171,58
E01004319,Tower Hamlets 021A,E02000884,Tower Hamlets 021,E09000030,Tower Hamlets,2176,494,467,686,336,193,1153,244,232,399,194,84,1023,250,235,287,142,109
E01004321,Tower Hamlets 021C,E02000884,Tower Hamlets 021,E09000030,Tower Hamlets,2097,434,426,700,363,174,1066,207,193,390,217,59,1031,227,233,310,146,115
E01004322,Tower Hamlets 017A,E02000880,Tower Hamlets 017,E09000030,Tower Hamlets,1526,301,461,408,256,100,793,172,233,206,138,44,733,129,228,202,118,56
E01004323,Tower Hamlets 017B,E02000880,Tower Hamlets 017,E09000030,Tower Hamlets,1589,312,466,442,260,109,826,164,235,251,146,30,763,148,231,191,114,79
E01004324,Tower Hamlets 017C,E02000880,Tower Hamlets 017,E09000030,Tower Hamlets,1609,364,372,481,279,113,887,198,206,275,167,41,722,166,166,206,112,72
E01004325,Tower Hamlets 021D,E02000884,Tower Hamlets 021,E09000030,Tower Hamlets,3802,522,1643,1153,351,133,2112,266,821,749,212,64,1690,256,822,404,139,69
E01004326,Tower Hamlets 017D,E02000880,Tower Hamlets 017,E09000030,Tower Hamlets,1999,425,514,640,298,122,1076,215,277,351,180,53,923,210,237,289,118,69
E01004327,Waltham Forest 028A,E02000922,Waltham Forest 028,E09000031,Waltham Forest,1213,240,220,317,285,151,610,124,128,153,141,64,603,116,92,164,144,87
E01004328,Waltham Forest 028B,E02000922,Waltham Forest 028,E09000031,Waltham Forest,2018,402,481,592,385,158,1078,200,286,334,194,64,940,202,195,258,191,94
E01004329,Waltham Forest 028C,E02000922,Waltham Forest 028,E09000031,Waltham Forest,1969,410,505,503,397,154,1126,224,347,273,203,79,843,186,158,230,194,75
E01004330,Waltham Forest 028D,E02000922,Waltham Forest 028,E09000031,Waltham Forest,1818,321,355,563,401,178,936,162,196,303,182,93,882,159,159,260,219,85
E01004331,Waltham Forest 028E,E02000922,Waltham Forest 028,E09000031,Waltham Forest,1915,403,415,548,410,139,1055,211,265,282,224,73,860,192,150,266,186,66
E01004332,Waltham Forest 028F,E02000922,Waltham Forest 028,E09000031,Waltham Forest,2055,488,406,590,443,128,1066,207,235,320,240,64,989,281,171,270,203,64
E01004333,Waltham Forest 024A,E02000918,Waltham Forest 024,E09000031,Waltham Forest,1846,496,343,542,329,136,955,278,179,266,176,56,891,218,164,276,153,80
E01004334,Waltham Forest 024B,E02000918,Waltham Forest 024,E09000031,Waltham Forest,1593,431,238,352,390,182,759,204,114,146,199,96,834,227,124,206,191,86
E01004335,Waltham Forest 027A,E02000921,Waltham Forest 027,E09000031,Waltham Forest,1689,456,355,395,343,140,792,234,196,144,143,75,897,222,159,251,200,65
E01004336,Waltham Forest 026A,E02000920,Waltham Forest 026,E09000031,Waltham Forest,1830,252,557,493,355,173,927,128,270,287,179,63,903,124,287,206,176,110
E01004337,Waltham Forest 027B,E02000921,Waltham Forest 027,E09000031,Waltham Forest,1981,394,371,615,441,160,1004,194,200,335,206,69,977,200,171,280,235,91
E01004338,Waltham Forest 027C,E02000921,Waltham Forest 027,E09000031,Waltham Forest,1815,321,448,567,322,157,893,165,228,287,153,60,922,156,220,280,169,97
E01004339,Waltham Forest 027D,E02000921,Waltham Forest 027,E09000031,Waltham Forest,1916,407,346,673,374,116,980,195,173,380,178,54,936,212,173,293,196,62
E01004340,Waltham Forest 027E,E02000921,Waltham Forest 027,E09000031,Waltham Forest,1756,352,376,455,421,152,889,180,206,246,181,76,867,172,170,209,240,76
E01004341,Waltham Forest 027F,E02000921,Waltham Forest 027,E09000031,Waltham Forest,2125,493,441,534,440,217,1043,236,245,271,199,92,1082,257,196,263,241,125
E01004342,Waltham Forest 011A,E02000905,Waltham Forest 011,E09000031,Waltham Forest,2404,616,420,704,486,178,1295,322,282,350,260,81,1109,294,138,354,226,97
E01004343,Waltham Forest 008A,E02000902,Waltham Forest 008,E09000031,Waltham Forest,1876,399,298,441,497,241,930,179,164,221,264,102,946,220,134,220,233,139
E01004344,Waltham Forest 008B,E02000902,Waltham Forest 008,E09000031,Waltham Forest,1912,516,307,454,460,175,966,262,169,243,215,77,946,254,138,211,245,98
E01004345,Waltham Forest 010A,E02000904,Waltham Forest 010,E09000031,Waltham Forest,1933,471,312,491,485,174,953,244,155,232,243,79,980,227,157,259,242,95
E01004346,Waltham Forest 011B,E02000905,Waltham Forest 011,E09000031,Waltham Forest,1853,505,265,439,487,157,883,245,118,212,240,68,970,260,147,227,247,89
E01004347,Waltham Forest 011C,E02000905,Waltham Forest 011,E09000031,Waltham Forest,2202,552,263,715,503,169,1097,272,139,358,258,70,1105,280,124,357,245,99
E01004348,Waltham Forest 010B,E02000904,Waltham Forest 010,E09000031,Waltham Forest,3065,738,482,1021,628,196,1570,347,265,522,354,82,1495,391,217,499,274,114
E01004349,Waltham Forest 001A,E02000895,Waltham Forest 001,E09000031,Waltham Forest,1517,351,255,259,382,270,726,174,119,120,180,133,791,177,136,139,202,137
E01004350,Waltham Forest 001B,E02000895,Waltham Forest 001,E09000031,Waltham Forest,1889,313,263,313,385,615,917,175,128,151,194,269,972,138,135,162,191,346
E01004351,Waltham Forest 001C,E02000895,Waltham Forest 001,E09000031,Waltham Forest,1612,307,203,285,448,369,785,168,105,128,207,177,827,139,98,157,241,192
E01004352,Waltham Forest 002A,E02000896,Waltham Forest 002,E09000031,Waltham Forest,1839,250,254,326,522,487,929,123,147,160,289,210,910,127,107,166,233,277
E01004353,Waltham Forest 002B,E02000896,Waltham Forest 002,E09000031,Waltham Forest,1794,302,227,283,565,417,864,148,111,134,283,188,930,154,116,149,282,229
E01004354,Waltham Forest 002C,E02000896,Waltham Forest 002,E09000031,Waltham Forest,1900,429,257,427,496,291,919,207,125,203,255,129,981,222,132,224,241,162
E01004355,Waltham Forest 004A,E02000898,Waltham Forest 004,E09000031,Waltham Forest,1652,398,242,341,427,244,824,202,131,167,216,108,828,196,111,174,211,136
E01004356,Waltham Forest 001D,E02000895,Waltham Forest 001,E09000031,Waltham Forest,1605,301,279,285,424,316,777,164,148,132,186,147,828,137,131,153,238,169
E01004357,Waltham Forest 001E,E02000895,Waltham Forest 001,E09000031,Waltham Forest,1557,312,230,254,449,312,744,145,116,115,231,137,813,167,114,139,218,175
E01004358,Waltham Forest 002D,E02000896,Waltham Forest 002,E09000031,Waltham Forest,1814,316,258,409,491,340,836,152,132,187,239,126,978,164,126,222,252,214
E01004359,Waltham Forest 002E,E02000896,Waltham Forest 002,E09000031,Waltham Forest,1697,319,272,289,492,325,851,162,153,148,242,146,846,157,119,141,250,179
E01004360,Waltham Forest 004B,E02000898,Waltham Forest 004,E09000031,Waltham Forest,1348,243,186,218,364,337,696,144,120,112,169,151,652,99,66,106,195,186
E01004361,Waltham Forest 005A,E02000899,Waltham Forest 005,E09000031,Waltham Forest,1284,230,187,252,380,235,652,120,111,135,185,101,632,110,76,117,195,134
E01004362,Waltham Forest 021A,E02000915,Waltham Forest 021,E09000031,Waltham Forest,1691,336,301,480,388,186,916,181,155,264,214,102,775,155,146,216,174,84
E01004363,Waltham Forest 019A,E02000913,Waltham Forest 019,E09000031,Waltham Forest,1576,326,291,394,374,191,807,178,150,201,209,69,769,148,141,193,165,122
E01004364,Waltham Forest 019B,E02000913,Waltham Forest 019,E09000031,Waltham Forest,1994,493,400,476,443,182,1055,251,231,255,237,81,939,242,169,221,206,101
E01004365,Waltham Forest 020A,E02000914,Waltham Forest 020,E09000031,Waltham Forest,2335,498,565,679,457,136,1222,271,291,368,241,51,1113,227,274,311,216,85
E01004366,Waltham Forest 019C,E02000913,Waltham Forest 019,E09000031,Waltham Forest,2018,375,387,561,421,274,1069,198,226,314,207,124,949,177,161,247,214,150
E01004367,Waltham Forest 019D,E02000913,Waltham Forest 019,E09000031,Waltham Forest,1603,355,287,426,372,163,818,185,129,226,192,86,785,170,158,200,180,77
E01004368,Waltham Forest 019E,E02000913,Waltham Forest 019,E09000031,Waltham Forest,1979,383,377,632,376,211,1046,197,195,346,215,93,933,186,182,286,161,118
E01004369,Waltham Forest 023A,E02000917,Waltham Forest 023,E09000031,Waltham Forest,1858,431,360,703,262,102,950,234,184,354,132,46,908,197,176,349,130,56
E01004370,Waltham Forest 023B,E02000917,Waltham Forest 023,E09000031,Waltham Forest,2155,452,393,785,395,130,1106,229,201,423,194,59,1049,223,192,362,201,71
E01004371,Waltham Forest 025A,E02000919,Waltham Forest 025,E09000031,Waltham Forest,1758,300,345,565,366,182,954,176,214,320,160,84,804,124,131,245,206,98
E01004372,Waltham Forest 023C,E02000917,Waltham Forest 023,E09000031,Waltham Forest,2027,446,364,810,307,100,1074,216,160,477,169,52,953,230,204,333,138,48
E01004373,Waltham Forest 025B,E02000919,Waltham Forest 025,E09000031,Waltham Forest,1995,419,394,672,330,180,1090,236,185,392,191,86,905,183,209,280,139,94
E01004374,Waltham Forest 025C,E02000919,Waltham Forest 025,E09000031,Waltham Forest,2075,415,387,700,360,213,1044,166,199,406,183,90,1031,249,188,294,177,123
E01004375,Waltham Forest 025D,E02000919,Waltham Forest 025,E09000031,Waltham Forest,1979,368,394,682,378,157,982,168,180,351,211,72,997,200,214,331,167,85
E01004376,Waltham Forest 025E,E02000919,Waltham Forest 025,E09000031,Waltham Forest,2200,343,557,755,356,189,1148,159,282,433,168,106,1052,184,275,322,188,83
E01004377,Waltham Forest 010C,E02000904,Waltham Forest 010,E09000031,Waltham Forest,1841,431,270,423,490,227,913,212,134,209,234,124,928,219,136,214,256,103
E01004378,Waltham Forest 010D,E02000904,Waltham Forest 010,E09000031,Waltham Forest,2020,426,366,531,481,216,1018,217,194,272,235,100,1002,209,172,259,246,116
E01004379,Waltham Forest 007A,E02000901,Waltham Forest 007,E09000031,Waltham Forest,1776,367,303,456,467,183,862,192,149,226,209,86,914,175,154,230,258,97
E01004380,Waltham Forest 007B,E02000901,Waltham Forest 007,E09000031,Waltham Forest,1601,358,244,319,446,234,772,186,138,130,216,102,829,172,106,189,230,132
E01004381,Waltham Forest 007C,E02000901,Waltham Forest 007,E09000031,Waltham Forest,2047,485,313,464,554,231,1049,255,165,246,259,124,998,230,148,218,295,107
E01004382,Waltham Forest 008C,E02000902,Waltham Forest 008,E09000031,Waltham Forest,1752,523,311,354,409,155,823,266,170,149,180,58,929,257,141,205,229,97
E01004383,Waltham Forest 007D,E02000901,Waltham Forest 007,E09000031,Waltham Forest,1677,369,257,365,444,242,843,192,148,172,218,113,834,177,109,193,226,129
E01004384,Waltham Forest 003A,E02000897,Waltham Forest 003,E09000031,Waltham Forest,2107,473,328,434,505,367,1007,249,168,220,256,114,1100,224,160,214,249,253
E01004385,Waltham Forest 003B,E02000897,Waltham Forest 003,E09000031,Waltham Forest,1434,322,228,316,340,228,666,165,109,138,160,94,768,157,119,178,180,134
E01004386,Waltham Forest 003C,E02000897,Waltham Forest 003,E09000031,Waltham Forest,1671,324,243,282,499,323,832,172,120,145,238,157,839,152,123,137,261,166
E01004387,Waltham Forest 007E,E02000901,Waltham Forest 007,E09000031,Waltham Forest,1431,251,220,216,456,288,688,123,106,114,213,132,743,128,114,102,243,156
E01004388,Waltham Forest 007F,E02000901,Waltham Forest 007,E09000031,Waltham Forest,1672,358,235,370,418,291,824,205,117,173,207,122,848,153,118,197,211,169
E01004389,Waltham Forest 003D,E02000897,Waltham Forest 003,E09000031,Waltham Forest,1778,394,226,412,427,319,871,202,138,195,194,142,907,192,88,217,233,177
E01004390,Waltham Forest 003E,E02000897,Waltham Forest 003,E09000031,Waltham Forest,1568,359,222,304,418,265,734,180,114,145,185,110,834,179,108,159,233,155
E01004391,Waltham Forest 014A,E02000908,Waltham Forest 014,E09000031,Waltham Forest,2075,435,342,667,459,172,1012,237,164,320,218,73,1063,198,178,347,241,99
E01004392,Waltham Forest 017A,E02000911,Waltham Forest 017,E09000031,Waltham Forest,2542,509,470,814,575,174,1309,275,224,422,308,80,1233,234,246,392,267,94
E01004393,Waltham Forest 014B,E02000908,Waltham Forest 014,E09000031,Waltham Forest,2161,339,714,521,379,208,1320,187,593,253,188,99,841,152,121,268,191,109
E01004394,Waltham Forest 017B,E02000911,Waltham Forest 017,E09000031,Waltham Forest,1894,384,315,568,443,184,958,205,153,318,201,81,936,179,162,250,242,103
E01004395,Waltham Forest 018A,E02000912,Waltham Forest 018,E09000031,Waltham Forest,1614,383,206,496,360,169,828,199,111,264,172,82,786,184,95,232,188,87
E01004396,Waltham Forest 012A,E02000906,Waltham Forest 012,E09000031,Waltham Forest,1912,503,280,562,378,189,991,273,138,305,207,68,921,230,142,257,171,121
E01004397,Waltham Forest 017C,E02000911,Waltham Forest 017,E09000031,Waltham Forest,2706,523,471,954,553,205,1365,265,231,496,280,93,1341,258,240,458,273,112
E01004398,Waltham Forest 009A,E02000903,Waltham Forest 009,E09000031,Waltham Forest,1998,460,389,433,512,204,971,234,209,198,219,111,1027,226,180,235,293,93
E01004399,Waltham Forest 009B,E02000903,Waltham Forest 009,E09000031,Waltham Forest,1805,501,352,368,422,162,838,255,184,155,187,57,967,246,168,213,235,105
E01004400,Waltham Forest 009C,E02000903,Waltham Forest 009,E09000031,Waltham Forest,1839,452,302,485,439,161,926,231,158,252,214,71,913,221,144,233,225,90
E01004401,Waltham Forest 014C,E02000908,Waltham Forest 014,E09000031,Waltham Forest,2436,559,440,771,511,155,1285,315,260,370,269,71,1151,244,180,401,242,84
E01004402,Waltham Forest 009D,E02000903,Waltham Forest 009,E09000031,Waltham Forest,1874,447,283,454,474,216,950,234,143,240,240,93,924,213,140,214,234,123
E01004403,Waltham Forest 009E,E02000903,Waltham Forest 009,E09000031,Waltham Forest,2394,670,392,674,513,145,1192,355,205,336,235,61,1202,315,187,338,278,84
E01004404,Waltham Forest 014D,E02000908,Waltham Forest 014,E09000031,Waltham Forest,3296,937,527,1063,641,128,1638,438,246,530,362,62,1658,499,281,533,279,66
E01004405,Waltham Forest 020B,E02000914,Waltham Forest 020,E09000031,Waltham Forest,1722,397,297,519,355,154,864,202,155,270,163,74,858,195,142,249,192,80
E01004406,Waltham Forest 016A,E02000910,Waltham Forest 016,E09000031,Waltham Forest,1908,392,303,690,400,123,970,201,167,342,208,52,938,191,136,348,192,71
E01004407,Waltham Forest 013A,E02000907,Waltham Forest 013,E09000031,Waltham Forest,2319,646,641,556,344,132,1200,344,329,306,163,58,1119,302,312,250,181,74
E01004408,Waltham Forest 016B,E02000910,Waltham Forest 016,E09000031,Waltham Forest,1613,338,273,485,379,138,813,179,126,236,201,71,800,159,147,249,178,67
E01004409,Waltham Forest 016C,E02000910,Waltham Forest 016,E09000031,Waltham Forest,1688,309,273,546,348,212,857,159,124,297,195,82,831,150,149,249,153,130
E01004410,Waltham Forest 013B,E02000907,Waltham Forest 013,E09000031,Waltham Forest,1923,420,261,562,417,263,910,237,105,258,201,109,1013,183,156,304,216,154
E01004411,Waltham Forest 016D,E02000910,Waltham Forest 016,E09000031,Waltham Forest,1806,296,395,598,382,135,904,132,189,315,215,53,902,164,206,283,167,82
E01004412,Waltham Forest 015A,E02000909,Waltham Forest 015,E09000031,Waltham Forest,1748,323,278,542,436,169,849,143,132,278,228,68,899,180,146,264,208,101
E01004413,Waltham Forest 004C,E02000898,Waltham Forest 004,E09000031,Waltham Forest,1577,281,206,305,462,323,767,150,128,145,213,131,810,131,78,160,249,192
E01004414,Waltham Forest 005B,E02000899,Waltham Forest 005,E09000031,Waltham Forest,1788,390,271,364,468,295,849,210,126,173,226,114,939,180,145,191,242,181
E01004415,Waltham Forest 004D,E02000898,Waltham Forest 004,E09000031,Waltham Forest,1614,346,249,317,424,278,794,178,134,158,195,129,820,168,115,159,229,149
E01004416,Waltham Forest 004E,E02000898,Waltham Forest 004,E09000031,Waltham Forest,1708,399,232,305,493,279,867,218,118,140,259,132,841,181,114,165,234,147
E01004417,Waltham Forest 005C,E02000899,Waltham Forest 005,E09000031,Waltham Forest,1797,335,245,409,454,354,907,173,154,206,217,157,890,162,91,203,237,197
E01004418,Waltham Forest 008D,E02000902,Waltham Forest 008,E09000031,Waltham Forest,1735,388,263,357,436,291,842,207,132,164,195,144,893,181,131,193,241,147
E01004419,Waltham Forest 008E,E02000902,Waltham Forest 008,E09000031,Waltham Forest,2526,661,363,744,522,236,1275,373,155,381,258,108,1251,288,208,363,264,128
E01004420,Waltham Forest 020C,E02000914,Waltham Forest 020,E09000031,Waltham Forest,2163,413,430,572,570,178,1165,214,222,309,330,90,998,199,208,263,240,88
E01004421,Waltham Forest 018B,E02000912,Waltham Forest 018,E09000031,Waltham Forest,2291,529,394,502,477,389,1139,306,215,233,232,153,1152,223,179,269,245,236
E01004422,Waltham Forest 022A,E02000916,Waltham Forest 022,E09000031,Waltham Forest,1991,444,323,527,471,226,1028,224,161,288,245,110,963,220,162,239,226,116
E01004423,Waltham Forest 020D,E02000914,Waltham Forest 020,E09000031,Waltham Forest,2093,471,365,600,381,276,1087,264,187,337,185,114,1006,207,178,263,196,162
E01004424,Waltham Forest 022B,E02000916,Waltham Forest 022,E09000031,Waltham Forest,1941,439,384,529,429,160,996,231,174,297,218,76,945,208,210,232,211,84
E01004425,Waltham Forest 022C,E02000916,Waltham Forest 022,E09000031,Waltham Forest,2056,514,308,678,462,94,1034,275,146,347,225,41,1022,239,162,331,237,53
E01004426,Waltham Forest 022D,E02000916,Waltham Forest 022,E09000031,Waltham Forest,1790,373,325,483,400,209,920,201,174,254,218,73,870,172,151,229,182,136
E01004427,Waltham Forest 022E,E02000916,Waltham Forest 022,E09000031,Waltham Forest,2134,560,272,759,446,97,1131,303,140,398,237,53,1003,257,132,361,209,44
E01004428,Waltham Forest 026B,E02000920,Waltham Forest 026,E09000031,Waltham Forest,2035,544,393,430,533,135,964,260,200,209,229,66,1071,284,193,221,304,69
E01004429,Waltham Forest 026C,E02000920,Waltham Forest 026,E09000031,Waltham Forest,2002,441,381,635,404,141,1001,206,197,354,180,64,1001,235,184,281,224,77
E01004430,Waltham Forest 026D,E02000920,Waltham Forest 026,E09000031,Waltham Forest,2426,379,546,875,423,203,1279,224,286,479,207,83,1147,155,260,396,216,120
E01004432,Waltham Forest 023D,E02000917,Waltham Forest 023,E09000031,Waltham Forest,1937,468,294,621,378,176,969,235,128,355,168,83,968,233,166,266,210,93
E01004434,Waltham Forest 026E,E02000920,Waltham Forest 026,E09000031,Waltham Forest,2036,493,388,494,475,186,1066,269,202,260,259,76,970,224,186,234,216,110
E01004435,Waltham Forest 023E,E02000917,Waltham Forest 023,E09000031,Waltham Forest,2371,607,481,609,487,187,1140,282,231,318,220,89,1231,325,250,291,267,98
E01004436,Waltham Forest 021B,E02000915,Waltham Forest 021,E09000031,Waltham Forest,1933,341,383,613,395,201,992,181,162,362,182,105,941,160,221,251,213,96
E01004437,Waltham Forest 021C,E02000915,Waltham Forest 021,E09000031,Waltham Forest,2114,382,418,716,430,168,1147,211,188,427,235,86,967,171,230,289,195,82
E01004438,Waltham Forest 024C,E02000918,Waltham Forest 024,E09000031,Waltham Forest,2304,347,521,774,485,177,1269,170,289,456,263,91,1035,177,232,318,222,86
E01004439,Waltham Forest 021D,E02000915,Waltham Forest 021,E09000031,Waltham Forest,1741,355,372,485,351,178,860,188,183,235,181,73,881,167,189,250,170,105
E01004440,Waltham Forest 024D,E02000918,Waltham Forest 024,E09000031,Waltham Forest,2350,434,428,898,417,173,1191,236,187,486,204,78,1159,198,241,412,213,95
E01004441,Waltham Forest 024E,E02000918,Waltham Forest 024,E09000031,Waltham Forest,1716,298,244,590,390,194,897,139,122,354,196,86,819,159,122,236,194,108
E01004442,Waltham Forest 021E,E02000915,Waltham Forest 021,E09000031,Waltham Forest,1803,296,421,513,421,152,996,148,265,309,206,68,807,148,156,204,215,84
E01004443,Waltham Forest 016E,E02000910,Waltham Forest 016,E09000031,Waltham Forest,1907,444,366,553,360,184,930,220,170,271,182,87,977,224,196,282,178,97
E01004444,Waltham Forest 017D,E02000911,Waltham Forest 017,E09000031,Waltham Forest,2669,571,543,727,601,227,1316,305,258,374,266,113,1353,266,285,353,335,114
E01004445,Waltham Forest 018C,E02000912,Waltham Forest 018,E09000031,Waltham Forest,1733,353,323,507,381,169,880,169,165,256,219,71,853,184,158,251,162,98
E01004446,Waltham Forest 017E,E02000911,Waltham Forest 017,E09000031,Waltham Forest,2072,518,320,587,438,209,1047,255,174,293,224,101,1025,263,146,294,214,108
E01004447,Waltham Forest 016F,E02000910,Waltham Forest 016,E09000031,Waltham Forest,1863,389,299,548,462,165,965,202,165,260,255,83,898,187,134,288,207,82
E01004448,Waltham Forest 018D,E02000912,Waltham Forest 018,E09000031,Waltham Forest,1885,480,294,568,418,125,930,251,136,266,211,66,955,229,158,302,207,59
E01004449,Waltham Forest 018E,E02000912,Waltham Forest 018,E09000031,Waltham Forest,1866,482,360,382,417,225,919,259,190,187,190,93,947,223,170,195,227,132
E01004450,Waltham Forest 006A,E02000900,Waltham Forest 006,E09000031,Waltham Forest,1673,363,269,298,438,305,825,187,144,148,220,126,848,176,125,150,218,179
E01004451,Waltham Forest 005D,E02000899,Waltham Forest 005,E09000031,Waltham Forest,1886,377,310,363,521,315,906,178,166,184,249,129,980,199,144,179,272,186
E01004452,Waltham Forest 005E,E02000899,Waltham Forest 005,E09000031,Waltham Forest,1901,384,278,465,443,331,943,188,159,222,226,148,958,196,119,243,217,183
E01004453,Waltham Forest 006B,E02000900,Waltham Forest 006,E09000031,Waltham Forest,1760,413,312,402,417,216,886,242,162,195,204,83,874,171,150,207,213,133
E01004454,Waltham Forest 006C,E02000900,Waltham Forest 006,E09000031,Waltham Forest,1953,475,303,421,497,257,950,249,155,194,244,108,1003,226,148,227,253,149
E01004455,Waltham Forest 006D,E02000900,Waltham Forest 006,E09000031,Waltham Forest,1729,413,286,386,427,217,855,208,143,198,200,106,874,205,143,188,227,111
E01004456,Waltham Forest 006E,E02000900,Waltham Forest 006,E09000031,Waltham Forest,1656,382,350,264,432,228,749,203,172,104,182,88,907,179,178,160,250,140
E01004457,Waltham Forest 012B,E02000906,Waltham Forest 012,E09000031,Waltham Forest,1852,391,271,645,401,144,968,198,135,352,214,69,884,193,136,293,187,75
E01004458,Waltham Forest 012C,E02000906,Waltham Forest 012,E09000031,Waltham Forest,2041,471,302,601,471,196,993,231,161,285,239,77,1048,240,141,316,232,119
E01004459,Waltham Forest 012D,E02000906,Waltham Forest 012,E09000031,Waltham Forest,1669,484,315,320,418,132,767,228,173,121,197,48,902,256,142,199,221,84
E01004460,Waltham Forest 011D,E02000905,Waltham Forest 011,E09000031,Waltham Forest,1876,379,330,572,464,131,979,205,151,323,239,61,897,174,179,249,225,70
E01004461,Waltham Forest 014E,E02000908,Waltham Forest 014,E09000031,Waltham Forest,2829,543,634,876,519,257,1383,253,294,458,260,118,1446,290,340,418,259,139
E01004462,Waltham Forest 011E,E02000905,Waltham Forest 011,E09000031,Waltham Forest,2034,436,331,648,462,157,1012,230,168,324,213,77,1022,206,163,324,249,80
E01004463,Waltham Forest 012E,E02000906,Waltham Forest 012,E09000031,Waltham Forest,2066,472,294,730,453,117,1043,248,149,368,228,50,1023,224,145,362,225,67
E01004464,Waltham Forest 013C,E02000907,Waltham Forest 013,E09000031,Waltham Forest,1586,481,248,438,309,110,773,238,129,199,154,53,813,243,119,239,155,57
E01004465,Waltham Forest 015B,E02000909,Waltham Forest 015,E09000031,Waltham Forest,1550,382,208,424,370,166,778,212,96,210,197,63,772,170,112,214,173,103
E01004466,Waltham Forest 015C,E02000909,Waltham Forest 015,E09000031,Waltham Forest,1634,366,228,483,393,164,775,175,106,235,180,79,859,191,122,248,213,85
E01004467,Waltham Forest 015D,E02000909,Waltham Forest 015,E09000031,Waltham Forest,2397,625,395,703,484,190,1177,304,181,358,246,88,1220,321,214,345,238,102
E01004468,Waltham Forest 015E,E02000909,Waltham Forest 015,E09000031,Waltham Forest,1698,357,215,465,445,216,841,180,117,227,223,94,857,177,98,238,222,122
E01004469,Waltham Forest 013D,E02000907,Waltham Forest 013,E09000031,Waltham Forest,1775,458,320,453,388,156,874,240,156,227,185,66,901,218,164,226,203,90
E01004470,Waltham Forest 013E,E02000907,Waltham Forest 013,E09000031,Waltham Forest,1477,328,230,438,330,151,729,173,95,218,168,75,748,155,135,220,162,76
E01004471,Waltham Forest 013F,E02000907,Waltham Forest 013,E09000031,Waltham Forest,1865,488,297,478,426,176,866,206,146,237,196,81,999,282,151,241,230,95
E01004472,Wandsworth 021A,E02000943,Wandsworth 021,E09000032,Wandsworth,1852,278,445,618,352,159,897,156,193,320,173,55,955,122,252,298,179,104
E01004473,Wandsworth 026A,E02000948,Wandsworth 026,E09000032,Wandsworth,1815,284,439,651,272,169,838,163,158,319,125,73,977,121,281,332,147,96
E01004474,Wandsworth 021B,E02000943,Wandsworth 021,E09000032,Wandsworth,1947,257,597,775,228,90,858,138,220,363,100,37,1089,119,377,412,128,53
E01004475,Wandsworth 026B,E02000948,Wandsworth 026,E09000032,Wandsworth,1487,245,365,492,251,134,712,138,160,239,111,64,775,107,205,253,140,70
E01004476,Wandsworth 021C,E02000943,Wandsworth 021,E09000032,Wandsworth,1978,203,635,702,297,141,978,113,269,394,145,57,1000,90,366,308,152,84
E01004477,Wandsworth 017A,E02000939,Wandsworth 017,E09000032,Wandsworth,1692,370,301,433,381,207,871,190,166,233,189,93,821,180,135,200,192,114
E01004478,Wandsworth 017B,E02000939,Wandsworth 017,E09000032,Wandsworth,1687,472,209,459,415,132,803,231,74,231,206,61,884,241,135,228,209,71
E01004479,Wandsworth 017C,E02000939,Wandsworth 017,E09000032,Wandsworth,1671,357,342,398,405,169,804,183,141,208,204,68,867,174,201,190,201,101
E01004480,Wandsworth 026C,E02000948,Wandsworth 026,E09000032,Wandsworth,1819,261,609,626,191,132,831,130,235,323,87,56,988,131,374,303,104,76
E01004481,Wandsworth 029A,E02000951,Wandsworth 029,E09000032,Wandsworth,1557,200,463,561,229,104,722,95,194,274,120,39,835,105,269,287,109,65
E01004482,Wandsworth 030A,E02000952,Wandsworth 030,E09000032,Wandsworth,1615,274,390,476,292,183,733,148,144,229,136,76,882,126,246,247,156,107
E01004483,Wandsworth 026D,E02000948,Wandsworth 026,E09000032,Wandsworth,2033,314,502,758,342,117,983,167,213,366,182,55,1050,147,289,392,160,62
E01004484,Wandsworth 026E,E02000948,Wandsworth 026,E09000032,Wandsworth,1421,182,451,432,231,125,649,110,179,196,92,72,772,72,272,236,139,53
E01004485,Wandsworth 030B,E02000952,Wandsworth 030,E09000032,Wandsworth,1597,246,422,425,316,188,725,117,176,211,150,71,872,129,246,214,166,117
E01004486,Wandsworth 026F,E02000948,Wandsworth 026,E09000032,Wandsworth,1316,184,373,400,225,134,630,85,159,207,106,73,686,99,214,193,119,61
E01004487,Wandsworth 030C,E02000952,Wandsworth 030,E09000032,Wandsworth,1480,211,345,456,337,131,692,109,155,221,158,49,788,102,190,235,179,82
E01004488,Wandsworth 029B,E02000951,Wandsworth 029,E09000032,Wandsworth,1409,299,309,333,361,107,659,144,133,152,174,56,750,155,176,181,187,51
E01004489,Wandsworth 030D,E02000952,Wandsworth 030,E09000032,Wandsworth,1398,336,253,332,360,117,664,176,91,164,181,52,734,160,162,168,179,65
E01004490,Wandsworth 031A,E02000953,Wandsworth 031,E09000032,Wandsworth,1567,384,240,553,246,144,707,185,97,259,108,58,860,199,143,294,138,86
E01004491,Wandsworth 031B,E02000953,Wandsworth 031,E09000032,Wandsworth,2980,426,1064,928,428,134,1347,229,433,427,207,51,1633,197,631,501,221,83
E01004492,Wandsworth 031C,E02000953,Wandsworth 031,E09000032,Wandsworth,1672,314,294,594,355,115,802,173,117,310,142,60,870,141,177,284,213,55
E01004493,Wandsworth 019A,E02000941,Wandsworth 019,E09000032,Wandsworth,1981,375,314,729,382,181,959,187,123,363,194,92,1022,188,191,366,188,89
E01004494,Wandsworth 018A,E02000940,Wandsworth 018,E09000032,Wandsworth,1706,299,337,612,290,168,781,154,158,274,131,64,925,145,179,338,159,104
E01004495,Wandsworth 024A,E02000946,Wandsworth 024,E09000032,Wandsworth,1480,250,339,482,272,137,684,111,162,241,117,53,796,139,177,241,155,84
E01004496,Wandsworth 024B,E02000946,Wandsworth 024,E09000032,Wandsworth,1964,244,479,833,284,124,933,135,193,419,138,48,1031,109,286,414,146,76
E01004497,Wandsworth 024C,E02000946,Wandsworth 024,E09000032,Wandsworth,1434,376,193,421,308,136,649,201,85,174,137,52,785,175,108,247,171,84
E01004498,Wandsworth 031D,E02000953,Wandsworth 031,E09000032,Wandsworth,1621,322,282,673,238,106,680,151,84,283,116,46,941,171,198,390,122,60
E01004499,Wandsworth 020A,E02000942,Wandsworth 020,E09000032,Wandsworth,1581,244,374,536,282,145,749,131,143,282,122,71,832,113,231,254,160,74
E01004500,Wandsworth 014A,E02000936,Wandsworth 014,E09000032,Wandsworth,1956,213,433,727,311,272,907,94,192,361,144,116,1049,119,241,366,167,156
E01004501,Wandsworth 014B,E02000936,Wandsworth 014,E09000032,Wandsworth,1553,230,298,486,345,194,713,110,133,225,165,80,840,120,165,261,180,114
E01004502,Wandsworth 020B,E02000942,Wandsworth 020,E09000032,Wandsworth,1717,336,290,475,433,183,823,180,120,248,199,76,894,156,170,227,234,107
E01004503,Wandsworth 014C,E02000936,Wandsworth 014,E09000032,Wandsworth,1703,231,316,589,371,196,811,126,124,295,194,72,892,105,192,294,177,124
E01004504,Wandsworth 020C,E02000942,Wandsworth 020,E09000032,Wandsworth,1517,358,243,376,369,171,740,190,114,196,173,67,777,168,129,180,196,104
E01004505,Wandsworth 014D,E02000936,Wandsworth 014,E09000032,Wandsworth,1731,228,289,546,385,283,864,129,135,272,204,124,867,99,154,274,181,159
E01004506,Wandsworth 011A,E02000933,Wandsworth 011,E09000032,Wandsworth,2135,294,452,784,362,243,1023,147,185,387,203,101,1112,147,267,397,159,142
E01004507,Wandsworth 014E,E02000936,Wandsworth 014,E09000032,Wandsworth,2325,331,549,848,392,205,1088,162,231,403,187,105,1237,169,318,445,205,100
E01004508,Wandsworth 012A,E02000934,Wandsworth 012,E09000032,Wandsworth,2449,240,702,945,373,189,1252,126,299,536,214,77,1197,114,403,409,159,112
E01004509,Wandsworth 010A,E02000932,Wandsworth 010,E09000032,Wandsworth,2549,291,684,1044,370,160,1261,123,323,557,177,81,1288,168,361,487,193,79
E01004510,Wandsworth 012B,E02000934,Wandsworth 012,E09000032,Wandsworth,2231,289,550,838,383,171,1103,132,259,451,181,80,1128,157,291,387,202,91
E01004511,Wandsworth 010B,E02000932,Wandsworth 010,E09000032,Wandsworth,1517,229,357,544,285,102,744,116,178,258,148,44,773,113,179,286,137,58
E01004512,Wandsworth 019B,E02000941,Wandsworth 019,E09000032,Wandsworth,1492,318,249,431,351,143,732,169,106,219,177,61,760,149,143,212,174,82
E01004513,Wandsworth 018B,E02000940,Wandsworth 018,E09000032,Wandsworth,1879,312,362,689,352,164,891,164,162,337,163,65,988,148,200,352,189,99
E01004514,Wandsworth 012C,E02000934,Wandsworth 012,E09000032,Wandsworth,1773,276,352,675,329,141,880,153,148,358,168,53,893,123,204,317,161,88
E01004515,Wandsworth 012D,E02000934,Wandsworth 012,E09000032,Wandsworth,1778,199,487,648,306,138,879,92,249,344,136,58,899,107,238,304,170,80
E01004516,Wandsworth 036A,E02000958,Wandsworth 036,E09000032,Wandsworth,1845,380,440,331,485,209,911,197,207,184,227,96,934,183,233,147,258,113
E01004517,Wandsworth 037A,E02000959,Wandsworth 037,E09000032,Wandsworth,2431,482,489,769,535,156,1189,220,243,371,272,83,1242,262,246,398,263,73
E01004518,Wandsworth 036B,E02000958,Wandsworth 036,E09000032,Wandsworth,1820,356,307,440,513,204,857,198,126,223,240,70,963,158,181,217,273,134
E01004519,Wandsworth 036C,E02000958,Wandsworth 036,E09000032,Wandsworth,1790,380,310,466,409,225,874,204,142,233,209,86,916,176,168,233,200,139
E01004520,Wandsworth 036D,E02000958,Wandsworth 036,E09000032,Wandsworth,1386,320,283,332,298,153,660,145,136,174,140,65,726,175,147,158,158,88
E01004521,Wandsworth 037B,E02000959,Wandsworth 037,E09000032,Wandsworth,2299,550,328,757,468,196,1154,274,162,394,229,95,1145,276,166,363,239,101
E01004522,Wandsworth 037C,E02000959,Wandsworth 037,E09000032,Wandsworth,1711,356,336,509,381,129,853,177,174,257,181,64,858,179,162,252,200,65
E01004523,Wandsworth 036E,E02000958,Wandsworth 036,E09000032,Wandsworth,1824,362,284,444,435,299,891,185,128,226,202,150,933,177,156,218,233,149
E01004524,Wandsworth 037D,E02000959,Wandsworth 037,E09000032,Wandsworth,1933,457,287,527,423,239,875,232,131,219,196,97,1058,225,156,308,227,142
E01004525,Wandsworth 035A,E02000957,Wandsworth 035,E09000032,Wandsworth,1940,329,559,635,294,123,937,170,196,351,158,62,1003,159,363,284,136,61
E01004526,Wandsworth 035B,E02000957,Wandsworth 035,E09000032,Wandsworth,1863,328,462,670,278,125,894,146,184,365,135,64,969,182,278,305,143,61
E01004527,Wandsworth 035C,E02000957,Wandsworth 035,E09000032,Wandsworth,1564,250,385,485,264,180,719,119,148,255,118,79,845,131,237,230,146,101
E01004528,Wandsworth 035D,E02000957,Wandsworth 035,E09000032,Wandsworth,1699,348,272,520,382,177,818,169,119,263,187,80,881,179,153,257,195,97
E01004529,Wandsworth 035E,E02000957,Wandsworth 035,E09000032,Wandsworth,2232,455,390,843,378,166,1009,212,161,394,175,67,1223,243,229,449,203,99
E01004530,Wandsworth 035F,E02000957,Wandsworth 035,E09000032,Wandsworth,1867,295,383,593,399,197,937,159,165,314,211,88,930,136,218,279,188,109
E01004531,Wandsworth 033A,E02000955,Wandsworth 033,E09000032,Wandsworth,1723,400,347,478,312,186,764,184,141,221,148,70,959,216,206,257,164,116
E01004532,Wandsworth 032A,E02000954,Wandsworth 032,E09000032,Wandsworth,1450,256,291,504,265,134,638,123,116,244,100,55,812,133,175,260,165,79
E01004533,Wandsworth 033B,E02000955,Wandsworth 033,E09000032,Wandsworth,1307,285,250,392,241,139,595,128,109,184,113,61,712,157,141,208,128,78
E01004534,Wandsworth 008A,E02000930,Wandsworth 008,E09000032,Wandsworth,1883,303,555,572,301,152,874,158,235,278,147,56,1009,145,320,294,154,96
E01004535,Wandsworth 007A,E02000929,Wandsworth 007,E09000032,Wandsworth,1781,558,336,452,331,104,860,287,154,198,169,52,921,271,182,254,162,52
E01004536,Wandsworth 008B,E02000930,Wandsworth 008,E09000032,Wandsworth,2699,368,1090,796,344,101,1343,195,546,374,186,42,1356,173,544,422,158,59
E01004537,Wandsworth 007B,E02000929,Wandsworth 007,E09000032,Wandsworth,1905,352,460,513,411,169,830,168,182,219,169,92,1075,184,278,294,242,77
E01004538,Wandsworth 007C,E02000929,Wandsworth 007,E09000032,Wandsworth,2223,418,477,711,410,207,1072,217,237,335,187,96,1151,201,240,376,223,111
E01004539,Wandsworth 003A,E02000925,Wandsworth 003,E09000032,Wandsworth,2138,534,425,506,502,171,1039,295,212,210,256,66,1099,239,213,296,246,105
E01004540,Wandsworth 003B,E02000925,Wandsworth 003,E09000032,Wandsworth,2080,307,436,681,456,200,981,154,199,321,226,81,1099,153,237,360,230,119
E01004541,Wandsworth 007D,E02000929,Wandsworth 007,E09000032,Wandsworth,1599,248,341,413,323,274,726,137,133,183,155,118,873,111,208,230,168,156
E01004542,Wandsworth 021D,E02000943,Wandsworth 021,E09000032,Wandsworth,1646,382,288,447,336,193,761,182,131,210,161,77,885,200,157,237,175,116
E01004543,Wandsworth 027A,E02000949,Wandsworth 027,E09000032,Wandsworth,1694,313,398,431,414,138,776,150,184,206,176,60,918,163,214,225,238,78
E01004544,Wandsworth 021E,E02000943,Wandsworth 021,E09000032,Wandsworth,1478,324,278,438,290,148,680,165,112,207,137,59,798,159,166,231,153,89
E01004545,Wandsworth 027B,E02000949,Wandsworth 027,E09000032,Wandsworth,1731,161,514,673,245,138,760,93,197,310,107,53,971,68,317,363,138,85
E01004546,Wandsworth 027C,E02000949,Wandsworth 027,E09000032,Wandsworth,1473,268,373,475,241,116,658,126,144,222,112,54,815,142,229,253,129,62
E01004547,Wandsworth 029C,E02000951,Wandsworth 029,E09000032,Wandsworth,1438,219,280,324,331,284,613,109,130,163,126,85,825,110,150,161,205,199
E01004548,Wandsworth 029D,E02000951,Wandsworth 029,E09000032,Wandsworth,1992,249,520,714,359,150,939,134,231,334,176,64,1053,115,289,380,183,86
E01004549,Wandsworth 027D,E02000949,Wandsworth 027,E09000032,Wandsworth,1657,302,300,491,362,202,799,150,129,255,177,88,858,152,171,236,185,114
E01004550,Wandsworth 017D,E02000939,Wandsworth 017,E09000032,Wandsworth,1525,336,250,372,272,295,700,176,85,179,124,136,825,160,165,193,148,159
E01004551,Wandsworth 012E,E02000934,Wandsworth 012,E09000032,Wandsworth,1788,129,567,721,268,103,941,53,267,421,135,65,847,76,300,300,133,38
E01004552,Wandsworth 008C,E02000930,Wandsworth 008,E09000032,Wandsworth,2338,237,801,954,240,106,1123,80,307,575,119,42,1215,157,494,379,121,64
E01004553,Wandsworth 015A,E02000937,Wandsworth 015,E09000032,Wandsworth,1896,318,377,703,374,124,981,175,153,388,208,57,915,143,224,315,166,67
E01004554,Wandsworth 009A,E02000931,Wandsworth 009,E09000032,Wandsworth,1813,391,315,623,355,129,923,210,129,330,183,71,890,181,186,293,172,58
E01004555,Wandsworth 017E,E02000939,Wandsworth 017,E09000032,Wandsworth,1799,500,267,473,426,133,901,279,111,231,211,69,898,221,156,242,215,64
E01004556,Wandsworth 009B,E02000931,Wandsworth 009,E09000032,Wandsworth,1905,555,275,538,397,140,964,283,123,291,202,65,941,272,152,247,195,75
E01004557,Wandsworth 015B,E02000937,Wandsworth 015,E09000032,Wandsworth,1765,427,257,560,378,143,875,222,111,294,190,58,890,205,146,266,188,85
E01004558,Wandsworth 015C,E02000937,Wandsworth 015,E09000032,Wandsworth,1959,506,304,578,442,129,940,257,113,280,229,61,1019,249,191,298,213,68
E01004559,Wandsworth 015D,E02000937,Wandsworth 015,E09000032,Wandsworth,1470,399,224,362,364,121,719,205,110,165,184,55,751,194,114,197,180,66
E01004560,Wandsworth 001A,E02000923,Wandsworth 001,E09000032,Wandsworth,2184,325,482,649,511,217,1052,148,223,321,270,90,1132,177,259,328,241,127
E01004562,Wandsworth 002B,E02000924,Wandsworth 002,E09000032,Wandsworth,2900,520,670,916,515,279,1388,236,298,469,248,137,1512,284,372,447,267,142
E01004563,Wandsworth 002C,E02000924,Wandsworth 002,E09000032,Wandsworth,2285,478,495,684,479,149,1113,250,209,350,232,72,1172,228,286,334,247,77
E01004564,Wandsworth 002D,E02000924,Wandsworth 002,E09000032,Wandsworth,1800,211,537,569,362,121,788,97,196,273,166,56,1012,114,341,296,196,65
E01004565,Wandsworth 005A,E02000927,Wandsworth 005,E09000032,Wandsworth,1704,222,509,549,289,135,781,112,182,272,151,64,923,110,327,277,138,71
E01004566,Wandsworth 001B,E02000923,Wandsworth 001,E09000032,Wandsworth,1739,230,402,516,376,215,805,117,178,236,184,90,934,113,224,280,192,125
E01004567,Wandsworth 002E,E02000924,Wandsworth 002,E09000032,Wandsworth,2477,576,509,799,442,151,1145,287,215,386,206,51,1332,289,294,413,236,100
E01004568,Wandsworth 013A,E02000935,Wandsworth 013,E09000032,Wandsworth,1821,350,808,283,274,106,799,170,276,134,163,56,1022,180,532,149,111,50
E01004569,Wandsworth 023A,E02000945,Wandsworth 023,E09000032,Wandsworth,2543,449,889,506,450,249,1147,220,352,277,209,89,1396,229,537,229,241,160
E01004570,Wandsworth 023B,E02000945,Wandsworth 023,E09000032,Wandsworth,1914,402,493,473,359,187,959,222,220,256,164,97,955,180,273,217,195,90
E01004571,Wandsworth 023C,E02000945,Wandsworth 023,E09000032,Wandsworth,2112,412,611,581,328,180,1058,210,261,327,167,93,1054,202,350,254,161,87
E01004572,Wandsworth 016A,E02000938,Wandsworth 016,E09000032,Wandsworth,1966,382,515,453,377,239,934,209,213,225,179,108,1032,173,302,228,198,131
E01004573,Wandsworth 023D,E02000945,Wandsworth 023,E09000032,Wandsworth,1766,343,337,469,426,191,875,180,176,227,208,84,891,163,161,242,218,107
E01004574,Wandsworth 013B,E02000935,Wandsworth 013,E09000032,Wandsworth,1910,617,430,412,340,111,861,295,187,164,164,51,1049,322,243,248,176,60
E01004575,Wandsworth 013C,E02000935,Wandsworth 013,E09000032,Wandsworth,1787,334,326,432,348,347,873,171,150,226,168,158,914,163,176,206,180,189
E01004576,Wandsworth 013D,E02000935,Wandsworth 013,E09000032,Wandsworth,1604,389,354,353,363,145,826,225,160,190,191,60,778,164,194,163,172,85
E01004577,Wandsworth 003C,E02000925,Wandsworth 003,E09000032,Wandsworth,2048,318,492,546,461,231,989,172,195,295,219,108,1059,146,297,251,242,123
E01004579,Wandsworth 004B,E02000926,Wandsworth 004,E09000032,Wandsworth,1740,280,321,470,460,209,850,137,172,239,215,87,890,143,149,231,245,122
E01004580,Wandsworth 004C,E02000926,Wandsworth 004,E09000032,Wandsworth,2161,331,637,644,370,179,1010,156,285,303,190,76,1151,175,352,341,180,103
E01004581,Wandsworth 004D,E02000926,Wandsworth 004,E09000032,Wandsworth,1904,216,487,559,366,276,896,90,222,280,179,125,1008,126,265,279,187,151
E01004582,Wandsworth 001C,E02000923,Wandsworth 001,E09000032,Wandsworth,2337,340,460,581,555,401,1186,191,216,294,305,180,1151,149,244,287,250,221
E01004583,Wandsworth 001D,E02000923,Wandsworth 001,E09000032,Wandsworth,1937,272,316,509,437,403,938,160,152,239,221,166,999,112,164,270,216,237
E01004584,Wandsworth 003D,E02000925,Wandsworth 003,E09000032,Wandsworth,1802,415,371,453,424,139,841,219,180,178,195,69,961,196,191,275,229,70
E01004585,Wandsworth 008D,E02000930,Wandsworth 008,E09000032,Wandsworth,2034,212,631,683,352,156,969,100,267,373,172,57,1065,112,364,310,180,99
E01004586,Wandsworth 009C,E02000931,Wandsworth 009,E09000032,Wandsworth,2053,251,592,815,306,89,983,119,239,450,140,35,1070,132,353,365,166,54
E01004587,Wandsworth 009D,E02000931,Wandsworth 009,E09000032,Wandsworth,2004,370,453,676,373,132,999,195,208,359,177,60,1005,175,245,317,196,72
E01004588,Wandsworth 008E,E02000930,Wandsworth 008,E09000032,Wandsworth,2021,259,593,743,304,122,1014,137,255,417,154,51,1007,122,338,326,150,71
E01004589,Wandsworth 009E,E02000931,Wandsworth 009,E09000032,Wandsworth,1918,300,486,701,314,117,1018,173,241,389,165,50,900,127,245,312,149,67
E01004590,Wandsworth 005B,E02000927,Wandsworth 005,E09000032,Wandsworth,1928,325,381,505,449,268,931,168,176,236,235,116,997,157,205,269,214,152
E01004591,Wandsworth 005C,E02000927,Wandsworth 005,E09000032,Wandsworth,1962,224,570,667,336,165,967,103,247,376,167,74,995,121,323,291,169,91
E01004592,Wandsworth 005D,E02000927,Wandsworth 005,E09000032,Wandsworth,1725,246,335,550,366,228,796,124,123,296,170,83,929,122,212,254,196,145
E01004593,Wandsworth 025A,E02000947,Wandsworth 025,E09000032,Wandsworth,1834,361,311,644,333,185,829,162,119,311,160,77,1005,199,192,333,173,108
E01004594,Wandsworth 020D,E02000942,Wandsworth 020,E09000032,Wandsworth,1603,369,245,399,395,195,750,178,118,173,198,83,853,191,127,226,197,112
E01004595,Wandsworth 025B,E02000947,Wandsworth 025,E09000032,Wandsworth,1804,375,291,618,350,170,833,199,130,272,157,75,971,176,161,346,193,95
E01004596,Wandsworth 020E,E02000942,Wandsworth 020,E09000032,Wandsworth,1608,374,205,465,387,177,759,196,99,208,176,80,849,178,106,257,211,97
E01004597,Wandsworth 025C,E02000947,Wandsworth 025,E09000032,Wandsworth,1838,478,210,562,421,167,843,244,82,256,195,66,995,234,128,306,226,101
E01004598,Wandsworth 025D,E02000947,Wandsworth 025,E09000032,Wandsworth,1971,406,282,879,297,107,950,218,121,412,143,56,1021,188,161,467,154,51
E01004599,Wandsworth 025E,E02000947,Wandsworth 025,E09000032,Wandsworth,1640,464,148,467,378,183,749,216,65,219,176,73,891,248,83,248,202,110
E01004600,Wandsworth 018C,E02000940,Wandsworth 018,E09000032,Wandsworth,2636,514,546,986,431,159,1259,277,252,430,223,77,1377,237,294,556,208,82
E01004601,Wandsworth 018D,E02000940,Wandsworth 018,E09000032,Wandsworth,2362,416,432,890,417,207,1175,226,199,473,186,91,1187,190,233,417,231,116
E01004602,Wandsworth 010C,E02000932,Wandsworth 010,E09000032,Wandsworth,1684,300,376,538,321,149,760,133,145,247,168,67,924,167,231,291,153,82
E01004604,Wandsworth 006A,E02000928,Wandsworth 006,E09000032,Wandsworth,1626,361,258,326,460,221,764,167,111,154,220,112,862,194,147,172,240,109
E01004605,Wandsworth 006B,E02000928,Wandsworth 006,E09000032,Wandsworth,1772,335,253,463,417,304,814,155,120,229,179,131,958,180,133,234,238,173
E01004606,Wandsworth 006C,E02000928,Wandsworth 006,E09000032,Wandsworth,1675,318,299,591,315,152,810,173,152,258,156,71,865,145,147,333,159,81
E01004607,Wandsworth 006D,E02000928,Wandsworth 006,E09000032,Wandsworth,1799,379,295,495,415,215,826,166,142,230,197,91,973,213,153,265,218,124
E01004608,Wandsworth 006E,E02000928,Wandsworth 006,E09000032,Wandsworth,1716,240,356,539,365,216,817,134,152,260,175,96,899,106,204,279,190,120
E01004609,Wandsworth 010E,E02000932,Wandsworth 010,E09000032,Wandsworth,2056,274,575,675,353,179,956,134,235,334,181,72,1100,140,340,341,172,107
E01004610,Wandsworth 033C,E02000955,Wandsworth 033,E09000032,Wandsworth,1953,283,551,516,365,238,993,161,260,266,185,121,960,122,291,250,180,117
E01004611,Wandsworth 032B,E02000954,Wandsworth 032,E09000032,Wandsworth,1583,291,343,474,274,201,735,158,123,227,128,99,848,133,220,247,146,102
E01004612,Wandsworth 032C,E02000954,Wandsworth 032,E09000032,Wandsworth,1667,306,400,465,301,195,761,160,169,210,142,80,906,146,231,255,159,115
E01004613,Wandsworth 033D,E02000955,Wandsworth 033,E09000032,Wandsworth,1522,281,367,408,290,176,688,130,156,182,133,87,834,151,211,226,157,89
E01004614,Wandsworth 034A,E02000956,Wandsworth 034,E09000032,Wandsworth,2243,363,622,693,389,176,960,198,194,305,180,83,1283,165,428,388,209,93
E01004615,Wandsworth 034B,E02000956,Wandsworth 034,E09000032,Wandsworth,1800,444,336,493,369,158,865,244,139,233,179,70,935,200,197,260,190,88
E01004616,Wandsworth 034C,E02000956,Wandsworth 034,E09000032,Wandsworth,2258,307,807,712,288,144,1051,151,324,357,164,55,1207,156,483,355,124,89
E01004617,Wandsworth 034D,E02000956,Wandsworth 034,E09000032,Wandsworth,1992,265,707,581,299,140,928,135,289,294,147,63,1064,130,418,287,152,77
E01004618,Wandsworth 032D,E02000954,Wandsworth 032,E09000032,Wandsworth,1500,285,378,387,263,187,710,160,169,185,129,67,790,125,209,202,134,120
E01004619,Wandsworth 015E,E02000937,Wandsworth 015,E09000032,Wandsworth,1458,337,293,291,427,110,695,149,147,152,191,56,763,188,146,139,236,54
E01004620,Wandsworth 019C,E02000941,Wandsworth 019,E09000032,Wandsworth,1765,386,278,606,344,151,865,224,121,294,160,66,900,162,157,312,184,85
E01004621,Wandsworth 019D,E02000941,Wandsworth 019,E09000032,Wandsworth,1687,327,326,487,390,157,811,167,135,246,192,71,876,160,191,241,198,86
E01004622,Wandsworth 024D,E02000946,Wandsworth 024,E09000032,Wandsworth,2163,220,483,834,480,146,1556,102,358,642,366,88,607,118,125,192,114,58
E01004623,Wandsworth 019E,E02000941,Wandsworth 019,E09000032,Wandsworth,1799,404,315,583,355,142,834,207,124,290,169,44,965,197,191,293,186,98
E01004624,Wandsworth 024E,E02000946,Wandsworth 024,E09000032,Wandsworth,1533,307,276,471,330,149,690,141,135,219,130,65,843,166,141,252,200,84
E01004625,Wandsworth 027E,E02000949,Wandsworth 027,E09000032,Wandsworth,1422,352,174,239,419,238,691,202,76,116,190,107,731,150,98,123,229,131
E01004626,Wandsworth 027F,E02000949,Wandsworth 027,E09000032,Wandsworth,1925,375,335,565,480,170,943,198,150,282,251,62,982,177,185,283,229,108
E01004627,Wandsworth 019F,E02000941,Wandsworth 019,E09000032,Wandsworth,1721,408,268,525,374,146,821,204,115,256,193,53,900,204,153,269,181,93
E01004628,Wandsworth 022A,E02000944,Wandsworth 022,E09000032,Wandsworth,2340,397,367,861,497,218,1201,217,195,444,250,95,1139,180,172,417,247,123
E01004629,Wandsworth 020F,E02000942,Wandsworth 020,E09000032,Wandsworth,1593,302,272,357,416,246,777,165,117,191,194,110,816,137,155,166,222,136
E01004630,Wandsworth 022B,E02000944,Wandsworth 022,E09000032,Wandsworth,1807,439,323,510,380,155,812,217,146,218,168,63,995,222,177,292,212,92
E01004631,Wandsworth 022C,E02000944,Wandsworth 022,E09000032,Wandsworth,1625,350,288,466,337,184,757,178,137,217,159,66,868,172,151,249,178,118
E01004632,Wandsworth 028A,E02000950,Wandsworth 028,E09000032,Wandsworth,1506,308,297,389,358,154,673,153,133,179,161,47,833,155,164,210,197,107
E01004633,Wandsworth 022D,E02000944,Wandsworth 022,E09000032,Wandsworth,1545,343,351,364,336,151,725,188,151,163,152,71,820,155,200,201,184,80
E01004634,Wandsworth 028B,E02000950,Wandsworth 028,E09000032,Wandsworth,1447,253,240,485,282,187,671,138,99,232,127,75,776,115,141,253,155,112
E01004635,Wandsworth 028C,E02000950,Wandsworth 028,E09000032,Wandsworth,1557,329,251,456,338,183,734,168,108,217,170,71,823,161,143,239,168,112
E01004636,Wandsworth 028D,E02000950,Wandsworth 028,E09000032,Wandsworth,1585,315,263,467,382,158,764,167,121,214,199,63,821,148,142,253,183,95
E01004637,Wandsworth 028E,E02000950,Wandsworth 028,E09000032,Wandsworth,1477,306,245,424,315,187,721,168,123,192,153,85,756,138,122,232,162,102
E01004638,Wandsworth 011B,E02000933,Wandsworth 011,E09000032,Wandsworth,1482,291,224,250,462,255,709,131,114,120,230,114,773,160,110,130,232,141
E01004639,Wandsworth 011C,E02000933,Wandsworth 011,E09000032,Wandsworth,1725,285,361,509,330,240,846,155,166,258,163,104,879,130,195,251,167,136
E01004640,Wandsworth 011D,E02000933,Wandsworth 011,E09000032,Wandsworth,1734,273,327,506,384,244,816,140,150,247,177,102,918,133,177,259,207,142
E01004641,Wandsworth 011E,E02000933,Wandsworth 011,E09000032,Wandsworth,1930,340,284,477,502,327,932,174,134,214,246,164,998,166,150,263,256,163
E01004642,Wandsworth 016B,E02000938,Wandsworth 016,E09000032,Wandsworth,2272,498,450,583,468,273,1047,267,189,281,226,84,1225,231,261,302,242,189
E01004643,Wandsworth 016C,E02000938,Wandsworth 016,E09000032,Wandsworth,2415,505,416,724,519,251,1134,265,198,322,241,108,1281,240,218,402,278,143
E01004644,Wandsworth 016D,E02000938,Wandsworth 016,E09000032,Wandsworth,2487,470,344,764,560,349,1205,248,181,391,251,134,1282,222,163,373,309,215
E01004645,Wandsworth 016E,E02000938,Wandsworth 016,E09000032,Wandsworth,2152,448,395,539,449,321,1042,242,177,263,226,134,1110,206,218,276,223,187
E01004646,Westminster 002A,E02000961,Westminster 002,E09000033,Westminster,2135,588,290,397,612,248,1107,344,133,201,299,130,1028,244,157,196,313,118
E01004647,Westminster 001A,E02000960,Westminster 001,E09000033,Westminster,2033,425,264,472,515,357,989,230,131,240,240,148,1044,195,133,232,275,209
E01004648,Westminster 002B,E02000961,Westminster 002,E09000033,Westminster,2880,580,472,855,633,340,1443,277,229,480,311,146,1437,303,243,375,322,194
E01004649,Westminster 001B,E02000960,Westminster 001,E09000033,Westminster,2341,575,395,569,457,345,1182,286,232,276,229,159,1159,289,163,293,228,186
E01004650,Westminster 002C,E02000961,Westminster 002,E09000033,Westminster,2767,635,426,729,637,340,1411,334,225,352,351,149,1356,301,201,377,286,191
E01004651,Westminster 003A,E02000962,Westminster 003,E09000033,Westminster,2788,586,400,966,478,358,1409,294,199,503,253,160,1379,292,201,463,225,198
E01004652,Westminster 017A,E02000976,Westminster 017,E09000033,Westminster,2104,279,537,799,277,212,1041,160,245,440,119,77,1063,119,292,359,158,135
E01004653,Westminster 014A,E02000973,Westminster 014,E09000033,Westminster,2093,421,286,576,506,304,1011,195,161,298,214,143,1082,226,125,278,292,161
E01004654,Westminster 014B,E02000973,Westminster 014,E09000033,Westminster,2825,451,471,1001,607,295,1481,229,224,576,304,148,1344,222,247,425,303,147
E01004656,Westminster 014D,E02000973,Westminster 014,E09000033,Westminster,2439,376,427,795,574,267,1287,190,211,450,315,121,1152,186,216,345,259,146
E01004657,Westminster 012A,E02000971,Westminster 012,E09000033,Westminster,1728,242,259,564,407,256,961,129,150,360,185,137,767,113,109,204,222,119
E01004658,Westminster 012B,E02000971,Westminster 012,E09000033,Westminster,1809,197,724,463,257,168,956,103,358,260,155,80,853,94,366,203,102,88
E01004659,Westminster 008A,E02000967,Westminster 008,E09000033,Westminster,2228,219,717,676,380,236,1074,99,355,342,184,94,1154,120,362,334,196,142
E01004660,Westminster 008B,E02000967,Westminster 008,E09000033,Westminster,2451,458,613,607,480,293,1240,204,325,301,254,156,1211,254,288,306,226,137
E01004661,Westminster 012C,E02000971,Westminster 012,E09000033,Westminster,2476,360,594,750,546,226,1437,219,335,428,340,115,1039,141,259,322,206,111
E01004662,Westminster 012D,E02000971,Westminster 012,E09000033,Westminster,2189,265,612,618,460,234,1178,137,325,342,260,114,1011,128,287,276,200,120
E01004663,Westminster 012E,E02000971,Westminster 012,E09000033,Westminster,1790,294,280,438,459,319,915,141,154,214,250,156,875,153,126,224,209,163
E01004665,Westminster 024A,E02000983,Westminster 024,E09000033,Westminster,1743,412,352,339,399,241,841,206,186,172,184,93,902,206,166,167,215,148
E01004666,Westminster 023B,E02000982,Westminster 023,E09000033,Westminster,1194,187,169,244,344,250,573,90,91,113,166,113,621,97,78,131,178,137
E01004667,Westminster 023C,E02000982,Westminster 023,E09000033,Westminster,1721,333,234,491,411,252,903,188,110,274,223,108,818,145,124,217,188,144
E01004668,Westminster 023D,E02000982,Westminster 023,E09000033,Westminster,1634,358,328,321,347,280,771,161,157,163,173,117,863,197,171,158,174,163
E01004669,Westminster 024B,E02000983,Westminster 024,E09000033,Westminster,1820,313,384,436,458,229,913,149,213,240,207,104,907,164,171,196,251,125
E01004670,Westminster 009A,E02000968,Westminster 009,E09000033,Westminster,2927,769,551,495,637,475,1411,404,278,248,295,186,1516,365,273,247,342,289
E01004674,Westminster 005A,E02000964,Westminster 005,E09000033,Westminster,2238,528,409,479,533,289,1089,255,212,263,239,120,1149,273,197,216,294,169
E01004675,Westminster 005B,E02000964,Westminster 005,E09000033,Westminster,2496,487,465,674,555,315,1240,269,217,338,265,151,1256,218,248,336,290,164
E01004676,Westminster 006A,E02000965,Westminster 006,E09000033,Westminster,1832,384,339,546,407,156,943,215,170,308,192,58,889,169,169,238,215,98
E01004677,Westminster 005C,E02000964,Westminster 005,E09000033,Westminster,1956,327,331,614,442,242,993,147,167,336,227,116,963,180,164,278,215,126
E01004678,Westminster 005D,E02000964,Westminster 005,E09000033,Westminster,2070,434,393,603,463,177,1055,231,218,320,209,77,1015,203,175,283,254,100
E01004679,Westminster 005E,E02000964,Westminster 005,E09000033,Westminster,2371,498,407,634,623,209,1151,267,180,325,286,93,1220,231,227,309,337,116
E01004680,Westminster 015A,E02000974,Westminster 015,E09000033,Westminster,1509,234,230,367,365,313,755,114,133,188,191,129,754,120,97,179,174,184
E01004681,Westminster 016A,E02000975,Westminster 016,E09000033,Westminster,2399,308,623,833,420,215,1282,141,330,467,228,116,1117,167,293,366,192,99
E01004682,Westminster 016B,E02000975,Westminster 016,E09000033,Westminster,2138,168,878,622,302,168,1196,97,452,402,178,67,942,71,426,220,124,101
E01004683,Westminster 015B,E02000974,Westminster 015,E09000033,Westminster,1801,262,328,462,471,278,925,117,163,251,235,159,876,145,165,211,236,119
E01004684,Westminster 015C,E02000974,Westminster 015,E09000033,Westminster,1946,287,732,429,272,226,1107,152,428,275,135,117,839,135,304,154,137,109
E01004686,Westminster 015E,E02000974,Westminster 015,E09000033,Westminster,1609,222,285,538,340,224,944,133,144,333,200,134,665,89,141,205,140,90
E01004687,Westminster 019A,E02000978,Westminster 019,E09000033,Westminster,1820,249,201,384,658,328,929,152,112,209,293,163,891,97,89,175,365,165
E01004688,Westminster 019B,E02000978,Westminster 019,E09000033,Westminster,2945,157,1958,356,272,202,1738,94,1161,240,138,105,1207,63,797,116,134,97
E01004689,Westminster 019C,E02000978,Westminster 019,E09000033,Westminster,1724,285,462,383,406,188,1080,176,371,205,223,105,644,109,91,178,183,83
E01004690,Westminster 019D,E02000978,Westminster 019,E09000033,Westminster,1828,354,274,401,548,251,920,194,148,207,244,127,908,160,126,194,304,124
E01004691,Westminster 019E,E02000978,Westminster 019,E09000033,Westminster,1764,233,304,448,508,271,961,95,168,293,284,121,803,138,136,155,224,150
E01004692,Westminster 019F,E02000978,Westminster 019,E09000033,Westminster,1665,255,224,469,411,306,876,140,119,268,183,166,789,115,105,201,228,140
E01004693,Westminster 017B,E02000976,Westminster 017,E09000033,Westminster,1709,294,342,496,364,213,898,146,202,251,186,113,811,148,140,245,178,100
E01004694,Westminster 016C,E02000975,Westminster 016,E09000033,Westminster,2176,289,444,841,419,183,1196,162,238,486,215,95,980,127,206,355,204,88
E01004695,Westminster 017C,E02000976,Westminster 017,E09000033,Westminster,1507,170,496,460,241,140,794,110,264,247,122,51,713,60,232,213,119,89
E01004696,Westminster 017D,E02000976,Westminster 017,E09000033,Westminster,1736,299,318,467,411,241,871,148,154,255,204,110,865,151,164,212,207,131
E01004697,Westminster 016D,E02000975,Westminster 016,E09000033,Westminster,1829,253,420,606,375,175,952,143,232,314,189,74,877,110,188,292,186,101
E01004698,Westminster 017E,E02000976,Westminster 017,E09000033,Westminster,1967,262,512,633,388,172,1063,131,283,362,191,96,904,131,229,271,197,76
E01004699,Westminster 017F,E02000976,Westminster 017,E09000033,Westminster,2506,316,574,945,485,186,1325,131,307,566,230,91,1181,185,267,379,255,95
E01004700,Westminster 016E,E02000975,Westminster 016,E09000033,Westminster,2137,368,436,695,441,197,1099,162,239,380,218,100,1038,206,197,315,223,97
E01004701,Westminster 007A,E02000966,Westminster 007,E09000033,Westminster,1890,399,199,601,444,247,928,215,104,301,200,108,962,184,95,300,244,139
E01004702,Westminster 009E,E02000968,Westminster 009,E09000033,Westminster,2854,640,667,580,626,341,1450,364,326,324,295,141,1404,276,341,256,331,200
E01004703,Westminster 007B,E02000966,Westminster 007,E09000033,Westminster,2715,572,378,673,742,350,1365,281,185,351,374,174,1350,291,193,322,368,176
E01004705,Westminster 007D,E02000966,Westminster 007,E09000033,Westminster,1829,364,287,568,389,221,993,204,159,316,196,118,836,160,128,252,193,103
E01004706,Westminster 006B,E02000965,Westminster 006,E09000033,Westminster,1736,336,303,651,293,153,845,134,144,349,142,76,891,202,159,302,151,77
E01004707,Westminster 006C,E02000965,Westminster 006,E09000033,Westminster,2200,451,419,648,493,189,1150,252,220,336,256,86,1050,199,199,312,237,103
E01004708,Westminster 006D,E02000965,Westminster 006,E09000033,Westminster,1734,258,309,578,400,189,879,134,153,311,217,64,855,124,156,267,183,125
E01004709,Westminster 007E,E02000966,Westminster 007,E09000033,Westminster,1848,354,339,531,425,199,923,178,176,284,205,80,925,176,163,247,220,119
E01004710,Westminster 002D,E02000961,Westminster 002,E09000033,Westminster,1580,363,288,355,355,219,782,197,155,159,174,97,798,166,133,196,181,122
E01004711,Westminster 002E,E02000961,Westminster 002,E09000033,Westminster,2112,516,373,574,424,225,1003,270,159,271,200,103,1109,246,214,303,224,122
E01004712,Westminster 008C,E02000967,Westminster 008,E09000033,Westminster,2167,272,655,576,406,258,1188,159,371,324,218,116,979,113,284,252,188,142
E01004713,Westminster 011A,E02000970,Westminster 011,E09000033,Westminster,2225,350,377,630,571,297,1196,191,182,359,296,168,1029,159,195,271,275,129
E01004714,Westminster 011B,E02000970,Westminster 011,E09000033,Westminster,2517,303,587,796,535,296,1329,160,294,435,295,145,1188,143,293,361,240,151
E01004715,Westminster 013A,E02000972,Westminster 013,E09000033,Westminster,2747,342,1130,584,442,249,1374,164,528,322,249,111,1373,178,602,262,193,138
E01004716,Westminster 011C,E02000970,Westminster 011,E09000033,Westminster,1934,337,369,558,423,247,987,146,189,340,195,117,947,191,180,218,228,130
E01004717,Westminster 011D,E02000970,Westminster 011,E09000033,Westminster,1889,195,501,581,374,238,1004,82,247,365,193,117,885,113,254,216,181,121
E01004718,Westminster 004A,E02000963,Westminster 004,E09000033,Westminster,2048,421,367,518,471,271,960,219,172,241,208,120,1088,202,195,277,263,151
E01004719,Westminster 004B,E02000963,Westminster 004,E09000033,Westminster,2102,507,321,491,540,243,1016,271,157,247,225,116,1086,236,164,244,315,127
E01004720,Westminster 004C,E02000963,Westminster 004,E09000033,Westminster,2160,500,375,472,504,309,1065,274,207,251,218,115,1095,226,168,221,286,194
E01004721,Westminster 004D,E02000963,Westminster 004,E09000033,Westminster,2242,546,325,558,506,307,1105,281,150,322,238,114,1137,265,175,236,268,193
E01004722,Westminster 004E,E02000963,Westminster 004,E09000033,Westminster,2558,625,563,528,616,226,1219,312,269,274,273,91,1339,313,294,254,343,135
E01004723,Westminster 005F,E02000964,Westminster 005,E09000033,Westminster,2529,523,504,753,557,192,1246,287,246,390,242,81,1283,236,258,363,315,111
E01004724,Westminster 001C,E02000960,Westminster 001,E09000033,Westminster,2144,364,367,619,488,306,1093,217,167,330,248,131,1051,147,200,289,240,175
E01004725,Westminster 003B,E02000962,Westminster 003,E09000033,Westminster,1710,312,377,411,393,217,843,169,171,217,185,101,867,143,206,194,208,116
E01004726,Westminster 003C,E02000962,Westminster 003,E09000033,Westminster,2245,439,318,604,524,360,1155,238,151,319,279,168,1090,201,167,285,245,192
E01004727,Westminster 008D,E02000967,Westminster 008,E09000033,Westminster,3660,584,980,970,737,389,1829,280,531,497,354,167,1831,304,449,473,383,222
E01004728,Westminster 003D,E02000962,Westminster 003,E09000033,Westminster,1963,327,348,489,438,361,977,179,164,251,222,161,986,148,184,238,216,200
E01004729,Westminster 003E,E02000962,Westminster 003,E09000033,Westminster,2007,327,314,424,461,481,997,137,148,248,242,222,1010,190,166,176,219,259
E01004730,Westminster 001D,E02000960,Westminster 001,E09000033,Westminster,2198,430,346,570,449,403,1044,195,184,279,219,167,1154,235,162,291,230,236
E01004731,Westminster 020A,E02000979,Westminster 020,E09000033,Westminster,2459,240,648,722,599,250,1399,139,344,433,340,143,1060,101,304,289,259,107
E01004732,Westminster 020B,E02000979,Westminster 020,E09000033,Westminster,1715,260,237,417,534,267,928,119,108,278,299,124,787,141,129,139,235,143
E01004733,Westminster 020C,E02000979,Westminster 020,E09000033,Westminster,3076,366,713,753,808,436,1798,198,424,462,469,245,1278,168,289,291,339,191
E01004734,Westminster 018A,E02000977,Westminster 018,E09000033,Westminster,1898,135,226,558,700,279,1082,75,107,370,408,122,816,60,119,188,292,157
E01004735,Westminster 018B,E02000977,Westminster 018,E09000033,Westminster,1369,168,59,333,551,258,778,89,18,197,343,131,591,79,41,136,208,127
E01004736,Westminster 018C,E02000977,Westminster 018,E09000033,Westminster,2018,180,476,488,546,328,1300,118,308,350,346,178,718,62,168,138,200,150
E01004737,Westminster 024C,E02000983,Westminster 024,E09000033,Westminster,1464,251,184,318,402,309,737,130,100,169,207,131,727,121,84,149,195,178
E01004738,Westminster 024D,E02000983,Westminster 024,E09000033,Westminster,1879,235,394,549,388,313,953,129,167,303,195,159,926,106,227,246,193,154
E01004739,Westminster 024E,E02000983,Westminster 024,E09000033,Westminster,1598,104,394,564,312,224,858,61,173,327,185,112,740,43,221,237,127,112
E01004740,Westminster 021A,E02000980,Westminster 021,E09000033,Westminster,1766,262,307,385,424,388,883,112,160,226,212,173,883,150,147,159,212,215
E01004741,Westminster 024F,E02000983,Westminster 024,E09000033,Westminster,1434,196,307,404,336,191,732,104,167,209,173,79,702,92,140,195,163,112
E01004742,Westminster 022A,E02000981,Westminster 022,E09000033,Westminster,1624,197,412,488,354,173,882,118,237,259,173,95,742,79,175,229,181,78
E01004743,Westminster 021B,E02000980,Westminster 021,E09000033,Westminster,1824,360,333,464,494,173,936,187,152,254,252,91,888,173,181,210,242,82
E01004744,Westminster 020D,E02000979,Westminster 020,E09000033,Westminster,1618,272,247,438,417,244,788,131,118,225,217,97,830,141,129,213,200,147
E01004745,Westminster 021C,E02000980,Westminster 021,E09000033,Westminster,3069,516,609,775,779,390,1605,292,341,402,383,187,1464,224,268,373,396,203
E01004746,Westminster 021D,E02000980,Westminster 021,E09000033,Westminster,1644,240,279,410,426,289,812,123,136,206,228,119,832,117,143,204,198,170
E01004747,Westminster 021E,E02000980,Westminster 021,E09000033,Westminster,2595,311,552,717,654,361,1363,170,259,440,328,166,1232,141,293,277,326,195
E01004748,Westminster 020E,E02000979,Westminster 020,E09000033,Westminster,1759,257,265,429,516,292,1093,170,158,283,317,165,666,87,107,146,199,127
E01004749,Westminster 022B,E02000981,Westminster 022,E09000033,Westminster,3107,499,836,834,658,280,1540,269,392,433,302,144,1567,230,444,401,356,136
E01004750,Westminster 023E,E02000982,Westminster 023,E09000033,Westminster,1738,188,315,440,419,376,965,98,176,278,245,168,773,90,139,162,174,208
E01004751,Westminster 022C,E02000981,Westminster 022,E09000033,Westminster,2021,240,488,561,466,266,1102,122,301,340,215,124,919,118,187,221,251,142
E01004752,Westminster 022D,E02000981,Westminster 022,E09000033,Westminster,1782,195,394,481,480,232,907,73,201,284,234,115,875,122,193,197,246,117
E01004753,Westminster 022E,E02000981,Westminster 022,E09000033,Westminster,1892,205,410,537,483,257,957,95,181,309,242,130,935,110,229,228,241,127
E01004754,Westminster 010A,E02000969,Westminster 010,E09000033,Westminster,1918,397,358,389,431,343,904,204,176,188,198,138,1014,193,182,201,233,205
E01004755,Westminster 010B,E02000969,Westminster 010,E09000033,Westminster,2750,605,452,794,680,219,1436,317,208,441,358,112,1314,288,244,353,322,107
E01004756,Westminster 006E,E02000965,Westminster 006,E09000033,Westminster,1921,376,382,703,353,107,969,187,202,379,147,54,952,189,180,324,206,53
E01004757,Westminster 010C,E02000969,Westminster 010,E09000033,Westminster,1839,436,397,417,415,174,863,228,201,198,177,59,976,208,196,219,238,115
E01004760,Westminster 014E,E02000973,Westminster 014,E09000033,Westminster,1769,353,260,515,420,221,823,166,124,240,196,97,946,187,136,275,224,124
E01004761,Westminster 018D,E02000977,Westminster 018,E09000033,Westminster,2243,256,253,757,587,390,1234,99,132,466,345,192,1009,157,121,291,242,198
E01004762,Westminster 011E,E02000970,Westminster 011,E09000033,Westminster,2776,360,548,709,755,404,1632,227,340,433,447,185,1144,133,208,276,308,219
E01004763,Westminster 013B,E02000972,Westminster 013,E09000033,Westminster,2931,207,910,1014,669,131,1789,117,514,652,423,83,1142,90,396,362,246,48
E01004765,Westminster 013D,E02000972,Westminster 013,E09000033,Westminster,2629,338,504,853,617,317,1471,135,275,542,358,161,1158,203,229,311,259,156
E01033568,Kingston upon Thames 004F,E02000601,Kingston upon Thames 004,E09000021,Kingston upon Thames,3483,773,819,1139,567,185,1752,338,430,587,300,97,1731,435,389,552,267,88
E01033569,Kingston upon Thames 004G,E02000601,Kingston upon Thames 004,E09000021,Kingston upon Thames,1906,360,454,547,404,141,985,193,228,270,229,65,921,167,226,277,175,76
E01033570,Richmond upon Thames 004G,E02000787,Richmond upon Thames 004,E09000027,Richmond upon Thames,2108,460,313,620,544,171,1102,227,169,293,327,86,1006,233,144,327,217,85
E01033571,Richmond upon Thames 004H,E02000787,Richmond upon Thames 004,E09000027,Richmond upon Thames,1534,339,186,326,432,251,712,146,91,152,215,108,822,193,95,174,217,143
E01032512,Westminster 010F,E02000969,Westminster 010,E09000033,Westminster,3042,803,560,700,711,268,1502,389,291,376,341,105,1540,414,269,324,370,163
E01032513,Westminster 010G,E02000969,Westminster 010,E09000033,Westminster,1385,307,263,345,283,187,706,169,136,192,133,76,679,138,127,153,150,111
E01032562,Bromley 040D,E02006782,Bromley 040,E09000006,Bromley,1661,443,260,348,424,186,768,218,130,153,192,75,893,225,130,195,232,111
E01032563,Bromley 040E,E02006782,Bromley 040,E09000006,Bromley,1507,273,183,243,358,450,682,118,93,103,184,184,825,155,90,140,174,266
E01032564,Lewisham 037E,E02006783,Lewisham 037,E09000023,Lewisham,1360,359,216,290,345,150,653,199,97,123,149,85,707,160,119,167,196,65
E01032565,Lewisham 038E,E02006784,Lewisham 038,E09000023,Lewisham,1647,403,237,378,405,224,843,226,132,204,190,91,804,177,105,174,215,133
E01032566,Bexley 029D,E02006785,Bexley 029,E09000004,Bexley,1853,336,317,429,466,305,910,166,165,226,215,138,943,170,152,203,251,167
E01032567,Greenwich 033D,E02006786,Greenwich 033,E09000011,Greenwich,1602,295,270,306,484,247,807,154,156,143,240,114,795,141,114,163,244,133
E01032568,Bromley 041E,E02006787,Bromley 041,E09000006,Bromley,1568,316,241,350,455,206,729,166,129,157,192,85,839,150,112,193,263,121
E01032569,Croydon 045E,E02006788,Croydon 045,E09000008,Croydon,1786,549,273,374,457,133,799,280,128,154,171,66,987,269,145,220,286,67
E01032570,Bromley 042D,E02006789,Bromley 042,E09000006,Bromley,1632,282,238,232,407,473,760,150,107,115,191,197,872,132,131,117,216,276
E01032572,Ealing 040D,E02006791,Ealing 040,E09000009,Ealing,1454,236,236,430,397,155,724,126,100,223,202,73,730,110,136,207,195,82
E01032573,Hounslow 029E,E02006792,Hounslow 029,E09000018,Hounslow,1735,261,335,526,371,242,874,134,173,285,182,100,861,127,162,241,189,142
E01032574,Enfield 037E,E02006793,Enfield 037,E09000010,Enfield,2304,666,439,474,499,226,1122,345,210,216,245,106,1182,321,229,258,254,120
E01032575,Haringey 037D,E02006794,Haringey 037,E09000014,Haringey,2054,535,348,462,530,179,987,259,169,229,259,71,1067,276,179,233,271,108
E01032576,Harrow 032E,E02006795,Harrow 032,E09000015,Harrow,1608,345,265,359,408,231,796,183,138,177,197,101,812,162,127,182,211,130
E01032577,Hillingdon 033E,E02006796,Hillingdon 033,E09000017,Hillingdon,1812,414,291,416,447,244,870,208,154,192,208,108,942,206,137,224,239,136
E01032579,Lewisham 039E,E02006798,Lewisham 039,E09000023,Lewisham,1886,319,504,553,444,66,940,167,203,299,236,35,946,152,301,254,208,31
E01032580,Barking and Dagenham 023F,E02006799,Barking and Dagenham 023,E09000002,Barking and Dagenham,1504,440,274,387,276,127,753,244,141,184,138,46,751,196,133,203,138,81
E01032581,Redbridge 034G,E02006800,Redbridge 034,E09000026,Redbridge,1999,466,445,480,471,137,1002,236,253,235,214,64,997,230,192,245,257,73
E01032582,Lambeth 036E,E02006801,Lambeth 036,E09000022,Lambeth,2028,263,514,628,429,194,1054,136,232,342,239,105,974,127,282,286,190,89
E01032583,Southwark 034D,E02006802,Southwark 034,E09000028,Southwark,1692,211,500,526,341,114,804,114,199,268,165,58,888,97,301,258,176,56
E01032584,Southwark 034E,E02006802,Southwark 034,E09000028,Southwark,1302,174,437,285,301,105,647,85,198,155,154,55,655,89,239,130,147,50
E01032623,Sutton 025E,E02006836,Sutton 025,E09000029,Sutton,1799,290,232,163,539,575,829,143,111,71,260,244,970,147,121,92,279,331
E01032637,Southwark 003F,E02000809,Southwark 003,E09000028,Southwark,1553,70,551,638,249,45,858,38,264,370,157,29,695,32,287,268,92,16
E01032638,Southwark 003G,E02000809,Southwark 003,E09000028,Southwark,1520,103,318,624,375,100,906,66,158,385,233,64,614,37,160,239,142,36
E01032639,Southwark 014F,E02000820,Southwark 014,E09000028,Southwark,2511,231,1056,769,307,148,1370,122,485,507,187,69,1141,109,571,262,120,79
E01032640,Southwark 003H,E02000809,Southwark 003,E09000028,Southwark,1541,110,341,618,391,81,921,59,202,380,233,47,620,51,139,238,158,34
E01032646,Southwark 003I,E02000809,Southwark 003,E09000028,Southwark,1721,199,522,636,289,75,990,107,303,379,159,42,731,92,219,257,130,33
E01032719,Southwark 014G,E02000820,Southwark 014,E09000028,Southwark,1908,282,509,617,378,122,1127,156,290,398,233,50,781,126,219,219,145,72
E01032720,Southwark 009F,E02000815,Southwark 009,E09000028,Southwark,1405,245,431,366,268,95,691,134,190,171,141,55,714,111,241,195,127,40
E01032722,Southwark 012F,E02000818,Southwark 012,E09000028,Southwark,2904,439,828,860,536,241,1399,232,393,410,255,109,1505,207,435,450,281,132
E01032739,City of London 001F,E02000001,City of London 001,E09000001,City of London,1375,187,424,408,293,63,838,90,219,286,201,42,537,97,205,122,92,21
E01032740,City of London 001G,E02000001,City of London 001,E09000001,City of London,1478,135,445,294,451,153,828,91,176,182,297,82,650,44,269,112,154,71
E01032741,Havering 013E,E02000476,Havering 013,E09000016,Havering,2057,347,529,800,272,109,1039,188,237,427,145,42,1018,159,292,373,127,67
E01032742,Havering 013F,E02000476,Havering 013,E09000016,Havering,1559,284,256,340,359,320,745,144,111,184,187,119,814,140,145,156,172,201
E01032743,Ealing 010F,E02000247,Ealing 010,E09000009,Ealing,2374,751,405,635,447,136,1129,378,189,289,197,76,1245,373,216,346,250,60
E01032744,Ealing 010G,E02000247,Ealing 010,E09000009,Ealing,1596,400,205,394,342,255,769,208,96,204,171,90,827,192,109,190,171,165
E01032764,Tower Hamlets 004E,E02000867,Tower Hamlets 004,E09000030,Tower Hamlets,2352,322,604,991,354,81,1225,192,266,520,207,40,1127,130,338,471,147,41
E01032765,Tower Hamlets 004F,E02000867,Tower Hamlets 004,E09000030,Tower Hamlets,1967,328,529,620,360,130,1008,161,284,329,180,54,959,167,245,291,180,76
E01032766,Tower Hamlets 021E,E02000884,Tower Hamlets 021,E09000030,Tower Hamlets,2674,488,935,822,364,65,1397,223,461,459,220,34,1277,265,474,363,144,31
E01032767,Tower Hamlets 021F,E02000884,Tower Hamlets 021,E09000030,Tower Hamlets,3084,142,1781,890,225,46,1658,81,912,519,130,16,1426,61,869,371,95,30
E01032768,Tower Hamlets 025E,E02000888,Tower Hamlets 025,E09000030,Tower Hamlets,1869,228,447,768,363,63,1102,114,264,450,233,41,767,114,183,318,130,22
E01032769,Tower Hamlets 025F,E02000888,Tower Hamlets 025,E09000030,Tower Hamlets,1564,231,363,538,349,83,847,125,192,287,212,31,717,106,171,251,137,52
E01032770,Tower Hamlets 032B,E02006853,Tower Hamlets 032,E09000030,Tower Hamlets,2193,329,692,807,282,83,1151,158,343,447,167,36,1042,171,349,360,115,47
E01032771,Tower Hamlets 033B,E02006854,Tower Hamlets 033,E09000030,Tower Hamlets,1758,294,401,665,339,59,996,170,202,420,184,20,762,124,199,245,155,39
E01032772,Tower Hamlets 032C,E02006853,Tower Hamlets 032,E09000030,Tower Hamlets,1529,206,408,593,244,78,877,108,226,375,138,30,652,98,182,218,106,48
E01032773,Tower Hamlets 032D,E02006853,Tower Hamlets 032,E09000030,Tower Hamlets,3607,444,910,1707,466,80,2237,245,491,1138,315,48,1370,199,419,569,151,32
E01032774,Tower Hamlets 032E,E02006853,Tower Hamlets 032,E09000030,Tower Hamlets,1639,438,325,560,240,76,817,233,142,284,124,34,822,205,183,276,116,42
E01032775,Tower Hamlets 031F,E02000894,Tower Hamlets 031,E09000030,Tower Hamlets,1400,268,252,572,225,83,773,125,125,341,130,52,627,143,127,231,95,31
E01032776,Tower Hamlets 028E,E02000891,Tower Hamlets 028,E09000030,Tower Hamlets,2825,440,919,1094,326,46,1556,198,544,608,174,32,1269,242,375,486,152,14
E01032777,Tower Hamlets 028F,E02000891,Tower Hamlets 028,E09000030,Tower Hamlets,1691,267,363,738,256,67,950,149,225,417,129,30,741,118,138,321,127,37
E01032778,Tower Hamlets 028G,E02000891,Tower Hamlets 028,E09000030,Tower Hamlets,2856,488,1100,897,296,75,1521,265,513,503,187,53,1335,223,587,394,109,22
E01032779,Tower Hamlets 028H,E02000891,Tower Hamlets 028,E09000030,Tower Hamlets,1958,308,529,800,256,65,1133,161,285,475,181,31,825,147,244,325,75,34
E01032780,Tower Hamlets 028I,E02000891,Tower Hamlets 028,E09000030,Tower Hamlets,1876,264,524,706,298,84,1034,154,253,419,175,33,842,110,271,287,123,51
E01032781,Tower Hamlets 033C,E02006854,Tower Hamlets 033,E09000030,Tower Hamlets,1953,315,444,705,369,120,1099,161,227,417,243,51,854,154,217,288,126,69
E01032782,Tower Hamlets 033D,E02006854,Tower Hamlets 033,E09000030,Tower Hamlets,2716,303,707,1239,413,54,1673,158,421,794,273,27,1043,145,286,445,140,27
E01032783,Tower Hamlets 031G,E02000894,Tower Hamlets 031,E09000030,Tower Hamlets,1594,222,425,548,260,139,862,112,232,303,150,65,732,110,193,245,110,74
E01032784,Tower Hamlets 004G,E02000867,Tower Hamlets 004,E09000030,Tower Hamlets,1986,303,560,827,217,79,990,175,251,433,102,29,996,128,309,394,115,50
E01032785,Tower Hamlets 010E,E02000873,Tower Hamlets 010,E09000030,Tower Hamlets,2692,656,496,1105,365,70,1427,365,249,567,229,17,1265,291,247,538,136,53
E01032786,Tower Hamlets 010F,E02000873,Tower Hamlets 010,E09000030,Tower Hamlets,1735,496,334,471,319,115,818,229,152,227,167,43,917,267,182,244,152,72
E01032787,Tower Hamlets 011F,E02000874,Tower Hamlets 011,E09000030,Tower Hamlets,2553,610,613,699,494,137,1312,304,315,373,261,59,1241,306,298,326,233,78
E01032788,Hammersmith and Fulham 023D,E02000394,Hammersmith and Fulham 023,E09000013,Hammersmith and Fulham,1395,304,304,445,260,82,638,139,123,222,123,31,757,165,181,223,137,51
E01032789,Hammersmith and Fulham 023E,E02000394,Hammersmith and Fulham 023,E09000013,Hammersmith and Fulham,1540,314,310,432,396,88,743,174,145,198,201,25,797,140,165,234,195,63
E01032790,Hammersmith and Fulham 023F,E02000394,Hammersmith and Fulham 023,E09000013,Hammersmith and Fulham,1406,297,232,390,320,167,695,170,101,176,179,69,711,127,131,214,141,98
E01032803,Southwark 003J,E02000809,Southwark 003,E09000028,Southwark,1434,140,456,586,209,43,795,70,255,319,128,23,639,70,201,267,81,20
E01032805,Southwark 022F,E02000828,Southwark 022,E09000028,Southwark,2626,494,658,609,622,243,1312,228,343,303,325,113,1314,266,315,306,297,130
E01032834,Southwark 003K,E02000809,Southwark 003,E09000028,Southwark,1357,73,280,540,358,106,817,37,174,336,229,41,540,36,106,204,129,65
E01033000,Hounslow 025F,E02000550,Hounslow 025,E09000018,Hounslow,1608,453,271,376,363,145,759,232,136,172,154,65,849,221,135,204,209,80
E01033030,Hounslow 025G,E02000550,Hounslow 025,E09000018,Hounslow,2110,649,252,928,218,63,1097,323,128,503,113,30,1013,326,124,425,105,33
E01033081,Hounslow 003F,E02000528,Hounslow 003,E09000018,Hounslow,1504,308,234,465,344,153,801,153,134,241,187,86,703,155,100,224,157,67
E01033082,Hounslow 003G,E02000528,Hounslow 003,E09000018,Hounslow,1221,208,141,292,308,272,608,122,78,126,157,125,613,86,63,166,151,147
E01033083,Hounslow 018F,E02000543,Hounslow 018,E09000018,Hounslow,2207,641,266,1016,218,66,1217,321,130,595,135,36,990,320,136,421,83,30
E01033084,Hounslow 018G,E02000543,Hounslow 018,E09000018,Hounslow,2345,588,351,832,401,173,1251,290,164,471,231,95,1094,298,187,361,170,78
E01033085,Haringey 020E,E02000416,Haringey 020,E09000014,Haringey,2361,456,438,979,388,100,1233,229,190,536,224,54,1128,227,248,443,164,46
E01033086,Haringey 020F,E02000416,Haringey 020,E09000014,Haringey,1289,272,232,280,370,135,625,135,117,144,174,55,664,137,115,136,196,80
E01033093,Wandsworth 010F,E02000932,Wandsworth 010,E09000032,Wandsworth,2864,449,415,1016,693,291,1511,224,185,543,421,138,1353,225,230,473,272,153
E01033098,Wandsworth 002F,E02000924,Wandsworth 002,E09000032,Wandsworth,2057,283,633,705,355,81,1110,152,378,337,190,53,947,131,255,368,165,28
E01033099,Wandsworth 004E,E02000926,Wandsworth 004,E09000032,Wandsworth,1562,210,428,563,265,96,749,109,211,287,101,41,813,101,217,276,164,55
E01033100,Wandsworth 002G,E02000924,Wandsworth 002,E09000032,Wandsworth,1476,230,341,437,322,146,710,123,145,211,172,59,766,107,196,226,150,87
E01033101,Wandsworth 004F,E02000926,Wandsworth 004,E09000032,Wandsworth,2499,386,506,906,490,211,1316,249,204,459,270,134,1183,137,302,447,220,77
E01033132,Wandsworth 002H,E02000924,Wandsworth 002,E09000032,Wandsworth,1775,231,459,701,296,88,857,118,185,370,150,34,918,113,274,331,146,54
E01033133,Wandsworth 004G,E02000926,Wandsworth 004,E09000032,Wandsworth,1483,217,295,594,273,104,804,117,151,333,154,49,679,100,144,261,119,55
E01033135,Wandsworth 010G,E02000932,Wandsworth 010,E09000032,Wandsworth,1157,266,213,383,207,88,545,119,87,196,106,37,612,147,126,187,101,51
E01033146,Enfield 025F,E02000301,Enfield 025,E09000010,Enfield,1752,486,398,361,414,93,821,234,204,155,185,43,931,252,194,206,229,50
E01033148,Enfield 003F,E02000279,Enfield 003,E09000010,Enfield,2048,551,457,436,467,137,967,289,221,184,215,58,1081,262,236,252,252,79
E01033150,Enfield 003G,E02000279,Enfield 003,E09000010,Enfield,1964,622,427,490,365,60,969,322,214,221,182,30,995,300,213,269,183,30
E01033151,Enfield 025G,E02000301,Enfield 025,E09000010,Enfield,1273,335,261,257,294,126,619,188,127,120,131,53,654,147,134,137,163,73
E01033153,Waltham Forest 020G,E02000914,Waltham Forest 020,E09000031,Waltham Forest,2926,812,562,718,598,236,1393,420,285,315,267,106,1533,392,277,403,331,130
E01033207,Lambeth 004F,E02000621,Lambeth 004,E09000022,Lambeth,2649,334,877,686,516,236,1282,187,343,360,279,113,1367,147,534,326,237,123
E01033208,Lambeth 004G,E02000621,Lambeth 004,E09000022,Lambeth,2360,308,585,834,523,110,1310,156,272,515,297,70,1050,152,313,319,226,40
E01033320,Lewisham 017E,E02000669,Lewisham 017,E09000023,Lewisham,1842,337,303,577,452,173,943,167,153,314,240,69,899,170,150,263,212,104
E01033322,Lewisham 017F,E02000669,Lewisham 017,E09000023,Lewisham,1423,217,275,637,227,67,785,120,140,358,124,43,638,97,135,279,103,24
E01033324,Lewisham 008E,E02000660,Lewisham 008,E09000023,Lewisham,1593,282,360,387,367,197,713,144,121,183,181,84,880,138,239,204,186,113
E01033325,Lewisham 008F,E02000660,Lewisham 008,E09000023,Lewisham,1534,98,470,763,169,34,913,63,225,502,105,18,621,35,245,261,64,16
E01033327,Lewisham 012F,E02000664,Lewisham 012,E09000023,Lewisham,2051,270,529,741,356,155,1017,118,229,408,193,69,1034,152,300,333,163,86
E01033341,Lewisham 012G,E02000664,Lewisham 012,E09000023,Lewisham,1315,365,223,379,268,80,663,209,86,195,132,41,652,156,137,184,136,39
E01033424,Brent 017F,E02000109,Brent 017,E09000005,Brent,5175,779,2339,1388,564,105,2867,414,1307,761,338,47,2308,365,1032,627,226,58
E01033455,Brent 031G,E02000123,Brent 031,E09000005,Brent,1482,287,275,381,427,112,835,150,157,216,253,59,647,137,118,165,174,53
E01033456,Brent 027F,E02000119,Brent 027,E09000005,Brent,2431,691,527,401,547,265,1155,380,272,163,226,114,1276,311,255,238,321,151
E01033457,Brent 017G,E02000109,Brent 017,E09000005,Brent,1691,392,229,492,407,171,901,185,119,298,228,71,790,207,110,194,179,100
E01033463,Brent 003G,E02000095,Brent 003,E09000005,Brent,2828,496,444,555,620,713,1416,258,241,299,302,316,1412,238,203,256,318,397
E01033464,Brent 010F,E02000102,Brent 010,E09000005,Brent,2890,760,569,516,675,370,1491,349,329,271,373,169,1399,411,240,245,302,201
E01033485,Brent 031H,E02000123,Brent 031,E09000005,Brent,2225,456,472,540,534,223,1110,210,264,271,263,102,1115,246,208,269,271,121
E01033486,Islington 011E,E02000564,Islington 011,E09000019,Islington,1153,205,379,289,223,57,558,117,171,150,98,22,595,88,208,139,125,35
E01033487,Islington 011F,E02000564,Islington 011,E09000019,Islington,1491,193,500,596,162,40,785,99,245,329,96,16,706,94,255,267,66,24
E01033488,Islington 011G,E02000564,Islington 011,E09000019,Islington,2499,247,1396,511,241,104,1019,126,476,239,137,41,1480,121,920,272,104,63
E01033489,Islington 022G,E02000575,Islington 022,E09000019,Islington,2920,159,1579,683,432,67,1382,82,619,380,259,42,1538,77,960,303,173,25
E01033490,Islington 022H,E02000575,Islington 022,E09000019,Islington,2146,197,1225,382,221,121,978,102,507,181,119,69,1168,95,718,201,102,52
E01033491,Islington 011H,E02000564,Islington 011,E09000019,Islington,2238,201,800,717,389,131,1195,110,388,408,223,66,1043,91,412,309,166,65
E01033492,Islington 011I,E02000564,Islington 011,E09000019,Islington,2660,478,715,1103,281,83,1388,248,371,582,152,35,1272,230,344,521,129,48
E01033493,Islington 006F,E02000559,Islington 006,E09000019,Islington,1896,217,459,923,238,59,1166,128,257,575,172,34,730,89,202,348,66,25
E01033494,Islington 006G,E02000559,Islington 006,E09000019,Islington,1754,300,439,466,379,170,870,147,218,232,200,73,884,153,221,234,179,97
E01033572,Barnet 030E,E02000053,Barnet 030,E09000003,Barnet,3699,802,847,1048,759,243,1897,431,419,531,392,124,1802,371,428,517,367,119
E01033573,Barnet 030F,E02000053,Barnet 030,E09000003,Barnet,2906,450,968,979,383,126,1569,245,508,551,203,62,1337,205,460,428,180,64
E01033574,Newham 034F,E02000747,Newham 034,E09000025,Newham,1616,179,467,780,149,41,1042,72,277,565,106,22,574,107,190,215,43,19
E01033575,Newham 034G,E02000747,Newham 034,E09000025,Newham,1525,168,534,639,152,32,955,93,342,437,69,14,570,75,192,202,83,18
E01033576,Newham 034H,E02000747,Newham 034,E09000025,Newham,3470,379,1312,1316,313,150,2021,182,751,853,149,86,1449,197,561,463,164,64
E01033577,Newham 037E,E02000750,Newham 037,E09000025,Newham,4286,628,1669,1423,474,92,2339,330,900,831,243,35,1947,298,769,592,231,57
E01033578,Newham 013E,E02000726,Newham 013,E09000025,Newham,4660,492,2271,1477,357,63,2851,269,1393,935,231,23,1809,223,878,542,126,40
E01033579,Newham 013F,E02000726,Newham 013,E09000025,Newham,2029,207,818,762,204,38,1112,116,386,489,105,16,917,91,432,273,99,22
E01033580,Newham 037F,E02000750,Newham 037,E09000025,Newham,1938,255,617,752,268,46,1152,136,394,455,147,20,786,119,223,297,121,26
E01033581,Newham 037G,E02000750,Newham 037,E09000025,Newham,1853,452,360,543,354,144,976,221,192,301,181,81,877,231,168,242,173,63
E01033582,Newham 037H,E02000750,Newham 037,E09000025,Newham,1684,300,359,657,321,47,943,145,195,361,224,18,741,155,164,296,97,29
E01033583,Newham 013G,E02000726,Newham 013,E09000025,Newham,16004,2066,7746,4604,1296,292,8610,1088,4026,2704,664,128,7394,978,3720,1900,632,164
E01033584,Newham 034I,E02000747,Newham 034,E09000025,Newham,1570,403,313,392,319,143,792,221,185,183,146,57,778,182,128,209,173,86
E01033585,Newham 034J,E02000747,Newham 034,E09000025,Newham,2821,564,875,719,454,209,1421,303,449,366,216,87,1400,261,426,353,238,122
E01033586,Newham 013H,E02000726,Newham 013,E09000025,Newham,1879,357,417,626,380,99,984,191,192,360,196,45,895,166,225,266,184,54
E01033587,Barking and Dagenham 021E,E02000022,Barking and Dagenham 021,E09000002,Barking and Dagenham,2611,809,462,854,405,81,1312,422,236,400,203,51,1299,387,226,454,202,30
E01033588,Barking and Dagenham 021F,E02000022,Barking and Dagenham 021,E09000002,Barking and Dagenham,1644,535,265,465,290,89,818,288,132,212,145,41,826,247,133,253,145,48
E01033589,Redbridge 030H,E02000780,Redbridge 030,E09000026,Redbridge,2640,867,430,1008,272,63,1289,424,163,525,159,18,1351,443,267,483,113,45
E01033590,Redbridge 019H,E02000769,Redbridge 019,E09000026,Redbridge,1482,439,283,432,251,77,759,237,162,184,131,45,723,202,121,248,120,32
E01033591,Redbridge 030I,E02000780,Redbridge 030,E09000026,Redbridge,2462,637,488,702,478,157,1283,321,206,383,289,84,1179,316,282,319,189,73
E01033592,Redbridge 019I,E02000769,Redbridge 019,E09000026,Redbridge,1871,432,377,431,452,179,991,258,223,203,224,83,880,174,154,228,228,96
E01033593,Westminster 015F,E02000974,Westminster 015,E09000033,Westminster,2328,490,674,690,342,132,1377,284,395,417,216,65,951,206,279,273,126,67
E01033594,Westminster 015G,E02000974,Westminster 015,E09000033,Westminster,1346,142,357,343,297,207,730,84,195,195,156,100,616,58,162,148,141,107
E01033595,Westminster 013E,E02000972,Westminster 013,E09000033,Westminster,1445,105,365,502,288,185,883,52,215,340,182,94,562,53,150,162,106,91
E01033596,Westminster 013F,E02000972,Westminster 013,E09000033,Westminster,1555,193,284,433,473,172,894,90,176,303,234,91,661,103,108,130,239,81
E01033597,Westminster 023F,E02000982,Westminster 023,E09000033,Westminster,1241,213,189,393,303,143,679,119,98,221,174,67,562,94,91,172,129,76
E01033598,Westminster 009F,E02000968,Westminster 009,E09000033,Westminster,1432,322,265,292,321,232,689,163,142,160,133,91,743,159,123,132,188,141
E01033599,Westminster 023G,E02000982,Westminster 023,E09000033,Westminster,1718,481,336,435,373,93,802,221,174,216,158,33,916,260,162,219,215,60
E01033600,Westminster 007F,E02000966,Westminster 007,E09000033,Westminster,1466,257,187,459,359,204,725,119,79,248,184,95,741,138,108,211,175,109
E01033601,Westminster 009G,E02000968,Westminster 009,E09000033,Westminster,1711,365,329,348,374,295,811,177,156,155,192,131,900,188,173,193,182,164
E01033602,Westminster 009H,E02000968,Westminster 009,E09000033,Westminster,1953,505,412,389,416,231,941,224,225,216,194,82,1012,281,187,173,222,149
E01033603,Westminster 009I,E02000968,Westminster 009,E09000033,Westminster,1448,167,336,424,378,143,693,83,149,217,179,65,755,84,187,207,199,78
E01033604,Westminster 009J,E02000968,Westminster 009,E09000033,Westminster,1485,227,255,432,417,154,839,135,107,283,231,83,646,92,148,149,186,71
E01033605,Westminster 009K,E02000968,Westminster 009,E09000033,Westminster,2190,486,417,494,481,312,1106,269,209,243,259,126,1084,217,208,251,222,186
E01033606,Westminster 014F,E02000973,Westminster 014,E09000033,Westminster,1194,161,216,526,210,81,634,90,116,282,109,37,560,71,100,244,101,44
E01033607,Westminster 014G,E02000973,Westminster 014,E09000033,Westminster,1302,174,270,381,315,162,640,70,146,205,142,77,662,104,124,176,173,85
E01033608,Westminster 007G,E02000966,Westminster 007,E09000033,Westminster,1615,274,216,502,451,172,874,157,106,268,273,70,741,117,110,234,178,102
E01033698,Hackney 021F,E02000365,Hackney 021,E09000012,Hackney,1091,171,210,354,220,136,528,94,108,190,92,44,563,77,102,164,128,92
E01033699,Hackney 021G,E02000365,Hackney 021,E09000012,Hackney,1416,133,419,638,165,61,727,59,197,343,100,28,689,74,222,295,65,33
E01033700,Hackney 021H,E02000365,Hackney 021,E09000012,Hackney,3127,305,850,1510,316,146,1705,155,401,882,193,74,1422,150,449,628,123,72
E01033701,Hackney 002F,E02000346,Hackney 002,E09000012,Hackney,3149,647,642,1063,542,255,1535,322,293,561,258,101,1614,325,349,502,284,154
E01033702,Hackney 028C,E02006918,Hackney 028,E09000012,Hackney,1765,503,291,639,280,52,935,293,141,343,133,25,830,210,150,296,147,27
E01033703,Hackney 010F,E02000354,Hackney 010,E09000012,Hackney,1560,228,350,569,294,119,758,113,180,303,118,44,802,115,170,266,176,75
E01033704,Hackney 023F,E02000367,Hackney 023,E09000012,Hackney,2411,352,498,1153,345,63,1301,185,244,658,179,35,1110,167,254,495,166,28
E01033705,Hackney 028D,E02006918,Hackney 028,E09000012,Hackney,1787,434,356,558,350,89,820,218,163,255,153,31,967,216,193,303,197,58
E01033706,Hackney 027F,E02000371,Hackney 027,E09000012,Hackney,1742,100,715,742,141,44,1013,50,368,492,78,25,729,50,347,250,63,19
E01033707,Hackney 021I,E02000365,Hackney 021,E09000012,Hackney,1383,143,334,539,246,121,752,74,168,317,134,59,631,69,166,222,112,62
E01033708,Hackney 027G,E02000371,Hackney 027,E09000012,Hackney,2284,105,946,955,231,47,1278,45,396,649,156,32,1006,60,550,306,75,15
E01033709,Hackney 027H,E02000371,Hackney 027,E09000012,Hackney,1840,277,466,666,349,82,1009,148,241,386,190,44,831,129,225,280,159,38
E01033710,Hackney 028E,E02006918,Hackney 028,E09000012,Hackney,1757,425,298,724,257,53,967,230,168,388,155,26,790,195,130,336,102,27
E01033711,Hackney 027I,E02000371,Hackney 027,E09000012,Hackney,3876,164,2676,790,199,47,1956,97,1287,467,93,12,1920,67,1389,323,106,35
E01033712,Hackney 023G,E02000367,Hackney 023,E09000012,Hackney,1855,371,334,713,344,93,919,197,136,383,174,29,936,174,198,330,170,64
E01033713,Hackney 010G,E02000354,Hackney 010,E09000012,Hackney,1486,242,304,576,298,66,758,123,147,297,150,41,728,119,157,279,148,25
E01033724,Hillingdon 016F,E02000509,Hillingdon 016,E09000017,Hillingdon,6522,554,4273,777,574,344,3667,282,2468,430,301,186,2855,272,1805,347,273,158
E01033725,Hillingdon 015F,E02000508,Hillingdon 015,E09000017,Hillingdon,3692,828,869,1012,660,323,1880,406,510,495,316,153,1812,422,359,517,344,170
E01033726,Greenwich 034E,E02006927,Greenwich 034,E09000011,Greenwich,4008,1007,660,1055,760,526,1770,517,307,432,297,217,2238,490,353,623,463,309
E01033727,Greenwich 035B,E02006928,Greenwich 035,E09000011,Greenwich,3246,480,1487,743,424,112,1670,260,788,363,201,58,1576,220,699,380,223,54
E01033728,Greenwich 035C,E02006928,Greenwich 035,E09000011,Greenwich,1972,329,532,734,314,63,990,166,242,395,148,39,982,163,290,339,166,24
E01033729,Greenwich 030E,E02000342,Greenwich 030,E09000011,Greenwich,2493,495,971,343,448,236,1054,242,362,124,218,108,1439,253,609,219,230,128
E01033730,Greenwich 035D,E02006928,Greenwich 035,E09000011,Greenwich,3159,474,1019,1268,285,113,1665,265,481,681,173,65,1494,209,538,587,112,48
E01033731,Greenwich 004E,E02000316,Greenwich 004,E09000011,Greenwich,3794,405,994,1619,526,250,1982,159,532,942,237,112,1812,246,462,677,289,138
E01033732,Greenwich 036D,E02006929,Greenwich 036,E09000011,Greenwich,1142,232,263,462,151,34,609,129,149,242,72,17,533,103,114,220,79,17
E01033733,Greenwich 036E,E02006929,Greenwich 036,E09000011,Greenwich,3775,858,1123,1368,351,75,1826,442,482,675,202,25,1949,416,641,693,149,50
E01033734,Greenwich 004F,E02000316,Greenwich 004,E09000011,Greenwich,2061,306,496,897,307,55,1133,153,221,552,180,27,928,153,275,345,127,28
E01033735,Greenwich 004G,E02000316,Greenwich 004,E09000011,Greenwich,1273,309,254,450,162,98,714,206,109,255,90,54,559,103,145,195,72,44
E01033736,Greenwich 004H,E02000316,Greenwich 004,E09000011,Greenwich,1783,185,499,748,293,58,1075,125,289,417,201,43,708,60,210,331,92,15
E01033737,Greenwich 004I,E02000316,Greenwich 004,E09000011,Greenwich,1545,375,277,494,309,90,804,208,142,241,174,39,741,167,135,253,135,51
E01033738,Greenwich 037D,E02006930,Greenwich 037,E09000011,Greenwich,1759,355,380,586,285,153,903,168,187,302,153,93,856,187,193,284,132,60
E01033739,Greenwich 002E,E02000314,Greenwich 002,E09000011,Greenwich,2007,572,348,752,299,36,1069,304,178,384,184,19,938,268,170,368,115,17
E01033740,Greenwich 002F,E02000314,Greenwich 002,E09000011,Greenwich,1793,506,333,489,383,82,957,259,185,259,213,41,836,247,148,230,170,41
E01033741,Greenwich 002G,E02000314,Greenwich 002,E09000011,Greenwich,3197,547,1034,896,653,67,2280,266,877,676,418,43,917,281,157,220,235,24
E01033742,Greenwich 007F,E02000319,Greenwich 007,E09000011,Greenwich,1738,311,338,620,319,150,943,147,161,361,195,79,795,164,177,259,124,71
E01033743,Greenwich 002H,E02000314,Greenwich 002,E09000011,Greenwich,2338,640,431,534,631,102,1169,313,246,223,347,40,1169,327,185,311,284,62
E01033744,Greenwich 007G,E02000319,Greenwich 007,E09000011,Greenwich,1815,457,313,564,402,79,967,266,168,300,194,39,848,191,145,264,208,40
E01033745,Greenwich 002I,E02000314,Greenwich 002,E09000011,Greenwich,2047,620,311,473,554,89,1046,305,180,232,281,48,1001,315,131,241,273,41
E01033746,Greenwich 038E,E02006931,Greenwich 038,E09000011,Greenwich,1393,215,208,376,318,276,649,94,111,181,137,126,744,121,97,195,181,150
