LSOA11CD,LSOA11NM,MSOA11CD,MSOA11NM,LAD11CD,LAD11NM,Persons_All-Ages,Persons_0-15,Persons_16-29,Persons_30-44,Persons_45-64,Persons_65+,Males_All-Ages,Males_0-15,Males_16-29,Males_30-44,Males_45-64,Males_65+,Females_All-Ages,Females_0-15,Females_16-29,Females_30-44,Females_45-64,Females_65+
E01000001,City of London 001A,E02000001,City of London 001,E09000001,City of London,1749,296,215,313,470,455,939,158,96,205,265,215,810,138,119,108,205,240
E01000002,City of London 001B,E02000001,City of London 001,E09000001,City of London,1678,264,290,270,460,394,872,110,131,170,252,209,806,154,159,100,208,185
E01000003,City of London 001C,E02000001,City of London 001,E09000001,City of London,1900,308,290,338,535,429,977,140,129,214,294,200,923,168,161,124,241,229
E01000005,City of London 001E,E02000001,City of London 001,E09000001,City of London,2181,430,916,277,347,211,1186,231,519,161,173,102,995,199,397,116,174,109
E01000006,Barking and Dagenham 016A,E02000017,Barking and Dagenham 016,E09000002,Barking and Dagenham,2117,534,388,595,422,178,1091,263,207,296,234,91,1026,271,181,299,188,87
E01000007,Barking and Dagenham 015A,E02000016,Barking and Dagenham 015,E09000002,Barking and Dagenham,2704,782,549,786,480,107,1287,399,242,383,218,45,1417,383,307,403,262,62
E01000008,Barking and Dagenham 015B,E02000016,Barking and Dagenham 015,E09000002,Barking and Dagenham,1594,478,317,408,332,59,838,231,198,213,170,26,756,247,119,195,162,33
E01000009,Barking and Dagenham 016B,E02000017,Barking and Dagenham 016,E09000002,Barking and Dagenham,1959,425,328,627,408,171,1088,238,178,381,209,82,871,187,150,246,199,89
E01000010,Barking and Dagenham 015C,E02000016,Barking and Dagenham 015,E09000002,Barking and Dagenham,3650,1005,713,1317,502,113,1975,501,399,737,280,58,1675,504,314,580,222,55
E01000011,Barking and Dagenham 016C,E02000017,Barking and Dagenham 016,E09000002,Barking and Dagenham,1753,427,319,502,352,153,932,213,164,289,189,77,821,214,155,213,163,76
E01000012,Barking and Dagenham 015D,E02000016,Barking and Dagenham 015,E09000002,Barking and Dagenham,2372,775,409,744,344,100,1216,407,198,388,172,51,1156,368,211,356,172,49
E01000013,Barking and Dagenham 013A,E02000014,Barking and Dagenham 013,E09000002,Barking and Dagenham,1845,495,342,397,430,181,896,255,196,184,181,80,949,240,146,213,249,101
E01000014,Barking and Dagenham 013B,E02000014,Barking and Dagenham 013,E09000002,Barking and Dagenham,1700,439,304,366,420,171,816,225,156,148,214,73,884,214,148,218,206,98
E01000015,Barking and Dagenham 009A,E02000010,Barking and Dagenham 009,E09000002,Barking and Dagenham,2395,674,435,557,553,176,1182,342,229,270,259,82,1213,332,206,287,294,94
E01000016,Barking and Dagenham 009B,E02000010,Barking and Dagenham 009,E09000002,Barking and Dagenham,1739,436,322,382,439,160,860,228,169,176,220,67,879,208,153,206,219,93
E01000017,Barking and Dagenham 009C,E02000010,Barking and Dagenham 009,E09000002,Barking and Dagenham,1504,399,235,319,399,152,747,212,123,158,187,67,757,187,112,161,212,85
E01000018,Barking and Dagenham 009D,E02000010,Barking and Dagenham 009,E09000002,Barking and Dagenham,1724,428,292,433,406,165,822,221,140,214,180,67,902,207,152,219,226,98
E01000019,Barking and Dagenham 023A,E02006799,Barking and Dagenham 023,E09000002,Barking and Dagenham,1530,450,231,355,347,147,751,242,113,174,168,54,779,208,118,181,179,93
E01000020,Barking and Dagenham 023B,E02006799,Barking and Dagenham 023,E09000002,Barking and Dagenham,1882,443,318,437,459,225,938,230,172,214,230,92,944,213,146,223,229,133
E01000021,Barking and Dagenham 008A,E02000009,Barking and Dagenham 008,E09000002,Barking and Dagenham,1753,483,332,380,403,155,881,254,206,163,209,49,872,229,126,217,194,106
E01000022,Barking and Dagenham 008B,E02000009,Barking and Dagenham 008,E09000002,Barking and Dagenham,1443,398,263,295,356,131,687,206,122,119,168,72,756,192,141,176,188,59
E01000023,Barking and Dagenham 008C,E02000009,Barking and Dagenham 008,E09000002,Barking and Dagenham,3859,1153,770,1148,611,177,1982,604,395,570,334,79,1877,549,375,578,277,98
E01000024,Barking and Dagenham 008D,E02000009,Barking and Dagenham 008,E09000002,Barking and Dagenham,1535,467,226,349,359,134,738,229,118,165,171,55,797,238,108,184,188,79
E01000025,Barking and Dagenham 008E,E02000009,Barking and Dagenham 008,E09000002,Barking and Dagenham,1674,440,297,389,390,158,814,207,172,172,194,69,860,233,125,217,196,89
E01000027,Barking and Dagenham 001A,E02000002,Barking and Dagenham 001,E09000002,Barking and Dagenham,1829,494,316,402,412,205,856,235,164,178,179,100,973,259,152,224,233,105
E01000028,Barking and Dagenham 001B,E02000002,Barking and Dagenham 001,E09000002,Barking and Dagenham,1698,463,345,331,359,200,797,238,181,145,148,85,901,225,164,186,211,115
E01000029,Barking and Dagenham 001C,E02000002,Barking and Dagenham 001,E09000002,Barking and Dagenham,1804,420,262,359,384,379,887,205,139,186,188,169,917,215,123,173,196,210
E01000030,Barking and Dagenham 001D,E02000002,Barking and Dagenham 001,E09000002,Barking and Dagenham,2395,744,422,584,450,195,1193,395,213,264,240,81,1202,349,209,320,210,114
E01000031,Barking and Dagenham 002A,E02000003,Barking and Dagenham 002,E09000002,Barking and Dagenham,1777,378,328,399,405,267,933,217,190,222,182,122,844,161,138,177,223,145
E01000032,Barking and Dagenham 002B,E02000003,Barking and Dagenham 002,E09000002,Barking and Dagenham,1960,494,322,466,432,246,967,261,160,228,203,115,993,233,162,238,229,131
E01000033,Barking and Dagenham 006A,E02000007,Barking and Dagenham 006,E09000002,Barking and Dagenham,1583,432,274,333,361,183,807,203,152,158,194,100,776,229,122,175,167,83
E01000034,Barking and Dagenham 003A,E02000004,Barking and Dagenham 003,E09000002,Barking and Dagenham,1634,334,321,266,417,296,769,160,167,131,197,114,865,174,154,135,220,182
E01000035,Barking and Dagenham 010A,E02000011,Barking and Dagenham 010,E09000002,Barking and Dagenham,1855,393,405,405,424,228,987,181,242,224,234,106,868,212,163,181,190,122
E01000036,Barking and Dagenham 010B,E02000011,Barking and Dagenham 010,E09000002,Barking and Dagenham,1473,328,302,318,382,143,792,209,161,164,205,53,681,119,141,154,177,90
E01000037,Barking and Dagenham 003B,E02000004,Barking and Dagenham 003,E09000002,Barking and Dagenham,1871,321,474,342,494,240,957,167,285,176,235,94,914,154,189,166,259,146
E01000038,Barking and Dagenham 003C,E02000004,Barking and Dagenham 003,E09000002,Barking and Dagenham,1422,305,258,254,360,245,696,156,136,130,173,101,726,149,122,124,187,144
E01000039,Barking and Dagenham 003D,E02000004,Barking and Dagenham 003,E09000002,Barking and Dagenham,1719,449,274,377,392,227,841,215,145,193,196,92,878,234,129,184,196,135
E01000040,Barking and Dagenham 019A,E02000020,Barking and Dagenham 019,E09000002,Barking and Dagenham,1802,456,301,440,400,205,884,224,166,226,182,86,918,232,135,214,218,119
E01000041,Barking and Dagenham 017A,E02000018,Barking and Dagenham 017,E09000002,Barking and Dagenham,1810,510,301,440,394,165,934,277,134,244,197,82,876,233,167,196,197,83
E01000042,Barking and Dagenham 017B,E02000018,Barking and Dagenham 017,E09000002,Barking and Dagenham,2023,601,361,541,393,127,1045,326,197,276,179,67,978,275,164,265,214,60
E01000043,Barking and Dagenham 019B,E02000020,Barking and Dagenham 019,E09000002,Barking and Dagenham,1532,332,314,356,361,169,787,179,188,179,168,73,745,153,126,177,193,96
E01000044,Barking and Dagenham 016D,E02000017,Barking and Dagenham 016,E09000002,Barking and Dagenham,2056,542,407,508,457,142,1041,258,242,262,215,64,1015,284,165,246,242,78
E01000045,Barking and Dagenham 017C,E02000018,Barking and Dagenham 017,E09000002,Barking and Dagenham,1804,504,343,425,387,145,936,250,211,196,203,76,868,254,132,229,184,69
E01000046,Barking and Dagenham 017D,E02000018,Barking and Dagenham 017,E09000002,Barking and Dagenham,1935,550,346,443,419,177,956,292,183,209,194,78,979,258,163,234,225,99
E01000048,Barking and Dagenham 021B,E02000022,Barking and Dagenham 021,E09000002,Barking and Dagenham,878,300,192,189,173,24,471,151,121,96,93,10,407,149,71,93,80,14
E01000049,Barking and Dagenham 021C,E02000022,Barking and Dagenham 021,E09000002,Barking and Dagenham,1813,652,291,395,386,89,956,378,152,165,218,43,857,274,139,230,168,46
E01000050,Barking and Dagenham 019C,E02000020,Barking and Dagenham 019,E09000002,Barking and Dagenham,1974,601,365,452,382,174,1055,359,162,243,213,78,919,242,203,209,169,96
E01000051,Barking and Dagenham 021D,E02000022,Barking and Dagenham 021,E09000002,Barking and Dagenham,1021,349,191,281,161,39,501,190,63,140,89,19,520,159,128,141,72,20
E01000052,Barking and Dagenham 019D,E02000020,Barking and Dagenham 019,E09000002,Barking and Dagenham,2306,645,375,604,476,206,1142,311,179,327,240,85,1164,334,196,277,236,121
E01000053,Barking and Dagenham 020A,E02000021,Barking and Dagenham 020,E09000002,Barking and Dagenham,1627,416,291,363,366,191,850,250,145,160,196,99,777,166,146,203,170,92
E01000054,Barking and Dagenham 018A,E02000019,Barking and Dagenham 018,E09000002,Barking and Dagenham,1955,562,327,434,411,221,946,289,175,174,217,91,1009,273,152,260,194,130
E01000055,Barking and Dagenham 018B,E02000019,Barking and Dagenham 018,E09000002,Barking and Dagenham,1709,432,334,340,420,183,862,230,173,156,194,109,847,202,161,184,226,74
E01000056,Barking and Dagenham 018C,E02000019,Barking and Dagenham 018,E09000002,Barking and Dagenham,1661,448,296,355,373,189,792,204,160,164,184,80,869,244,136,191,189,109
E01000057,Barking and Dagenham 012A,E02000013,Barking and Dagenham 012,E09000002,Barking and Dagenham,1555,406,300,387,313,149,768,207,187,171,144,59,787,199,113,216,169,90
E01000058,Barking and Dagenham 018D,E02000019,Barking and Dagenham 018,E09000002,Barking and Dagenham,2027,549,321,535,465,157,1030,291,179,278,217,65,997,258,142,257,248,92
E01000059,Barking and Dagenham 013C,E02000014,Barking and Dagenham 013,E09000002,Barking and Dagenham,1656,430,245,344,401,236,756,228,111,159,187,71,900,202,134,185,214,165
E01000060,Barking and Dagenham 006B,E02000007,Barking and Dagenham 006,E09000002,Barking and Dagenham,1971,531,362,376,486,216,974,293,183,178,222,98,997,238,179,198,264,118
E01000061,Barking and Dagenham 006C,E02000007,Barking and Dagenham 006,E09000002,Barking and Dagenham,1872,616,400,407,353,96,877,288,213,158,176,42,995,328,187,249,177,54
E01000062,Barking and Dagenham 006D,E02000007,Barking and Dagenham 006,E09000002,Barking and Dagenham,2435,621,453,520,583,258,1230,350,235,253,283,109,1205,271,218,267,300,149
E01000063,Barking and Dagenham 004A,E02000005,Barking and Dagenham 004,E09000002,Barking and Dagenham,1835,490,330,401,426,188,937,288,181,171,208,89,898,202,149,230,218,99
E01000064,Barking and Dagenham 006E,E02000007,Barking and Dagenham 006,E09000002,Barking and Dagenham,2215,603,394,453,493,272,1058,319,190,193,242,114,1157,284,204,260,251,158
E01000065,Barking and Dagenham 007A,E02000008,Barking and Dagenham 007,E09000002,Barking and Dagenham,1781,431,290,390,411,259,926,231,158,200,230,107,855,200,132,190,181,152
E01000066,Barking and Dagenham 011A,E02000012,Barking and Dagenham 011,E09000002,Barking and Dagenham,2264,578,478,529,480,199,1127,289,257,253,255,73,1137,289,221,276,225,126
E01000067,Barking and Dagenham 011B,E02000012,Barking and Dagenham 011,E09000002,Barking and Dagenham,2304,570,525,468,511,230,1220,306,305,237,271,101,1084,264,220,231,240,129
E01000068,Barking and Dagenham 016E,E02000017,Barking and Dagenham 016,E09000002,Barking and Dagenham,1570,300,401,347,365,157,806,154,221,198,176,57,764,146,180,149,189,100
E01000069,Barking and Dagenham 011C,E02000012,Barking and Dagenham 011,E09000002,Barking and Dagenham,1921,452,416,414,409,230,933,213,226,189,196,109,988,239,190,225,213,121
E01000070,Barking and Dagenham 011D,E02000012,Barking and Dagenham 011,E09000002,Barking and Dagenham,2226,549,431,541,437,268,1085,241,246,277,201,120,1141,308,185,264,236,148
E01000071,Barking and Dagenham 011E,E02000012,Barking and Dagenham 011,E09000002,Barking and Dagenham,2660,672,535,625,548,280,1361,331,277,329,306,118,1299,341,258,296,242,162
E01000072,Barking and Dagenham 017E,E02000018,Barking and Dagenham 017,E09000002,Barking and Dagenham,2152,607,437,494,415,199,1083,329,228,241,187,98,1069,278,209,253,228,101
E01000073,Barking and Dagenham 012B,E02000013,Barking and Dagenham 012,E09000002,Barking and Dagenham,1742,477,314,369,391,191,820,224,161,160,194,81,922,253,153,209,197,110
E01000074,Barking and Dagenham 012C,E02000013,Barking and Dagenham 012,E09000002,Barking and Dagenham,1648,467,297,366,375,143,808,253,158,167,167,63,840,214,139,199,208,80
E01000075,Barking and Dagenham 012D,E02000013,Barking and Dagenham 012,E09000002,Barking and Dagenham,1903,473,371,411,429,219,988,230,227,211,218,102,915,243,144,200,211,117
E01000076,Barking and Dagenham 012E,E02000013,Barking and Dagenham 012,E09000002,Barking and Dagenham,2161,686,333,458,468,216,1144,415,179,214,229,107,1017,271,154,244,239,109
E01000077,Barking and Dagenham 008F,E02000009,Barking and Dagenham 008,E09000002,Barking and Dagenham,1586,447,253,364,365,157,820,274,137,164,182,63,766,173,116,200,183,94
E01000078,Barking and Dagenham 007B,E02000008,Barking and Dagenham 007,E09000002,Barking and Dagenham,1908,534,353,403,430,188,917,286,166,193,197,75,991,248,187,210,233,113
E01000079,Barking and Dagenham 009E,E02000010,Barking and Dagenham 009,E09000002,Barking and Dagenham,1779,516,268,376,401,218,845,264,146,181,180,74,934,252,122,195,221,144
E01000080,Barking and Dagenham 007C,E02000008,Barking and Dagenham 007,E09000002,Barking and Dagenham,1622,462,271,348,400,141,804,244,163,154,181,62,818,218,108,194,219,79
E01000081,Barking and Dagenham 007D,E02000008,Barking and Dagenham 007,E09000002,Barking and Dagenham,1883,482,325,389,490,197,925,218,191,193,230,93,958,264,134,196,260,104
E01000082,Barking and Dagenham 007E,E02000008,Barking and Dagenham 007,E09000002,Barking and Dagenham,2088,543,359,488,502,196,1028,270,194,238,244,82,1060,273,165,250,258,114
E01000083,Barking and Dagenham 007F,E02000008,Barking and Dagenham 007,E09000002,Barking and Dagenham,1956,540,365,452,422,177,923,259,178,212,196,78,1033,281,187,240,226,99
E01000084,Barking and Dagenham 013D,E02000014,Barking and Dagenham 013,E09000002,Barking and Dagenham,1414,344,230,322,359,159,726,172,126,160,184,84,688,172,104,162,175,75
E01000085,Barking and Dagenham 013E,E02000014,Barking and Dagenham 013,E09000002,Barking and Dagenham,1880,524,352,404,398,202,940,258,196,196,193,97,940,266,156,208,205,105
E01000086,Barking and Dagenham 013F,E02000014,Barking and Dagenham 013,E09000002,Barking and Dagenham,1471,411,259,325,335,141,719,224,119,161,154,61,752,187,140,164,181,80
E01000087,Barking and Dagenham 020B,E02000021,Barking and Dagenham 020,E09000002,Barking and Dagenham,1637,419,292,346,386,194,766,217,149,166,165,69,871,202,143,180,221,125
E01000088,Barking and Dagenham 020C,E02000021,Barking and Dagenham 020,E09000002,Barking and Dagenham,2129,621,398,429,439,242,1084,338,180,212,241,113,1045,283,218,217,198,129
E01000089,Barking and Dagenham 020D,E02000021,Barking and Dagenham 020,E09000002,Barking and Dagenham,1879,608,353,351,413,154,908,279,205,158,209,57,971,329,148,193,204,97
E01000090,Barking and Dagenham 020E,E02000021,Barking and Dagenham 020,E09000002,Barking and Dagenham,1750,493,299,350,456,152,891,271,171,170,209,70,859,222,128,180,247,82
E01000091,Barking and Dagenham 022A,E02000023,Barking and Dagenham 022,E09000002,Barking and Dagenham,2080,694,415,437,397,137,1020,352,223,177,213,55,1060,342,192,260,184,82
E01000092,Barking and Dagenham 019E,E02000020,Barking and Dagenham 019,E09000002,Barking and Dagenham,6055,1848,1237,1615,1104,251,3037,932,654,781,564,106,3018,916,583,834,540,145
E01000093,Barking and Dagenham 022B,E02000023,Barking and Dagenham 022,E09000002,Barking and Dagenham,1789,518,353,412,379,127,926,261,181,235,197,52,863,257,172,177,182,75
E01000094,Barking and Dagenham 022C,E02000023,Barking and Dagenham 022,E09000002,Barking and Dagenham,2326,786,354,671,435,80,1129,406,169,311,197,46,1197,380,185,360,238,34
E01000095,Barking and Dagenham 018E,E02000019,Barking and Dagenham 018,E09000002,Barking and Dagenham,1856,565,370,410,379,132,921,301,181,192,185,62,935,264,189,218,194,70
E01000096,Barking and Dagenham 022D,E02000023,Barking and Dagenham 022,E09000002,Barking and Dagenham,1858,624,384,382,379,89,873,301,187,156,196,33,985,323,197,226,183,56
E01000097,Barking and Dagenham 023C,E02006799,Barking and Dagenham 023,E09000002,Barking and Dagenham,1800,474,295,395,382,254,879,247,154,190,182,106,921,227,141,205,200,148
E01000098,Barking and Dagenham 023D,E02006799,Barking and Dagenham 023,E09000002,Barking and Dagenham,1805,514,324,372,440,155,858,249,163,170,209,67,947,265,161,202,231,88
E01000099,Barking and Dagenham 023E,E02006799,Barking and Dagenham 023,E09000002,Barking and Dagenham,2487,722,399,672,522,172,1202,359,190,314,264,75,1285,363,209,358,258,97
E01000100,Barking and Dagenham 004B,E02000005,Barking and Dagenham 004,E09000002,Barking and Dagenham,1779,464,338,388,434,155,888,233,188,193,205,69,891,231,150,195,229,86
E01000101,Barking and Dagenham 004C,E02000005,Barking and Dagenham 004,E09000002,Barking and Dagenham,1569,403,256,372,377,161,771,209,119,183,183,77,798,194,137,189,194,84
E01000102,Barking and Dagenham 007G,E02000008,Barking and Dagenham 007,E09000002,Barking and Dagenham,1539,442,253,333,330,181,743,240,128,151,136,88,796,202,125,182,194,93
E01000103,Barking and Dagenham 014A,E02000015,Barking and Dagenham 014,E09000002,Barking and Dagenham,1721,438,393,332,403,155,810,210,218,152,168,62,911,228,175,180,235,93
E01000104,Barking and Dagenham 014B,E02000015,Barking and Dagenham 014,E09000002,Barking and Dagenham,2015,593,416,425,420,161,1013,328,217,199,198,71,1002,265,199,226,222,90
E01000105,Barking and Dagenham 014C,E02000015,Barking and Dagenham 014,E09000002,Barking and Dagenham,2330,617,377,598,509,229,1108,326,187,266,248,81,1222,291,190,332,261,148
E01000106,Barking and Dagenham 014D,E02000015,Barking and Dagenham 014,E09000002,Barking and Dagenham,2184,646,355,506,461,216,1070,317,163,247,249,94,1114,329,192,259,212,122
E01000107,Barking and Dagenham 010C,E02000011,Barking and Dagenham 010,E09000002,Barking and Dagenham,1777,435,293,393,395,261,883,207,159,213,183,121,894,228,134,180,212,140
E01000108,Barking and Dagenham 010D,E02000011,Barking and Dagenham 010,E09000002,Barking and Dagenham,1909,530,320,446,421,192,940,269,148,218,212,93,969,261,172,228,209,99
E01000109,Barking and Dagenham 004D,E02000005,Barking and Dagenham 004,E09000002,Barking and Dagenham,2864,874,467,773,543,207,1330,417,232,336,256,89,1534,457,235,437,287,118
E01000110,Barking and Dagenham 002C,E02000003,Barking and Dagenham 002,E09000002,Barking and Dagenham,1485,355,262,330,361,177,758,196,137,157,185,83,727,159,125,173,176,94
E01000111,Barking and Dagenham 002D,E02000003,Barking and Dagenham 002,E09000002,Barking and Dagenham,2058,520,390,457,469,222,1036,249,229,216,255,87,1022,271,161,241,214,135
E01000112,Barking and Dagenham 002E,E02000003,Barking and Dagenham 002,E09000002,Barking and Dagenham,2132,498,409,601,423,201,1111,259,230,316,219,87,1021,239,179,285,204,114
E01000113,Barking and Dagenham 002F,E02000003,Barking and Dagenham 002,E09000002,Barking and Dagenham,1834,453,288,482,440,171,922,248,129,254,224,67,912,205,159,228,216,104
E01000114,Barking and Dagenham 004E,E02000005,Barking and Dagenham 004,E09000002,Barking and Dagenham,2493,731,473,595,485,209,1282,388,275,285,238,96,1211,343,198,310,247,113
E01000115,Barnet 009A,E02000032,Barnet 009,E09000003,Barnet,1319,235,188,186,417,293,659,126,96,85,201,151,660,109,92,101,216,142
E01000116,Barnet 009B,E02000032,Barnet 009,E09000003,Barnet,1722,399,241,361,421,300,846,212,132,180,198,124,876,187,109,181,223,176
E01000117,Barnet 010A,E02000033,Barnet 010,E09000003,Barnet,1791,339,231,325,503,393,873,173,135,163,235,167,918,166,96,162,268,226
E01000118,Barnet 010B,E02000033,Barnet 010,E09000003,Barnet,2169,449,325,440,595,360,1093,247,181,220,280,165,1076,202,144,220,315,195
E01000119,Barnet 009C,E02000032,Barnet 009,E09000003,Barnet,1756,323,258,287,536,352,808,153,136,118,253,148,948,170,122,169,283,204
E01000120,Barnet 009D,E02000032,Barnet 009,E09000003,Barnet,1466,307,194,211,464,290,722,163,115,82,233,129,744,144,79,129,231,161
E01000121,Barnet 010C,E02000033,Barnet 010,E09000003,Barnet,1463,315,246,252,450,200,737,161,150,118,210,98,726,154,96,134,240,102
E01000122,Barnet 009E,E02000032,Barnet 009,E09000003,Barnet,1439,309,207,269,416,238,702,157,104,122,204,115,737,152,103,147,212,123
E01000123,Barnet 010D,E02000033,Barnet 010,E09000003,Barnet,1780,350,257,445,493,235,905,188,138,233,235,111,875,162,119,212,258,124
E01000124,Barnet 010E,E02000033,Barnet 010,E09000003,Barnet,1783,356,335,471,431,190,875,180,169,231,205,90,908,176,166,240,226,100
E01000125,Barnet 024A,E02000047,Barnet 024,E09000003,Barnet,3307,812,606,809,710,370,1673,446,326,408,324,169,1634,366,280,401,386,201
E01000126,Barnet 026A,E02000049,Barnet 026,E09000003,Barnet,2231,479,451,499,622,180,1085,242,240,223,296,84,1146,237,211,276,326,96
E01000127,Barnet 024B,E02000047,Barnet 024,E09000003,Barnet,1560,370,255,351,416,168,793,191,139,175,186,102,767,179,116,176,230,66
E01000128,Barnet 024C,E02000047,Barnet 024,E09000003,Barnet,1985,469,341,433,523,219,1024,265,152,226,281,100,961,204,189,207,242,119
E01000129,Barnet 024D,E02000047,Barnet 024,E09000003,Barnet,1867,431,281,437,500,218,914,204,130,233,251,96,953,227,151,204,249,122
E01000130,Barnet 021A,E02000044,Barnet 021,E09000003,Barnet,1804,455,273,376,528,172,831,222,134,161,229,85,973,233,139,215,299,87
E01000131,Barnet 024E,E02000047,Barnet 024,E09000003,Barnet,2057,460,337,536,456,268,1040,262,165,276,211,126,1017,198,172,260,245,142
E01000132,Barnet 021B,E02000044,Barnet 021,E09000003,Barnet,1581,375,307,331,418,150,796,199,162,178,182,75,785,176,145,153,236,75
E01000133,Barnet 021C,E02000044,Barnet 021,E09000003,Barnet,1673,404,242,361,475,191,830,227,120,166,231,86,843,177,122,195,244,105
E01000134,Barnet 024F,E02000047,Barnet 024,E09000003,Barnet,1743,389,321,400,435,198,848,184,165,198,219,82,895,205,156,202,216,116
E01000135,Barnet 038A,E02000061,Barnet 038,E09000003,Barnet,1750,312,308,378,412,340,890,156,172,208,204,150,860,156,136,170,208,190
E01000136,Barnet 038B,E02000061,Barnet 038,E09000003,Barnet,1649,335,256,271,449,338,797,152,119,135,221,170,852,183,137,136,228,168
E01000137,Barnet 041A,E02000064,Barnet 041,E09000003,Barnet,1689,377,308,390,399,215,818,195,158,194,184,87,871,182,150,196,215,128
E01000138,Barnet 040A,E02000063,Barnet 040,E09000003,Barnet,1590,299,257,352,440,242,785,163,133,175,214,100,805,136,124,177,226,142
E01000139,Barnet 041B,E02000064,Barnet 041,E09000003,Barnet,1632,244,301,435,408,244,816,120,163,237,202,94,816,124,138,198,206,150
E01000140,Barnet 041C,E02000064,Barnet 041,E09000003,Barnet,2169,379,453,672,409,256,1112,215,249,327,214,107,1057,164,204,345,195,149
E01000141,Barnet 039A,E02000062,Barnet 039,E09000003,Barnet,2258,362,595,617,516,168,1085,194,294,276,253,68,1173,168,301,341,263,100
E01000142,Barnet 040B,E02000063,Barnet 040,E09000003,Barnet,2689,526,478,714,655,316,1353,256,253,372,330,142,1336,270,225,342,325,174
E01000143,Barnet 041D,E02000064,Barnet 041,E09000003,Barnet,1559,332,362,356,349,160,766,173,190,152,177,74,793,159,172,204,172,86
E01000144,Barnet 038C,E02000061,Barnet 038,E09000003,Barnet,1798,320,338,538,419,183,908,153,147,312,232,64,890,167,191,226,187,119
E01000145,Barnet 037A,E02000060,Barnet 037,E09000003,Barnet,1736,432,280,384,355,285,905,223,150,247,172,113,831,209,130,137,183,172
E01000146,Barnet 038D,E02000061,Barnet 038,E09000003,Barnet,2180,423,381,718,425,233,1120,205,186,399,237,93,1060,218,195,319,188,140
E01000147,Barnet 030A,E02000053,Barnet 030,E09000003,Barnet,1886,333,352,435,467,299,976,158,197,247,229,145,910,175,155,188,238,154
E01000148,Barnet 030B,E02000053,Barnet 030,E09000003,Barnet,3180,838,569,863,640,270,1630,427,281,448,327,147,1550,411,288,415,313,123
E01000150,Barnet 036A,E02000059,Barnet 036,E09000003,Barnet,2239,443,365,539,599,293,1150,214,197,288,318,133,1089,229,168,251,281,160
E01000151,Barnet 026B,E02000049,Barnet 026,E09000003,Barnet,1766,529,327,409,387,114,871,263,170,176,211,51,895,266,157,233,176,63
E01000152,Barnet 026C,E02000049,Barnet 026,E09000003,Barnet,2042,615,367,522,436,102,976,318,211,209,191,47,1066,297,156,313,245,55
E01000153,Barnet 026D,E02000049,Barnet 026,E09000003,Barnet,1767,404,289,408,453,213,821,193,157,186,190,95,946,211,132,222,263,118
E01000154,Barnet 026E,E02000049,Barnet 026,E09000003,Barnet,1765,436,293,466,400,170,878,220,152,225,197,84,887,216,141,241,203,86
E01000155,Barnet 030D,E02000053,Barnet 030,E09000003,Barnet,5236,1271,1137,1751,860,217,2655,663,535,918,450,89,2581,608,602,833,410,128
E01000156,Barnet 022A,E02000045,Barnet 022,E09000003,Barnet,2195,552,377,532,505,229,1043,275,174,262,228,104,1152,277,203,270,277,125
E01000157,Barnet 022B,E02000045,Barnet 022,E09000003,Barnet,1661,390,219,464,397,191,843,231,107,231,189,85,818,159,112,233,208,106
E01000158,Barnet 015A,E02000038,Barnet 015,E09000003,Barnet,1492,337,213,346,400,196,710,157,111,173,172,97,782,180,102,173,228,99
E01000159,Barnet 015B,E02000038,Barnet 015,E09000003,Barnet,1809,353,316,328,547,265,903,162,163,174,269,135,906,191,153,154,278,130
E01000160,Barnet 015C,E02000038,Barnet 015,E09000003,Barnet,2242,443,391,634,571,203,1185,218,225,348,280,114,1057,225,166,286,291,89
E01000161,Barnet 015D,E02000038,Barnet 015,E09000003,Barnet,2433,452,332,682,576,391,1263,215,197,401,309,141,1170,237,135,281,267,250
E01000162,Barnet 015E,E02000038,Barnet 015,E09000003,Barnet,1623,312,240,329,436,306,815,166,143,164,210,132,808,146,97,165,226,174
E01000163,Barnet 022C,E02000045,Barnet 022,E09000003,Barnet,1730,329,307,477,459,158,868,157,165,253,208,85,862,172,142,224,251,73
E01000164,Barnet 022D,E02000045,Barnet 022,E09000003,Barnet,1802,411,302,467,431,191,893,234,164,227,194,74,909,177,138,240,237,117
E01000165,Barnet 022E,E02000045,Barnet 022,E09000003,Barnet,1863,364,303,432,536,228,955,176,183,218,272,106,908,188,120,214,264,122
E01000166,Barnet 003A,E02000026,Barnet 003,E09000003,Barnet,1619,340,201,313,451,314,766,193,98,138,203,134,853,147,103,175,248,180
E01000167,Barnet 002A,E02000025,Barnet 002,E09000003,Barnet,1304,299,184,262,404,155,640,158,115,113,177,77,664,141,69,149,227,78
E01000168,Barnet 003B,E02000026,Barnet 003,E09000003,Barnet,1569,274,228,239,453,375,775,133,136,107,209,190,794,141,92,132,244,185
E01000169,Barnet 003C,E02000026,Barnet 003,E09000003,Barnet,1640,347,222,388,403,280,800,192,103,186,198,121,840,155,119,202,205,159
E01000170,Barnet 006A,E02000029,Barnet 006,E09000003,Barnet,1873,444,317,363,495,254,896,212,172,140,243,129,977,232,145,223,252,125
E01000171,Barnet 006B,E02000029,Barnet 006,E09000003,Barnet,2421,594,403,730,490,204,1278,324,222,363,277,92,1143,270,181,367,213,112
E01000172,Barnet 003D,E02000026,Barnet 003,E09000003,Barnet,1813,436,245,379,442,311,896,239,126,175,214,142,917,197,119,204,228,169
E01000173,Barnet 006C,E02000029,Barnet 006,E09000003,Barnet,1770,407,266,312,514,271,884,214,143,149,240,138,886,193,123,163,274,133
E01000174,Barnet 006D,E02000029,Barnet 006,E09000003,Barnet,1972,479,287,430,487,289,977,257,150,208,228,134,995,222,137,222,259,155
E01000175,Barnet 006E,E02000029,Barnet 006,E09000003,Barnet,1499,358,179,258,439,265,742,183,89,120,227,123,757,175,90,138,212,142
E01000176,Barnet 027A,E02000050,Barnet 027,E09000003,Barnet,1681,295,289,352,406,339,838,155,167,175,187,154,843,140,122,177,219,185
E01000177,Barnet 029A,E02000052,Barnet 029,E09000003,Barnet,1807,380,273,478,436,240,908,206,139,243,224,96,899,174,134,235,212,144
E01000178,Barnet 027B,E02000050,Barnet 027,E09000003,Barnet,1806,395,286,379,482,264,905,195,156,195,242,117,901,200,130,184,240,147
E01000179,Barnet 029B,E02000052,Barnet 029,E09000003,Barnet,1826,362,254,612,465,133,933,180,130,325,232,66,893,182,124,287,233,67
E01000180,Barnet 029C,E02000052,Barnet 029,E09000003,Barnet,1756,384,261,437,371,303,844,185,125,218,184,132,912,199,136,219,187,171
E01000181,Barnet 029D,E02000052,Barnet 029,E09000003,Barnet,1831,350,314,462,455,250,945,181,155,260,233,116,886,169,159,202,222,134
E01000182,Barnet 029E,E02000052,Barnet 029,E09000003,Barnet,1946,302,403,498,455,288,1016,177,228,283,204,124,930,125,175,215,251,164
E01000183,Barnet 033A,E02000056,Barnet 033,E09000003,Barnet,1658,351,222,352,392,341,814,169,131,177,196,141,844,182,91,175,196,200
E01000184,Barnet 027C,E02000050,Barnet 027,E09000003,Barnet,1756,403,322,411,413,207,863,202,160,184,212,105,893,201,162,227,201,102
E01000185,Barnet 029F,E02000052,Barnet 029,E09000003,Barnet,1505,278,325,398,339,165,761,157,188,190,150,76,744,121,137,208,189,89
E01000186,Barnet 014A,E02000037,Barnet 014,E09000003,Barnet,1734,477,259,288,379,331,872,247,139,153,176,157,862,230,120,135,203,174
E01000187,Barnet 014B,E02000037,Barnet 014,E09000003,Barnet,1744,496,263,327,357,301,864,266,131,161,164,142,880,230,132,166,193,159
E01000188,Barnet 014C,E02000037,Barnet 014,E09000003,Barnet,1577,355,229,244,393,356,812,196,128,121,202,165,765,159,101,123,191,191
E01000189,Barnet 014D,E02000037,Barnet 014,E09000003,Barnet,2278,598,384,683,434,179,1054,292,183,299,188,92,1224,306,201,384,246,87
E01000190,Barnet 014E,E02000037,Barnet 014,E09000003,Barnet,1757,430,242,335,455,295,850,207,117,160,233,133,907,223,125,175,222,162
E01000191,Barnet 014F,E02000037,Barnet 014,E09000003,Barnet,1588,370,188,291,330,409,803,198,101,148,153,203,785,172,87,143,177,206
E01000192,Barnet 018A,E02000041,Barnet 018,E09000003,Barnet,2169,514,310,498,503,344,1100,268,163,258,259,152,1069,246,147,240,244,192
E01000193,Barnet 018B,E02000041,Barnet 018,E09000003,Barnet,2098,437,373,503,459,326,1050,212,205,257,224,152,1048,225,168,246,235,174
E01000194,Barnet 018C,E02000041,Barnet 018,E09000003,Barnet,2064,500,320,515,451,278,1076,282,156,252,239,147,988,218,164,263,212,131
E01000195,Barnet 013A,E02000036,Barnet 013,E09000003,Barnet,2004,499,354,458,487,206,1035,261,172,246,258,98,969,238,182,212,229,108
E01000196,Barnet 028A,E02000051,Barnet 028,E09000003,Barnet,2332,354,393,748,479,358,1225,161,209,426,278,151,1107,193,184,322,201,207
E01000197,Barnet 023A,E02000046,Barnet 023,E09000003,Barnet,2064,407,310,632,469,246,1038,194,154,331,248,111,1026,213,156,301,221,135
E01000198,Barnet 025A,E02000048,Barnet 025,E09000003,Barnet,2247,581,317,496,502,351,1123,297,165,259,244,158,1124,284,152,237,258,193
E01000199,Barnet 025B,E02000048,Barnet 025,E09000003,Barnet,1643,302,196,296,385,464,772,148,104,125,196,199,871,154,92,171,189,265
E01000200,Barnet 028B,E02000051,Barnet 028,E09000003,Barnet,2092,426,274,458,451,483,999,213,140,237,221,188,1093,213,134,221,230,295
E01000201,Barnet 028C,E02000051,Barnet 028,E09000003,Barnet,1680,358,228,303,371,420,788,164,115,148,178,183,892,194,113,155,193,237
E01000202,Barnet 028D,E02000051,Barnet 028,E09000003,Barnet,1844,353,305,446,465,275,926,173,156,237,236,124,918,180,149,209,229,151
E01000203,Barnet 028E,E02000051,Barnet 028,E09000003,Barnet,2034,396,434,439,486,279,1050,207,260,203,249,131,984,189,174,236,237,148
E01000204,Barnet 025C,E02000048,Barnet 025,E09000003,Barnet,1906,343,268,435,477,383,964,180,118,238,236,192,942,163,150,197,241,191
E01000205,Barnet 035A,E02000058,Barnet 035,E09000003,Barnet,1722,398,222,359,429,314,805,184,116,168,184,153,917,214,106,191,245,161
E01000206,Barnet 033B,E02000056,Barnet 033,E09000003,Barnet,1580,318,219,253,451,339,768,164,116,128,200,160,812,154,103,125,251,179
E01000207,Barnet 033C,E02000056,Barnet 033,E09000003,Barnet,1659,363,278,284,402,332,815,181,162,136,199,137,844,182,116,148,203,195
E01000208,Barnet 033D,E02000056,Barnet 033,E09000003,Barnet,1704,346,251,372,408,327,815,187,139,184,186,119,889,159,112,188,222,208
E01000209,Barnet 035B,E02000058,Barnet 035,E09000003,Barnet,1508,291,117,247,364,489,690,155,68,120,155,192,818,136,49,127,209,297
E01000210,Barnet 033E,E02000056,Barnet 033,E09000003,Barnet,1643,416,214,360,402,251,769,212,108,154,185,110,874,204,106,206,217,141
E01000211,Barnet 035C,E02000058,Barnet 035,E09000003,Barnet,2268,363,512,649,476,268,1133,151,270,368,237,107,1135,212,242,281,239,161
E01000212,Barnet 035D,E02000058,Barnet 035,E09000003,Barnet,1514,278,238,296,386,316,739,146,118,151,162,162,775,132,120,145,224,154
E01000213,Barnet 033F,E02000056,Barnet 033,E09000003,Barnet,1408,341,221,204,389,253,672,169,108,103,174,118,736,172,113,101,215,135
E01000214,Barnet 038E,E02000061,Barnet 038,E09000003,Barnet,1909,309,345,541,448,266,960,140,191,284,222,123,949,169,154,257,226,143
E01000215,Barnet 037B,E02000060,Barnet 037,E09000003,Barnet,2330,705,514,473,304,334,1206,352,289,261,155,149,1124,353,225,212,149,185
E01000216,Barnet 035E,E02000058,Barnet 035,E09000003,Barnet,2141,551,378,465,465,282,1057,275,188,235,240,119,1084,276,190,230,225,163
E01000217,Barnet 035F,E02000058,Barnet 035,E09000003,Barnet,1860,531,329,407,354,239,979,296,158,224,183,118,881,235,171,183,171,121
E01000218,Barnet 037C,E02000060,Barnet 037,E09000003,Barnet,2122,638,447,444,380,213,1084,315,219,257,209,84,1038,323,228,187,171,129
E01000219,Barnet 037D,E02000060,Barnet 037,E09000003,Barnet,2109,625,428,520,343,193,1076,332,199,279,162,104,1033,293,229,241,181,89
E01000220,Barnet 037E,E02000060,Barnet 037,E09000003,Barnet,2132,493,363,542,404,330,1113,263,194,304,224,128,1019,230,169,238,180,202
E01000221,Barnet 039B,E02000062,Barnet 039,E09000003,Barnet,1317,365,239,270,324,119,643,188,135,134,136,50,674,177,104,136,188,69
E01000222,Barnet 040C,E02000063,Barnet 040,E09000003,Barnet,1975,440,359,479,487,210,1015,231,197,230,256,101,960,209,162,249,231,109
E01000223,Barnet 039C,E02000062,Barnet 039,E09000003,Barnet,1758,426,295,385,458,194,860,222,142,200,204,92,898,204,153,185,254,102
E01000224,Barnet 040D,E02000063,Barnet 040,E09000003,Barnet,1759,343,306,427,443,240,942,174,158,245,243,122,817,169,148,182,200,118
E01000225,Barnet 037F,E02000060,Barnet 037,E09000003,Barnet,2017,704,309,366,376,262,1021,367,161,175,193,125,996,337,148,191,183,137
E01000226,Barnet 018D,E02000041,Barnet 018,E09000003,Barnet,1801,449,309,387,471,185,884,243,165,166,235,75,917,206,144,221,236,110
E01000227,Barnet 018E,E02000041,Barnet 018,E09000003,Barnet,1954,455,285,359,469,386,981,261,146,188,225,161,973,194,139,171,244,225
E01000228,Barnet 007A,E02000030,Barnet 007,E09000003,Barnet,1517,355,246,246,456,214,737,166,134,123,211,103,780,189,112,123,245,111
E01000229,Barnet 013B,E02000036,Barnet 013,E09000003,Barnet,1757,438,302,387,447,183,882,238,168,173,208,95,875,200,134,214,239,88
E01000230,Barnet 013C,E02000036,Barnet 013,E09000003,Barnet,2034,511,327,358,416,422,996,257,162,176,202,199,1038,254,165,182,214,223
E01000231,Barnet 013D,E02000036,Barnet 013,E09000003,Barnet,1987,464,331,399,562,231,996,258,176,183,271,108,991,206,155,216,291,123
E01000232,Barnet 013E,E02000036,Barnet 013,E09000003,Barnet,1983,427,273,419,486,378,981,216,147,205,251,162,1002,211,126,214,235,216
E01000233,Barnet 013F,E02000036,Barnet 013,E09000003,Barnet,1905,466,298,453,440,248,942,242,158,220,210,112,963,224,140,233,230,136
E01000234,Barnet 021D,E02000044,Barnet 021,E09000003,Barnet,1886,450,233,494,407,302,872,215,110,238,195,114,1014,235,123,256,212,188
E01000235,Barnet 021E,E02000044,Barnet 021,E09000003,Barnet,1939,452,380,441,495,171,968,220,222,212,237,77,971,232,158,229,258,94
E01000236,Barnet 034A,E02000057,Barnet 034,E09000003,Barnet,2096,570,466,498,328,234,1062,291,223,290,151,107,1034,279,243,208,177,127
E01000237,Barnet 032A,E02000055,Barnet 032,E09000003,Barnet,2233,470,530,606,405,222,1228,259,296,346,216,111,1005,211,234,260,189,111
E01000238,Barnet 034B,E02000057,Barnet 034,E09000003,Barnet,2085,614,367,540,359,205,1075,336,177,283,175,104,1010,278,190,257,184,101
E01000239,Barnet 031A,E02000054,Barnet 031,E09000003,Barnet,2079,363,453,601,485,177,1051,180,230,315,251,75,1028,183,223,286,234,102
E01000240,Barnet 031B,E02000054,Barnet 031,E09000003,Barnet,1754,291,386,389,439,249,892,151,201,212,209,119,862,140,185,177,230,130
E01000241,Barnet 031C,E02000054,Barnet 031,E09000003,Barnet,1789,347,320,443,409,270,966,203,162,242,217,142,823,144,158,201,192,128
E01000242,Barnet 032B,E02000055,Barnet 032,E09000003,Barnet,1662,400,211,296,382,373,829,221,109,154,189,156,833,179,102,142,193,217
E01000243,Barnet 032C,E02000055,Barnet 032,E09000003,Barnet,2070,406,461,546,397,260,1063,204,249,293,195,122,1007,202,212,253,202,138
E01000244,Barnet 032D,E02000055,Barnet 032,E09000003,Barnet,1639,250,370,421,356,242,877,141,207,241,179,109,762,109,163,180,177,133
E01000245,Barnet 032E,E02000055,Barnet 032,E09000003,Barnet,2206,413,516,530,525,222,1183,220,292,296,276,99,1023,193,224,234,249,123
E01000246,Barnet 002B,E02000025,Barnet 002,E09000003,Barnet,1527,300,164,302,429,332,740,164,82,156,198,140,787,136,82,146,231,192
E01000247,Barnet 002C,E02000025,Barnet 002,E09000003,Barnet,1747,317,264,418,504,244,842,167,122,187,258,108,905,150,142,231,246,136
E01000248,Barnet 001A,E02000024,Barnet 001,E09000003,Barnet,1767,329,219,326,526,367,878,162,116,166,281,153,889,167,103,160,245,214
E01000249,Barnet 001B,E02000024,Barnet 001,E09000003,Barnet,1512,296,193,245,461,317,726,156,98,124,229,119,786,140,95,121,232,198
E01000250,Barnet 001C,E02000024,Barnet 001,E09000003,Barnet,2793,480,505,620,759,429,1382,236,270,332,365,179,1411,244,235,288,394,250
E01000251,Barnet 002D,E02000025,Barnet 002,E09000003,Barnet,2123,421,282,497,562,361,1046,218,135,232,286,175,1077,203,147,265,276,186
E01000252,Barnet 002E,E02000025,Barnet 002,E09000003,Barnet,1694,316,257,376,438,307,809,165,117,173,230,124,885,151,140,203,208,183
E01000253,Barnet 007B,E02000030,Barnet 007,E09000003,Barnet,1735,261,264,219,519,472,817,141,146,103,239,188,918,120,118,116,280,284
E01000254,Barnet 001D,E02000024,Barnet 001,E09000003,Barnet,1625,287,203,250,497,388,770,155,106,119,233,157,855,132,97,131,264,231
E01000255,Barnet 017A,E02000040,Barnet 017,E09000003,Barnet,1473,293,235,260,400,285,729,168,121,123,197,120,744,125,114,137,203,165
E01000256,Barnet 016A,E02000039,Barnet 016,E09000003,Barnet,1878,392,270,384,511,321,871,180,119,194,230,148,1007,212,151,190,281,173
E01000257,Barnet 017B,E02000040,Barnet 017,E09000003,Barnet,1990,473,324,515,439,239,968,254,162,254,201,97,1022,219,162,261,238,142
E01000258,Barnet 016B,E02000039,Barnet 016,E09000003,Barnet,1915,383,311,384,470,367,960,196,171,199,238,156,955,187,140,185,232,211
E01000259,Barnet 025D,E02000048,Barnet 025,E09000003,Barnet,2785,563,440,678,734,370,1389,294,200,372,353,170,1396,269,240,306,381,200
E01000260,Barnet 025E,E02000048,Barnet 025,E09000003,Barnet,2249,533,378,598,510,230,1143,283,196,302,266,96,1106,250,182,296,244,134
E01000261,Barnet 017C,E02000040,Barnet 017,E09000003,Barnet,1749,311,278,231,447,482,844,157,149,127,193,218,905,154,129,104,254,264
E01000262,Barnet 017D,E02000040,Barnet 017,E09000003,Barnet,3286,947,495,891,606,347,1647,487,271,430,287,172,1639,460,224,461,319,175
E01000263,Barnet 016C,E02000039,Barnet 016,E09000003,Barnet,1580,362,231,270,451,266,767,181,111,129,213,133,813,181,120,141,238,133
E01000264,Barnet 016D,E02000039,Barnet 016,E09000003,Barnet,1830,386,275,455,478,236,939,195,138,243,245,118,891,191,137,212,233,118
E01000265,Barnet 011A,E02000034,Barnet 011,E09000003,Barnet,2134,492,293,571,525,253,1031,252,147,243,267,122,1103,240,146,328,258,131
E01000266,Barnet 011B,E02000034,Barnet 011,E09000003,Barnet,1452,287,207,237,411,310,726,161,112,111,188,154,726,126,95,126,223,156
E01000267,Barnet 005A,E02000028,Barnet 005,E09000003,Barnet,1597,295,209,360,477,256,820,151,132,188,232,117,777,144,77,172,245,139
E01000268,Barnet 005B,E02000028,Barnet 005,E09000003,Barnet,2303,542,368,628,468,297,1123,252,202,283,260,126,1180,290,166,345,208,171
E01000269,Barnet 005C,E02000028,Barnet 005,E09000003,Barnet,1437,247,217,276,430,267,729,130,118,148,204,129,708,117,99,128,226,138
E01000270,Barnet 005D,E02000028,Barnet 005,E09000003,Barnet,1502,306,182,311,423,280,751,173,100,152,208,118,751,133,82,159,215,162
E01000271,Barnet 008A,E02000031,Barnet 008,E09000003,Barnet,1582,312,213,292,421,344,778,160,124,144,206,144,804,152,89,148,215,200
E01000272,Barnet 008B,E02000031,Barnet 008,E09000003,Barnet,1458,251,175,240,400,392,691,122,79,107,208,175,767,129,96,133,192,217
E01000273,Barnet 008C,E02000031,Barnet 008,E09000003,Barnet,1650,250,204,371,421,404,756,114,104,185,195,158,894,136,100,186,226,246
E01000274,Barnet 011C,E02000034,Barnet 011,E09000003,Barnet,2023,437,341,427,529,289,974,211,193,197,251,122,1049,226,148,230,278,167
E01000275,Barnet 012A,E02000035,Barnet 012,E09000003,Barnet,1748,302,236,408,423,379,835,145,118,202,213,157,913,157,118,206,210,222
E01000276,Barnet 020A,E02000043,Barnet 020,E09000003,Barnet,1582,414,204,269,444,251,779,214,98,125,226,116,803,200,106,144,218,135
E01000277,Barnet 012B,E02000035,Barnet 012,E09000003,Barnet,2155,458,301,678,392,326,1047,227,142,344,195,139,1108,231,159,334,197,187
E01000278,Barnet 020B,E02000043,Barnet 020,E09000003,Barnet,1667,422,202,281,459,303,830,219,102,134,231,144,837,203,100,147,228,159
E01000279,Barnet 007C,E02000030,Barnet 007,E09000003,Barnet,1440,252,160,208,411,409,722,145,84,99,204,190,718,107,76,109,207,219
E01000280,Barnet 007D,E02000030,Barnet 007,E09000003,Barnet,1311,206,181,170,424,330,630,89,87,97,201,156,681,117,94,73,223,174
E01000281,Barnet 008D,E02000031,Barnet 008,E09000003,Barnet,1607,347,206,528,302,224,843,183,113,298,162,87,764,164,93,230,140,137
E01000282,Barnet 008E,E02000031,Barnet 008,E09000003,Barnet,1834,391,259,401,444,339,898,216,124,193,216,149,936,175,135,208,228,190
E01000283,Barnet 012C,E02000035,Barnet 012,E09000003,Barnet,1463,325,185,228,407,318,736,167,97,119,186,167,727,158,88,109,221,151
E01000284,Barnet 012D,E02000035,Barnet 012,E09000003,Barnet,1804,313,312,483,450,246,905,154,175,244,233,99,899,159,137,239,217,147
E01000285,Barnet 004A,E02000027,Barnet 004,E09000003,Barnet,1387,285,176,288,369,269,664,153,84,137,163,127,723,132,92,151,206,142
E01000286,Barnet 007E,E02000030,Barnet 007,E09000003,Barnet,1723,341,246,366,464,306,848,197,134,183,224,110,875,144,112,183,240,196
E01000287,Barnet 004B,E02000027,Barnet 004,E09000003,Barnet,1582,308,293,291,442,248,740,164,159,119,203,95,842,144,134,172,239,153
E01000288,Barnet 004C,E02000027,Barnet 004,E09000003,Barnet,1567,336,248,297,422,264,809,185,145,148,211,120,758,151,103,149,211,144
E01000289,Barnet 004D,E02000027,Barnet 004,E09000003,Barnet,1652,399,292,305,449,207,787,209,157,142,196,83,865,190,135,163,253,124
E01000290,Barnet 007F,E02000030,Barnet 007,E09000003,Barnet,1613,273,204,243,482,411,811,166,100,143,204,198,802,107,104,100,278,213
E01000291,Barnet 004E,E02000027,Barnet 004,E09000003,Barnet,1580,381,254,362,407,176,782,199,153,159,181,90,798,182,101,203,226,86
E01000292,Barnet 001E,E02000024,Barnet 001,E09000003,Barnet,1629,274,209,309,438,399,789,138,106,159,205,181,840,136,103,150,233,218
E01000293,Barnet 001F,E02000024,Barnet 001,E09000003,Barnet,1768,303,265,353,515,332,862,156,124,182,235,165,906,147,141,171,280,167
E01000294,Barnet 004F,E02000027,Barnet 004,E09000003,Barnet,1857,337,236,365,491,428,909,173,130,178,230,198,948,164,106,187,261,230
E01000295,Barnet 023B,E02000046,Barnet 023,E09000003,Barnet,1769,306,313,501,423,226,861,144,157,257,213,90,908,162,156,244,210,136
E01000296,Barnet 023C,E02000046,Barnet 023,E09000003,Barnet,1859,339,265,645,397,213,971,175,136,355,227,78,888,164,129,290,170,135
E01000297,Barnet 027D,E02000050,Barnet 027,E09000003,Barnet,1554,288,247,480,349,190,818,157,137,265,162,97,736,131,110,215,187,93
E01000298,Barnet 023D,E02000046,Barnet 023,E09000003,Barnet,2007,360,335,600,444,268,1018,185,170,311,231,121,989,175,165,289,213,147
E01000299,Barnet 019A,E02000042,Barnet 019,E09000003,Barnet,2283,507,326,640,519,291,1131,270,156,306,284,115,1152,237,170,334,235,176
E01000300,Barnet 019B,E02000042,Barnet 019,E09000003,Barnet,1763,353,235,452,469,254,865,180,110,221,238,116,898,173,125,231,231,138
E01000301,Barnet 020C,E02000043,Barnet 020,E09000003,Barnet,1628,366,213,366,397,286,785,211,82,177,193,122,843,155,131,189,204,164
E01000302,Barnet 019C,E02000042,Barnet 019,E09000003,Barnet,2060,381,314,622,511,232,1075,212,147,336,277,103,985,169,167,286,234,129
E01000303,Barnet 020D,E02000043,Barnet 020,E09000003,Barnet,1778,441,240,399,423,275,838,201,123,203,204,107,940,240,117,196,219,168
E01000304,Barnet 020E,E02000043,Barnet 020,E09000003,Barnet,1669,337,301,448,384,199,824,212,146,208,181,77,845,125,155,240,203,122
E01000305,Barnet 036B,E02000059,Barnet 036,E09000003,Barnet,1686,283,280,523,370,230,885,127,123,311,216,108,801,156,157,212,154,122
E01000306,Barnet 036C,E02000059,Barnet 036,E09000003,Barnet,1695,294,299,517,378,207,880,144,146,313,186,91,815,150,153,204,192,116
E01000307,Barnet 039D,E02000062,Barnet 039,E09000003,Barnet,1731,338,320,410,432,231,895,180,177,208,222,108,836,158,143,202,210,123
E01000308,Barnet 036D,E02000059,Barnet 036,E09000003,Barnet,2180,463,369,624,478,246,1053,233,181,311,230,98,1127,230,188,313,248,148
E01000309,Barnet 031D,E02000054,Barnet 031,E09000003,Barnet,2033,373,419,487,499,255,1027,173,225,258,252,119,1006,200,194,229,247,136
E01000310,Barnet 034C,E02000057,Barnet 034,E09000003,Barnet,2240,365,492,593,500,290,1161,189,240,332,279,121,1079,176,252,261,221,169
E01000311,Barnet 034D,E02000057,Barnet 034,E09000003,Barnet,1903,609,327,415,321,231,944,293,165,225,160,101,959,316,162,190,161,130
E01000312,Barnet 036E,E02000059,Barnet 036,E09000003,Barnet,1816,383,291,454,526,162,925,191,158,240,262,74,891,192,133,214,264,88
E01000313,Barnet 036F,E02000059,Barnet 036,E09000003,Barnet,2285,445,448,710,463,219,1208,222,249,399,246,92,1077,223,199,311,217,127
E01000314,Barnet 032F,E02000055,Barnet 032,E09000003,Barnet,2131,372,432,583,498,246,1076,194,218,287,267,110,1055,178,214,296,231,136
E01000315,Barnet 022F,E02000045,Barnet 022,E09000003,Barnet,1744,359,339,272,531,243,860,185,189,113,261,112,884,174,150,159,270,131
E01000316,Barnet 027E,E02000050,Barnet 027,E09000003,Barnet,2528,552,448,690,540,298,1283,264,260,356,264,139,1245,288,188,334,276,159
E01000317,Barnet 019D,E02000042,Barnet 019,E09000003,Barnet,1821,393,258,444,466,260,894,205,142,237,214,96,927,188,116,207,252,164
E01000318,Barnet 019E,E02000042,Barnet 019,E09000003,Barnet,1896,351,315,379,487,364,939,186,165,190,230,168,957,165,150,189,257,196
E01000319,Barnet 027F,E02000050,Barnet 027,E09000003,Barnet,1577,321,231,349,441,235,805,163,120,192,220,110,772,158,111,157,221,125
E01000320,Barnet 011D,E02000034,Barnet 011,E09000003,Barnet,1910,346,302,428,499,335,925,182,148,214,235,146,985,164,154,214,264,189
E01000321,Barnet 012E,E02000035,Barnet 012,E09000003,Barnet,1903,313,335,573,429,253,900,143,161,301,206,89,1003,170,174,272,223,164
E01000322,Barnet 011E,E02000034,Barnet 011,E09000003,Barnet,1864,383,219,494,439,329,871,190,98,231,220,132,993,193,121,263,219,197
E01000323,Barnet 019F,E02000042,Barnet 019,E09000003,Barnet,2483,490,414,707,541,331,1276,238,218,380,305,135,1207,252,196,327,236,196
E01000324,Barnet 015F,E02000038,Barnet 015,E09000003,Barnet,1851,383,273,439,502,254,910,187,141,244,218,120,941,196,132,195,284,134
E01000325,Bexley 014A,E02000078,Bexley 014,E09000004,Bexley,1643,302,254,326,429,332,810,164,129,155,208,154,833,138,125,171,221,178
E01000326,Bexley 014B,E02000078,Bexley 014,E09000004,Bexley,1360,296,220,364,304,176,652,147,112,174,140,79,708,149,108,190,164,97
E01000327,Bexley 017A,E02000081,Bexley 017,E09000004,Bexley,1654,307,241,310,410,386,796,150,115,146,208,177,858,157,126,164,202,209
E01000328,Bexley 017B,E02000081,Bexley 017,E09000004,Bexley,1478,245,208,302,376,347,708,140,121,129,179,139,770,105,87,173,197,208
E01000329,Bexley 017C,E02000081,Bexley 017,E09000004,Bexley,1649,361,219,378,408,283,746,160,107,186,177,116,903,201,112,192,231,167
E01000330,Bexley 017D,E02000081,Bexley 017,E09000004,Bexley,1622,282,214,302,445,379,729,123,113,141,216,136,893,159,101,161,229,243
E01000331,Bexley 017E,E02000081,Bexley 017,E09000004,Bexley,1749,445,255,338,443,268,900,276,137,160,217,110,849,169,118,178,226,158
E01000332,Bexley 005A,E02000069,Bexley 005,E09000004,Bexley,1595,285,259,277,419,355,765,153,122,128,215,147,830,132,137,149,204,208
E01000333,Bexley 003A,E02000067,Bexley 003,E09000004,Bexley,1922,442,294,472,441,273,938,209,145,253,213,118,984,233,149,219,228,155
E01000334,Bexley 006A,E02000070,Bexley 006,E09000004,Bexley,1666,323,269,344,452,278,811,171,129,185,215,111,855,152,140,159,237,167
E01000335,Bexley 003B,E02000067,Bexley 003,E09000004,Bexley,2740,696,510,762,557,215,1352,369,235,376,274,98,1388,327,275,386,283,117
E01000336,Bexley 003C,E02000067,Bexley 003,E09000004,Bexley,2135,561,434,497,436,207,1038,278,213,237,208,102,1097,283,221,260,228,105
E01000337,Bexley 003D,E02000067,Bexley 003,E09000004,Bexley,1786,439,302,453,416,176,905,234,151,221,209,90,881,205,151,232,207,86
E01000338,Bexley 003E,E02000067,Bexley 003,E09000004,Bexley,1998,448,376,501,474,199,1000,220,195,246,253,86,998,228,181,255,221,113
E01000339,Bexley 025A,E02000089,Bexley 025,E09000004,Bexley,1572,341,217,312,404,298,738,167,105,149,182,135,834,174,112,163,222,163
E01000340,Bexley 018A,E02000082,Bexley 018,E09000004,Bexley,1482,303,202,282,380,315,738,181,99,126,197,135,744,122,103,156,183,180
E01000341,Bexley 022A,E02000086,Bexley 022,E09000004,Bexley,1563,261,209,245,477,371,746,132,102,131,221,160,817,129,107,114,256,211
E01000342,Bexley 022B,E02000086,Bexley 022,E09000004,Bexley,1620,323,263,343,430,261,773,171,130,166,200,106,847,152,133,177,230,155
E01000343,Bexley 022C,E02000086,Bexley 022,E09000004,Bexley,1565,327,241,308,397,292,775,165,122,159,193,136,790,162,119,149,204,156
E01000344,Bexley 025B,E02000089,Bexley 025,E09000004,Bexley,1587,289,276,311,418,293,748,150,133,142,209,114,839,139,143,169,209,179
E01000345,Bexley 022D,E02000086,Bexley 022,E09000004,Bexley,1326,237,216,227,398,248,669,142,107,109,192,119,657,95,109,118,206,129
E01000346,Bexley 021A,E02000085,Bexley 021,E09000004,Bexley,1641,351,285,330,386,289,800,187,144,155,178,136,841,164,141,175,208,153
E01000347,Bexley 021B,E02000085,Bexley 021,E09000004,Bexley,1482,289,241,299,382,271,726,153,116,154,180,123,756,136,125,145,202,148
E01000348,Bexley 020A,E02000084,Bexley 020,E09000004,Bexley,1539,309,229,263,453,285,795,162,128,143,224,138,744,147,101,120,229,147
E01000349,Bexley 020B,E02000084,Bexley 020,E09000004,Bexley,1638,322,206,293,435,382,785,164,104,141,198,178,853,158,102,152,237,204
E01000350,Bexley 021C,E02000085,Bexley 021,E09000004,Bexley,1526,292,281,283,425,245,740,148,126,149,201,116,786,144,155,134,224,129
E01000351,Bexley 024A,E02000088,Bexley 024,E09000004,Bexley,1631,295,271,295,445,325,791,135,141,146,219,150,840,160,130,149,226,175
E01000352,Bexley 021D,E02000085,Bexley 021,E09000004,Bexley,1722,348,249,367,442,316,795,159,123,180,214,119,927,189,126,187,228,197
E01000353,Bexley 011A,E02000075,Bexley 011,E09000004,Bexley,1682,288,200,280,458,456,819,150,109,129,231,200,863,138,91,151,227,256
E01000354,Bexley 011B,E02000075,Bexley 011,E09000004,Bexley,1514,284,235,306,414,275,713,149,123,153,188,100,801,135,112,153,226,175
E01000355,Bexley 011C,E02000075,Bexley 011,E09000004,Bexley,1583,227,213,275,442,426,798,128,120,132,217,201,785,99,93,143,225,225
E01000356,Bexley 009A,E02000073,Bexley 009,E09000004,Bexley,1580,288,187,308,396,401,771,142,107,143,206,173,809,146,80,165,190,228
E01000357,Bexley 009B,E02000073,Bexley 009,E09000004,Bexley,1467,288,236,291,413,239,694,153,105,134,202,100,773,135,131,157,211,139
E01000358,Bexley 011D,E02000075,Bexley 011,E09000004,Bexley,1702,289,236,329,472,376,835,148,113,183,219,172,867,141,123,146,253,204
E01000359,Bexley 009C,E02000073,Bexley 009,E09000004,Bexley,1238,207,192,211,347,281,603,109,87,102,175,130,635,98,105,109,172,151
E01000360,Bexley 015A,E02000079,Bexley 015,E09000004,Bexley,1951,369,356,444,457,325,964,205,190,209,243,117,987,164,166,235,214,208
E01000361,Bexley 020C,E02000084,Bexley 020,E09000004,Bexley,1621,305,236,382,458,240,798,160,119,201,215,103,823,145,117,181,243,137
E01000362,Bexley 015B,E02000079,Bexley 015,E09000004,Bexley,1651,306,194,354,430,367,773,153,93,173,215,139,878,153,101,181,215,228
E01000363,Bexley 020D,E02000084,Bexley 020,E09000004,Bexley,1580,305,219,322,412,322,802,147,117,188,194,156,778,158,102,134,218,166
E01000364,Bexley 023A,E02000087,Bexley 023,E09000004,Bexley,1687,315,228,388,458,298,813,161,97,192,230,133,874,154,131,196,228,165
E01000365,Bexley 015C,E02000079,Bexley 015,E09000004,Bexley,1836,350,289,394,383,420,834,166,130,196,184,158,1002,184,159,198,199,262
E01000366,Bexley 015D,E02000079,Bexley 015,E09000004,Bexley,1718,361,256,450,441,210,841,209,111,219,205,97,877,152,145,231,236,113
E01000367,Bexley 010A,E02000074,Bexley 010,E09000004,Bexley,2196,549,341,498,572,236,1035,279,157,209,285,105,1161,270,184,289,287,131
E01000368,Bexley 010B,E02000074,Bexley 010,E09000004,Bexley,1654,415,269,348,443,179,764,210,130,146,202,76,890,205,139,202,241,103
E01000369,Bexley 014C,E02000078,Bexley 014,E09000004,Bexley,1727,309,220,377,472,349,845,168,118,194,213,152,882,141,102,183,259,197
E01000370,Bexley 014D,E02000078,Bexley 014,E09000004,Bexley,1605,275,203,311,401,415,804,152,115,156,194,187,801,123,88,155,207,228
E01000371,Bexley 014E,E02000078,Bexley 014,E09000004,Bexley,1615,342,235,399,367,272,793,179,128,195,175,116,822,163,107,204,192,156
E01000372,Bexley 010C,E02000074,Bexley 010,E09000004,Bexley,1618,374,261,344,412,227,774,186,125,148,198,117,844,188,136,196,214,110
E01000373,Bexley 008A,E02000072,Bexley 008,E09000004,Bexley,1433,495,250,384,214,90,669,261,104,161,112,31,764,234,146,223,102,59
E01000374,Bexley 019A,E02000083,Bexley 019,E09000004,Bexley,1667,472,336,289,413,157,791,229,185,119,195,63,876,243,151,170,218,94
E01000375,Bexley 019B,E02000083,Bexley 019,E09000004,Bexley,2162,516,331,612,484,219,1079,255,178,293,251,102,1083,261,153,319,233,117
E01000376,Bexley 019C,E02000083,Bexley 019,E09000004,Bexley,1624,347,272,360,412,233,780,182,127,175,199,97,844,165,145,185,213,136
E01000377,Bexley 019D,E02000083,Bexley 019,E09000004,Bexley,1478,261,186,348,371,312,753,127,102,192,192,140,725,134,84,156,179,172
E01000378,Bexley 019E,E02000083,Bexley 019,E09000004,Bexley,3001,600,582,771,687,361,1490,292,258,423,358,159,1511,308,324,348,329,202
E01000379,Bexley 019F,E02000083,Bexley 019,E09000004,Bexley,1816,359,343,377,480,257,931,184,193,200,232,122,885,175,150,177,248,135
E01000380,Bexley 010D,E02000074,Bexley 010,E09000004,Bexley,1745,268,259,428,464,326,837,127,137,193,216,164,908,141,122,235,248,162
E01000381,Bexley 028A,E02000092,Bexley 028,E09000004,Bexley,1716,383,278,358,438,259,804,180,131,181,205,107,912,203,147,177,233,152
E01000382,Bexley 027A,E02000091,Bexley 027,E09000004,Bexley,1541,312,222,257,457,293,747,182,105,129,205,126,794,130,117,128,252,167
E01000383,Bexley 028B,E02000092,Bexley 028,E09000004,Bexley,1527,259,235,224,446,363,733,137,126,92,220,158,794,122,109,132,226,205
E01000384,Bexley 027B,E02000091,Bexley 027,E09000004,Bexley,1712,343,275,327,431,336,806,194,143,137,208,124,906,149,132,190,223,212
E01000385,Bexley 028C,E02000092,Bexley 028,E09000004,Bexley,2009,497,364,478,453,217,923,243,174,207,202,97,1086,254,190,271,251,120
E01000386,Bexley 028D,E02000092,Bexley 028,E09000004,Bexley,1506,325,275,291,369,246,648,164,119,111,174,80,858,161,156,180,195,166
E01000387,Bexley 027C,E02000091,Bexley 027,E09000004,Bexley,1603,323,229,282,448,321,755,155,121,126,207,146,848,168,108,156,241,175
E01000388,Bexley 016A,E02000080,Bexley 016,E09000004,Bexley,1535,270,198,274,405,388,728,149,101,121,198,159,807,121,97,153,207,229
E01000389,Bexley 020E,E02000084,Bexley 020,E09000004,Bexley,1771,304,258,430,399,380,890,160,138,204,206,182,881,144,120,226,193,198
E01000390,Bexley 020F,E02000084,Bexley 020,E09000004,Bexley,1289,259,171,237,345,277,618,131,88,118,161,120,671,128,83,119,184,157
E01000391,Bexley 021E,E02000085,Bexley 021,E09000004,Bexley,1745,347,323,409,407,259,833,173,138,219,191,112,912,174,185,190,216,147
E01000392,Bexley 016B,E02000080,Bexley 016,E09000004,Bexley,2153,549,332,603,502,167,1020,269,163,279,218,91,1133,280,169,324,284,76
E01000393,Bexley 020G,E02000084,Bexley 020,E09000004,Bexley,1731,386,249,408,440,248,867,223,130,199,218,97,864,163,119,209,222,151
E01000394,Bexley 015E,E02000079,Bexley 015,E09000004,Bexley,1663,310,254,342,389,368,752,153,131,158,174,136,911,157,123,184,215,232
E01000395,Bexley 018B,E02000082,Bexley 018,E09000004,Bexley,1534,301,221,329,403,280,764,134,121,171,207,131,770,167,100,158,196,149
E01000396,Bexley 018C,E02000082,Bexley 018,E09000004,Bexley,1359,275,216,262,349,257,703,149,123,134,168,129,656,126,93,128,181,128
E01000398,Bexley 029A,E02006785,Bexley 029,E09000004,Bexley,1633,316,276,310,457,274,783,156,164,148,202,113,850,160,112,162,255,161
E01000399,Bexley 029B,E02006785,Bexley 029,E09000004,Bexley,1590,299,227,338,356,370,754,148,99,178,167,162,836,151,128,160,189,208
E01000400,Bexley 029C,E02006785,Bexley 029,E09000004,Bexley,1592,312,242,326,436,276,789,181,126,151,205,126,803,131,116,175,231,150
E01000401,Bexley 013A,E02000077,Bexley 013,E09000004,Bexley,1803,328,316,389,445,325,809,171,147,177,194,120,994,157,169,212,251,205
E01000402,Bexley 005B,E02000069,Bexley 005,E09000004,Bexley,1591,369,268,318,398,238,742,179,111,136,208,108,849,190,157,182,190,130
E01000403,Bexley 004A,E02000068,Bexley 004,E09000004,Bexley,2338,542,389,508,488,411,1124,298,182,246,221,177,1214,244,207,262,267,234
E01000404,Bexley 004B,E02000068,Bexley 004,E09000004,Bexley,2532,700,540,686,505,101,1281,380,278,313,263,47,1251,320,262,373,242,54
E01000405,Bexley 004C,E02000068,Bexley 004,E09000004,Bexley,1570,410,307,371,392,90,793,193,168,187,202,43,777,217,139,184,190,47
E01000406,Bexley 005C,E02000069,Bexley 005,E09000004,Bexley,2068,566,380,528,455,139,1045,309,169,274,223,70,1023,257,211,254,232,69
E01000407,Bexley 005D,E02000069,Bexley 005,E09000004,Bexley,1698,308,238,369,385,398,832,172,128,173,191,168,866,136,110,196,194,230
E01000408,Bexley 004D,E02000068,Bexley 004,E09000004,Bexley,1877,448,374,419,459,177,935,226,199,197,236,77,942,222,175,222,223,100
E01000409,Bexley 016C,E02000080,Bexley 016,E09000004,Bexley,1750,324,246,377,461,342,858,185,125,168,208,172,892,139,121,209,253,170
E01000410,Bexley 018D,E02000082,Bexley 018,E09000004,Bexley,1665,332,258,390,436,249,838,181,136,187,214,120,827,151,122,203,222,129
E01000411,Bexley 016D,E02000080,Bexley 016,E09000004,Bexley,1461,259,246,300,393,263,679,120,119,154,174,112,782,139,127,146,219,151
E01000412,Bexley 018E,E02000082,Bexley 018,E09000004,Bexley,1818,391,290,457,469,211,886,194,131,215,244,102,932,197,159,242,225,109
E01000413,Bexley 018F,E02000082,Bexley 018,E09000004,Bexley,1367,258,240,279,344,246,657,138,120,146,154,99,710,120,120,133,190,147
E01000414,Bexley 016E,E02000080,Bexley 016,E09000004,Bexley,1996,399,377,468,461,291,1016,222,204,249,229,112,980,177,173,219,232,179
E01000415,Bexley 016F,E02000080,Bexley 016,E09000004,Bexley,1451,216,253,260,429,293,756,130,141,134,220,131,695,86,112,126,209,162
E01000416,Bexley 002A,E02000066,Bexley 002,E09000004,Bexley,1748,362,368,378,432,208,859,181,184,191,215,88,889,181,184,187,217,120
E01000417,Bexley 006B,E02000070,Bexley 006,E09000004,Bexley,1824,344,273,417,488,302,869,181,114,197,248,129,955,163,159,220,240,173
E01000418,Bexley 002B,E02000066,Bexley 002,E09000004,Bexley,2101,460,352,523,490,276,1014,235,177,242,248,112,1087,225,175,281,242,164
E01000419,Bexley 006C,E02000070,Bexley 006,E09000004,Bexley,1362,239,207,234,357,325,651,123,102,105,182,139,711,116,105,129,175,186
E01000420,Bexley 006D,E02000070,Bexley 006,E09000004,Bexley,1545,273,288,261,424,299,734,135,156,121,198,124,811,138,132,140,226,175
E01000421,Bexley 009D,E02000073,Bexley 009,E09000004,Bexley,1488,217,183,251,428,409,723,116,98,118,203,188,765,101,85,133,225,221
E01000422,Bexley 002C,E02000066,Bexley 002,E09000004,Bexley,1536,401,291,335,386,123,771,200,147,146,200,78,765,201,144,189,186,45
E01000423,Bexley 025C,E02000089,Bexley 025,E09000004,Bexley,1636,314,226,309,421,366,815,166,133,147,210,159,821,148,93,162,211,207
E01000424,Bexley 026A,E02000090,Bexley 026,E09000004,Bexley,1671,241,259,337,460,374,841,140,140,170,223,168,830,101,119,167,237,206
E01000425,Bexley 025D,E02000089,Bexley 025,E09000004,Bexley,1738,338,204,286,445,465,822,174,115,124,230,179,916,164,89,162,215,286
E01000426,Bexley 026B,E02000090,Bexley 026,E09000004,Bexley,1602,301,251,386,415,249,787,158,133,184,201,111,815,143,118,202,214,138
E01000427,Bexley 026C,E02000090,Bexley 026,E09000004,Bexley,2214,442,355,411,500,506,1016,212,164,204,238,198,1198,230,191,207,262,308
E01000428,Bexley 027D,E02000091,Bexley 027,E09000004,Bexley,1866,239,391,379,388,469,828,136,184,169,193,146,1038,103,207,210,195,323
E01000429,Bexley 008B,E02000072,Bexley 008,E09000004,Bexley,1752,492,321,440,353,146,849,269,139,194,179,68,903,223,182,246,174,78
E01000430,Bexley 008C,E02000072,Bexley 008,E09000004,Bexley,2282,586,468,506,562,160,1078,287,252,240,243,56,1204,299,216,266,319,104
E01000431,Bexley 008D,E02000072,Bexley 008,E09000004,Bexley,1417,322,277,297,377,144,721,158,162,131,192,78,696,164,115,166,185,66
E01000432,Bexley 008E,E02000072,Bexley 008,E09000004,Bexley,2633,725,409,687,577,235,1235,344,198,287,299,107,1398,381,211,400,278,128
E01000433,Bexley 008F,E02000072,Bexley 008,E09000004,Bexley,2065,578,443,410,464,170,996,313,201,175,241,66,1069,265,242,235,223,104
E01000434,Bexley 008G,E02000072,Bexley 008,E09000004,Bexley,1776,453,356,310,465,192,785,227,175,108,192,83,991,226,181,202,273,109
E01000435,Bexley 010E,E02000074,Bexley 010,E09000004,Bexley,1464,356,250,288,359,211,678,175,120,118,180,85,786,181,130,170,179,126
E01000436,Bexley 011E,E02000075,Bexley 011,E09000004,Bexley,1791,333,265,338,440,415,896,171,145,166,210,204,895,162,120,172,230,211
E01000437,Bexley 007A,E02000071,Bexley 007,E09000004,Bexley,1342,250,239,249,394,210,656,136,116,125,177,102,686,114,123,124,217,108
E01000438,Bexley 007B,E02000071,Bexley 007,E09000004,Bexley,1721,412,330,355,417,207,862,206,182,171,202,101,859,206,148,184,215,106
E01000439,Bexley 007C,E02000071,Bexley 007,E09000004,Bexley,1399,313,213,321,377,175,694,148,119,154,196,77,705,165,94,167,181,98
E01000440,Bexley 007D,E02000071,Bexley 007,E09000004,Bexley,1417,231,226,241,403,316,682,113,125,115,192,137,735,118,101,126,211,179
E01000441,Bexley 007E,E02000071,Bexley 007,E09000004,Bexley,1715,433,291,383,425,183,826,248,121,182,207,68,889,185,170,201,218,115
E01000442,Bexley 006E,E02000070,Bexley 006,E09000004,Bexley,1632,308,251,309,463,301,771,143,126,166,207,129,861,165,125,143,256,172
E01000443,Bexley 024B,E02000088,Bexley 024,E09000004,Bexley,1322,269,236,284,329,204,616,143,124,126,138,85,706,126,112,158,191,119
E01000444,Bexley 023B,E02000087,Bexley 023,E09000004,Bexley,1669,286,246,254,477,406,824,162,129,114,235,184,845,124,117,140,242,222
E01000445,Bexley 024C,E02000088,Bexley 024,E09000004,Bexley,1627,322,197,300,412,396,795,174,114,143,209,155,832,148,83,157,203,241
E01000446,Bexley 024D,E02000088,Bexley 024,E09000004,Bexley,1585,329,255,370,391,240,754,175,103,184,178,114,831,154,152,186,213,126
E01000447,Bexley 023C,E02000087,Bexley 023,E09000004,Bexley,1904,339,369,470,448,278,878,173,157,206,230,112,1026,166,212,264,218,166
E01000448,Bexley 023D,E02000087,Bexley 023,E09000004,Bexley,1317,193,196,179,428,321,655,97,109,79,211,159,662,96,87,100,217,162
E01000449,Bexley 023E,E02000087,Bexley 023,E09000004,Bexley,1452,236,175,236,402,403,681,117,88,105,193,178,771,119,87,131,209,225
E01000450,Bexley 009E,E02000073,Bexley 009,E09000004,Bexley,1859,406,324,394,487,248,906,211,149,187,248,111,953,195,175,207,239,137
E01000451,Bexley 009F,E02000073,Bexley 009,E09000004,Bexley,1746,333,282,388,459,284,875,167,147,194,227,140,871,166,135,194,232,144
E01000452,Bexley 009G,E02000073,Bexley 009,E09000004,Bexley,1430,299,249,274,406,202,699,149,132,134,194,90,731,150,117,140,212,112
E01000453,Bexley 013B,E02000077,Bexley 013,E09000004,Bexley,1456,275,247,317,386,231,700,130,122,149,190,109,756,145,125,168,196,122
E01000454,Bexley 013C,E02000077,Bexley 013,E09000004,Bexley,1695,336,259,398,434,268,807,157,129,201,210,110,888,179,130,197,224,158
E01000455,Bexley 013D,E02000077,Bexley 013,E09000004,Bexley,1779,337,293,386,467,296,856,163,144,189,223,137,923,174,149,197,244,159
E01000456,Bexley 013E,E02000077,Bexley 013,E09000004,Bexley,1456,287,227,294,414,234,698,139,129,134,183,113,758,148,98,160,231,121
E01000457,Bexley 026D,E02000090,Bexley 026,E09000004,Bexley,2069,335,428,559,410,337,920,166,177,262,196,119,1149,169,251,297,214,218
E01000458,Bexley 027E,E02000091,Bexley 027,E09000004,Bexley,1442,204,228,214,368,428,627,88,101,90,174,174,815,116,127,124,194,254
E01000459,Bexley 027F,E02000091,Bexley 027,E09000004,Bexley,1840,305,358,337,437,403,881,160,189,165,219,148,959,145,169,172,218,255
E01000460,Bexley 022E,E02000086,Bexley 022,E09000004,Bexley,1255,224,165,225,392,249,620,112,82,108,192,126,635,112,83,117,200,123
E01000461,Bexley 024E,E02000088,Bexley 024,E09000004,Bexley,1553,301,216,287,436,313,763,140,115,142,206,160,790,161,101,145,230,153
E01000462,Bexley 026E,E02000090,Bexley 026,E09000004,Bexley,1872,274,480,356,374,388,834,145,215,151,178,145,1038,129,265,205,196,243
E01000463,Bexley 025E,E02000089,Bexley 025,E09000004,Bexley,1276,260,198,244,376,198,650,133,113,127,183,94,626,127,85,117,193,104
E01000464,Bexley 002D,E02000066,Bexley 002,E09000004,Bexley,1633,368,313,292,481,179,809,166,168,136,245,94,824,202,145,156,236,85
E01000465,Bexley 002E,E02000066,Bexley 002,E09000004,Bexley,1753,384,302,356,490,221,912,185,168,169,281,109,841,199,134,187,209,112
E01000466,Bexley 001A,E02000065,Bexley 001,E09000004,Bexley,1970,512,389,374,521,174,975,278,181,169,267,80,995,234,208,205,254,94
E01000467,Bexley 001B,E02000065,Bexley 001,E09000004,Bexley,1987,491,329,395,498,274,933,230,163,181,255,104,1054,261,166,214,243,170
E01000468,Bexley 001C,E02000065,Bexley 001,E09000004,Bexley,3239,890,651,708,859,131,1583,454,335,294,447,53,1656,436,316,414,412,78
E01000469,Bexley 001D,E02000065,Bexley 001,E09000004,Bexley,1885,435,292,418,560,180,934,216,146,195,284,93,951,219,146,223,276,87
E01000470,Bexley 002F,E02000066,Bexley 002,E09000004,Bexley,1364,374,264,281,315,130,632,205,118,123,138,48,732,169,146,158,177,82
E01000471,Brent 026A,E02000118,Brent 026,E09000005,Brent,1545,267,248,376,441,213,804,137,134,212,223,98,741,130,114,164,218,115
E01000472,Brent 029A,E02000121,Brent 029,E09000005,Brent,1939,441,345,618,373,162,1026,249,199,314,202,62,913,192,146,304,171,100
E01000473,Brent 029B,E02000121,Brent 029,E09000005,Brent,2336,533,410,568,540,285,1202,280,225,297,266,134,1134,253,185,271,274,151
E01000474,Brent 026B,E02000118,Brent 026,E09000005,Brent,2086,454,381,473,542,236,1091,239,201,275,249,127,995,215,180,198,293,109
E01000475,Brent 029C,E02000121,Brent 029,E09000005,Brent,2033,426,346,549,460,252,1061,221,179,296,238,127,972,205,167,253,222,125
E01000476,Brent 026C,E02000118,Brent 026,E09000005,Brent,1729,325,313,378,435,278,874,160,178,196,220,120,855,165,135,182,215,158
E01000477,Brent 026D,E02000118,Brent 026,E09000005,Brent,2276,588,413,543,535,197,1238,326,235,285,286,106,1038,262,178,258,249,91
E01000478,Brent 029D,E02000121,Brent 029,E09000005,Brent,2194,555,358,524,483,274,1115,273,190,278,233,141,1079,282,168,246,250,133
E01000479,Brent 009A,E02000101,Brent 009,E09000005,Brent,1615,317,243,317,422,316,806,156,128,177,193,152,809,161,115,140,229,164
E01000480,Brent 006A,E02000098,Brent 006,E09000005,Brent,1686,303,332,356,422,273,878,141,196,186,216,139,808,162,136,170,206,134
E01000481,Brent 009B,E02000101,Brent 009,E09000005,Brent,1537,379,232,376,334,216,762,195,116,188,164,99,775,184,116,188,170,117
E01000482,Brent 009C,E02000101,Brent 009,E09000005,Brent,2915,667,496,734,629,389,1477,343,271,397,295,171,1438,324,225,337,334,218
E01000483,Brent 009D,E02000101,Brent 009,E09000005,Brent,1828,523,274,382,446,203,952,276,145,202,233,96,876,247,129,180,213,107
E01000484,Brent 006B,E02000098,Brent 006,E09000005,Brent,1492,354,271,289,406,172,721,209,148,145,163,56,771,145,123,144,243,116
E01000485,Brent 006C,E02000098,Brent 006,E09000005,Brent,1351,298,228,295,311,219,708,170,128,148,166,96,643,128,100,147,145,123
E01000486,Brent 006D,E02000098,Brent 006,E09000005,Brent,1625,386,265,324,371,279,864,212,150,178,187,137,761,174,115,146,184,142
E01000487,Brent 006E,E02000098,Brent 006,E09000005,Brent,1974,437,358,473,395,311,1003,214,204,270,172,143,971,223,154,203,223,168
E01000488,Brent 022A,E02000114,Brent 022,E09000005,Brent,1620,327,344,368,380,201,831,157,201,185,186,102,789,170,143,183,194,99
E01000489,Brent 030A,E02000122,Brent 030,E09000005,Brent,1500,231,282,307,374,306,723,116,137,155,173,142,777,115,145,152,201,164
E01000490,Brent 023A,E02000115,Brent 023,E09000005,Brent,1817,257,386,639,396,139,865,118,178,327,178,64,952,139,208,312,218,75
E01000491,Brent 030B,E02000122,Brent 030,E09000005,Brent,1933,379,375,469,483,227,965,192,209,256,211,97,968,187,166,213,272,130
E01000492,Brent 030C,E02000122,Brent 030,E09000005,Brent,1274,219,185,275,360,235,634,132,82,153,170,97,640,87,103,122,190,138
E01000493,Brent 030D,E02000122,Brent 030,E09000005,Brent,1526,291,238,332,397,268,732,138,139,156,172,127,794,153,99,176,225,141
E01000494,Brent 023B,E02000115,Brent 023,E09000005,Brent,1796,261,396,464,392,283,915,126,220,253,202,114,881,135,176,211,190,169
E01000495,Brent 023C,E02000115,Brent 023,E09000005,Brent,1569,204,333,436,345,251,846,106,191,236,177,136,723,98,142,200,168,115
E01000497,Brent 011A,E02000103,Brent 011,E09000005,Brent,1701,312,359,333,453,244,833,139,188,179,205,122,868,173,171,154,248,122
E01000498,Brent 010B,E02000102,Brent 010,E09000005,Brent,1605,408,299,298,396,204,824,201,163,171,200,89,781,207,136,127,196,115
E01000499,Brent 011B,E02000103,Brent 011,E09000005,Brent,1973,517,424,402,434,196,986,258,229,200,206,93,987,259,195,202,228,103
E01000501,Brent 011C,E02000103,Brent 011,E09000005,Brent,1873,485,322,351,453,262,889,213,167,179,216,114,984,272,155,172,237,148
E01000502,Brent 011D,E02000103,Brent 011,E09000005,Brent,1729,500,236,360,401,232,830,217,128,175,205,105,899,283,108,185,196,127
E01000503,Brent 011E,E02000103,Brent 011,E09000005,Brent,2003,439,323,430,504,307,1042,234,179,233,253,143,961,205,144,197,251,164
E01000504,Brent 018A,E02000110,Brent 018,E09000005,Brent,1755,332,368,400,404,251,878,178,191,205,184,120,877,154,177,195,220,131
E01000505,Brent 018B,E02000110,Brent 018,E09000005,Brent,1697,323,386,380,394,214,881,158,214,206,199,104,816,165,172,174,195,110
E01000506,Brent 014A,E02000106,Brent 014,E09000005,Brent,1916,429,419,498,404,166,1012,231,247,249,209,76,904,198,172,249,195,90
E01000507,Brent 018C,E02000110,Brent 018,E09000005,Brent,1696,316,309,409,403,259,898,180,183,226,186,123,798,136,126,183,217,136
E01000508,Brent 025A,E02000117,Brent 025,E09000005,Brent,2247,535,393,473,545,301,1149,251,224,243,286,145,1098,284,169,230,259,156
E01000509,Brent 014B,E02000106,Brent 014,E09000005,Brent,1408,288,245,303,374,198,776,139,140,184,213,100,632,149,105,119,161,98
E01000510,Brent 014C,E02000106,Brent 014,E09000005,Brent,1770,454,278,439,381,218,951,237,146,253,215,100,819,217,132,186,166,118
E01000511,Brent 014D,E02000106,Brent 014,E09000005,Brent,1606,425,250,317,377,237,809,210,114,172,195,118,797,215,136,145,182,119
E01000512,Brent 018D,E02000110,Brent 018,E09000005,Brent,1793,339,339,488,404,223,953,183,188,278,213,91,840,156,151,210,191,132
E01000513,Brent 002A,E02000094,Brent 002,E09000005,Brent,1545,319,268,325,381,252,791,167,158,159,202,105,754,152,110,166,179,147
E01000514,Brent 002B,E02000094,Brent 002,E09000005,Brent,1440,317,247,349,345,182,777,163,155,186,178,95,663,154,92,163,167,87
E01000515,Brent 003A,E02000095,Brent 003,E09000005,Brent,1883,497,312,433,447,194,951,269,164,228,207,83,932,228,148,205,240,111
E01000516,Brent 002C,E02000094,Brent 002,E09000005,Brent,1919,445,323,469,441,241,996,225,166,261,226,118,923,220,157,208,215,123
E01000517,Brent 003B,E02000095,Brent 003,E09000005,Brent,1451,300,210,330,354,257,752,142,121,176,194,119,699,158,89,154,160,138
E01000518,Brent 005A,E02000097,Brent 005,E09000005,Brent,1605,325,311,302,426,241,829,169,184,169,211,96,776,156,127,133,215,145
E01000519,Brent 005B,E02000097,Brent 005,E09000005,Brent,1936,478,341,364,503,250,969,250,199,185,230,105,967,228,142,179,273,145
E01000520,Brent 002D,E02000094,Brent 002,E09000005,Brent,1767,397,257,379,422,312,897,210,122,224,215,126,870,187,135,155,207,186
E01000521,Brent 025B,E02000117,Brent 025,E09000005,Brent,2253,540,367,481,655,210,1147,264,180,252,371,80,1106,276,187,229,284,130
E01000522,Brent 025C,E02000117,Brent 025,E09000005,Brent,2008,542,354,390,523,199,988,297,185,167,248,91,1020,245,169,223,275,108
E01000523,Brent 031A,E02000123,Brent 031,E09000005,Brent,2642,644,458,676,662,202,1384,341,253,360,342,88,1258,303,205,316,320,114
E01000524,Brent 031B,E02000123,Brent 031,E09000005,Brent,2713,661,569,585,673,225,1441,364,312,299,357,109,1272,297,257,286,316,116
E01000525,Brent 031C,E02000123,Brent 031,E09000005,Brent,2034,444,366,427,589,208,1026,237,200,203,288,98,1008,207,166,224,301,110
E01000526,Brent 025D,E02000117,Brent 025,E09000005,Brent,2374,567,500,394,624,289,1154,300,287,194,240,133,1220,267,213,200,384,156
E01000527,Brent 025E,E02000117,Brent 025,E09000005,Brent,2135,564,372,441,518,240,1053,258,183,221,277,114,1082,306,189,220,241,126
E01000528,Brent 025F,E02000117,Brent 025,E09000005,Brent,1580,385,289,353,378,175,833,186,172,207,176,92,747,199,117,146,202,83
E01000530,Brent 033A,E02000125,Brent 033,E09000005,Brent,1688,308,248,383,476,273,812,139,141,185,228,119,876,169,107,198,248,154
E01000531,Brent 033B,E02000125,Brent 033,E09000005,Brent,1944,365,393,484,475,227,987,188,213,238,230,118,957,177,180,246,245,109
E01000532,Brent 033C,E02000125,Brent 033,E09000005,Brent,1499,237,240,389,419,214,774,118,135,221,202,98,725,119,105,168,217,116
E01000533,Brent 031E,E02000123,Brent 031,E09000005,Brent,2265,533,402,507,637,186,1240,289,233,292,344,82,1025,244,169,215,293,104
E01000534,Brent 033D,E02000125,Brent 033,E09000005,Brent,1582,364,243,344,432,199,760,165,130,173,201,91,822,199,113,171,231,108
E01000535,Brent 031F,E02000123,Brent 031,E09000005,Brent,2116,451,414,543,528,180,1084,213,232,306,240,93,1032,238,182,237,288,87
E01000536,Brent 004A,E02000096,Brent 004,E09000005,Brent,1559,313,202,325,354,365,811,176,112,196,166,161,748,137,90,129,188,204
E01000538,Brent 004B,E02000096,Brent 004,E09000005,Brent,1499,329,186,287,341,356,765,162,98,165,166,174,734,167,88,122,175,182
E01000539,Brent 004C,E02000096,Brent 004,E09000005,Brent,1565,297,209,307,356,396,771,148,111,163,168,181,794,149,98,144,188,215
E01000540,Brent 004D,E02000096,Brent 004,E09000005,Brent,1397,235,241,247,306,368,684,111,127,133,145,168,713,124,114,114,161,200
E01000541,Brent 004E,E02000096,Brent 004,E09000005,Brent,1416,345,204,309,301,257,728,182,118,166,146,116,688,163,86,143,155,141
E01000543,Brent 003E,E02000095,Brent 003,E09000005,Brent,1469,308,200,342,354,265,760,147,109,210,177,117,709,161,91,132,177,148
E01000544,Brent 034A,E02000126,Brent 034,E09000005,Brent,1688,378,341,386,441,142,855,198,170,209,218,60,833,180,171,177,223,82
E01000545,Brent 028A,E02000120,Brent 028,E09000005,Brent,1896,359,372,519,455,191,959,193,196,237,237,96,937,166,176,282,218,95
E01000546,Brent 028B,E02000120,Brent 028,E09000005,Brent,1671,325,306,447,402,191,804,169,152,218,183,82,867,156,154,229,219,109
E01000547,Brent 028C,E02000120,Brent 028,E09000005,Brent,1597,311,333,452,353,148,764,143,180,232,148,61,833,168,153,220,205,87
E01000548,Brent 028D,E02000120,Brent 028,E09000005,Brent,2124,292,479,674,455,224,1140,153,278,335,255,119,984,139,201,339,200,105
E01000549,Brent 028E,E02000120,Brent 028,E09000005,Brent,1789,341,279,518,422,229,863,179,147,255,193,89,926,162,132,263,229,140
E01000550,Brent 034B,E02000126,Brent 034,E09000005,Brent,1936,375,390,438,451,282,927,187,202,210,200,128,1009,188,188,228,251,154
E01000551,Brent 034C,E02000126,Brent 034,E09000005,Brent,2548,660,464,508,644,272,1283,345,251,232,329,126,1265,315,213,276,315,146
E01000552,Brent 034D,E02000126,Brent 034,E09000005,Brent,1522,477,245,310,340,150,732,249,138,124,160,61,790,228,107,186,180,89
E01000553,Brent 015A,E02000107,Brent 015,E09000005,Brent,2187,431,440,578,520,218,1146,189,253,322,260,122,1041,242,187,256,260,96
E01000554,Brent 015B,E02000107,Brent 015,E09000005,Brent,2018,408,409,518,420,263,1066,202,244,275,229,116,952,206,165,243,191,147
E01000555,Brent 015C,E02000107,Brent 015,E09000005,Brent,1609,308,346,349,351,255,858,177,201,191,164,125,751,131,145,158,187,130
E01000556,Brent 015D,E02000107,Brent 015,E09000005,Brent,2190,355,502,656,508,169,1198,167,266,404,275,86,992,188,236,252,233,83
E01000557,Brent 015E,E02000107,Brent 015,E09000005,Brent,1913,312,445,546,412,198,990,172,232,300,197,89,923,140,213,246,215,109
E01000558,Brent 015F,E02000107,Brent 015,E09000005,Brent,1556,255,357,404,356,184,783,138,190,217,167,71,773,117,167,187,189,113
E01000559,Brent 018E,E02000110,Brent 018,E09000005,Brent,1569,189,399,459,329,193,798,76,228,252,159,83,771,113,171,207,170,110
E01000560,Brent 023D,E02000115,Brent 023,E09000005,Brent,1654,211,475,360,435,173,889,116,272,199,224,78,765,95,203,161,211,95
E01000561,Brent 023E,E02000115,Brent 023,E09000005,Brent,1793,343,378,476,397,199,984,173,229,282,203,97,809,170,149,194,194,102
E01000562,Brent 008A,E02000100,Brent 008,E09000005,Brent,1434,257,179,251,391,356,714,140,105,120,184,165,720,117,74,131,207,191
E01000563,Brent 008B,E02000100,Brent 008,E09000005,Brent,1404,227,187,259,396,335,724,110,106,146,186,176,680,117,81,113,210,159
E01000564,Brent 013A,E02000105,Brent 013,E09000005,Brent,1664,378,289,439,377,181,909,215,156,247,193,98,755,163,133,192,184,83
E01000565,Brent 013B,E02000105,Brent 013,E09000005,Brent,1628,340,241,342,408,297,817,160,137,185,204,131,811,180,104,157,204,166
E01000566,Brent 008C,E02000100,Brent 008,E09000005,Brent,1491,298,215,321,356,301,764,157,123,173,171,140,727,141,92,148,185,161
E01000567,Brent 016A,E02000108,Brent 016,E09000005,Brent,1276,274,186,281,302,233,623,139,99,147,140,98,653,135,87,134,162,135
E01000568,Brent 008D,E02000100,Brent 008,E09000005,Brent,3118,344,1569,611,396,198,1385,164,627,328,176,90,1733,180,942,283,220,108
E01000569,Brent 008E,E02000100,Brent 008,E09000005,Brent,1398,200,187,250,422,339,702,116,113,133,192,148,696,84,74,117,230,191
E01000570,Brent 012A,E02000104,Brent 012,E09000005,Brent,1637,314,263,355,440,265,833,157,138,202,210,126,804,157,125,153,230,139
E01000571,Brent 012B,E02000104,Brent 012,E09000005,Brent,1645,297,311,327,420,290,886,163,165,208,208,142,759,134,146,119,212,148
E01000572,Brent 007A,E02000099,Brent 007,E09000005,Brent,1372,302,216,281,335,238,681,152,108,149,163,109,691,150,108,132,172,129
E01000573,Brent 007B,E02000099,Brent 007,E09000005,Brent,1606,356,274,363,361,252,796,165,156,197,179,99,810,191,118,166,182,153
E01000574,Brent 007C,E02000099,Brent 007,E09000005,Brent,1432,345,210,340,324,213,746,185,112,197,158,94,686,160,98,143,166,119
E01000575,Brent 007D,E02000099,Brent 007,E09000005,Brent,1968,410,392,475,469,222,1041,207,209,286,237,102,927,203,183,189,232,120
E01000576,Brent 012C,E02000104,Brent 012,E09000005,Brent,1698,319,309,372,406,292,892,167,185,203,196,141,806,152,124,169,210,151
E01000577,Brent 007E,E02000099,Brent 007,E09000005,Brent,2427,686,439,575,501,226,1216,341,223,307,237,108,1211,345,216,268,264,118
E01000578,Brent 012D,E02000104,Brent 012,E09000005,Brent,2160,531,270,523,443,393,1137,307,145,290,225,170,1023,224,125,233,218,223
E01000579,Brent 032A,E02000124,Brent 032,E09000005,Brent,1508,300,282,418,338,170,739,155,142,208,160,74,769,145,140,210,178,96
E01000580,Brent 032B,E02000124,Brent 032,E09000005,Brent,2037,484,324,435,508,286,989,231,160,221,253,124,1048,253,164,214,255,162
E01000581,Brent 030E,E02000122,Brent 030,E09000005,Brent,1384,311,226,285,394,168,610,151,112,131,146,70,774,160,114,154,248,98
E01000582,Brent 032C,E02000124,Brent 032,E09000005,Brent,1690,414,250,377,411,238,798,199,127,170,202,100,892,215,123,207,209,138
E01000583,Brent 032D,E02000124,Brent 032,E09000005,Brent,2062,373,383,576,502,228,1033,198,192,294,240,109,1029,175,191,282,262,119
E01000584,Brent 033E,E02000125,Brent 033,E09000005,Brent,1621,363,248,376,414,220,822,213,138,185,197,89,799,150,110,191,217,131
E01000585,Brent 033F,E02000125,Brent 033,E09000005,Brent,1674,360,299,463,388,164,831,195,150,223,183,80,843,165,149,240,205,84
E01000586,Brent 032E,E02000124,Brent 032,E09000005,Brent,2541,458,551,805,535,192,1292,227,291,422,259,93,1249,231,260,383,276,99
E01000587,Brent 001A,E02000093,Brent 001,E09000005,Brent,1563,352,244,329,326,312,789,183,135,172,156,143,774,169,109,157,170,169
E01000588,Brent 002E,E02000094,Brent 002,E09000005,Brent,2524,588,481,564,597,294,1261,311,253,277,288,132,1263,277,228,287,309,162
E01000589,Brent 001B,E02000093,Brent 001,E09000005,Brent,2154,477,374,469,531,303,1109,245,201,240,286,137,1045,232,173,229,245,166
E01000590,Brent 001C,E02000093,Brent 001,E09000005,Brent,1747,348,268,381,459,291,880,185,136,201,228,130,867,163,132,180,231,161
E01000591,Brent 003F,E02000095,Brent 003,E09000005,Brent,2148,489,325,551,482,301,1173,265,179,316,263,150,975,224,146,235,219,151
E01000592,Brent 001D,E02000093,Brent 001,E09000005,Brent,1541,304,247,336,378,276,796,171,121,182,185,137,745,133,126,154,193,139
E01000593,Brent 001E,E02000093,Brent 001,E09000005,Brent,2134,557,347,486,474,270,1088,288,210,273,197,120,1046,269,137,213,277,150
E01000594,Brent 001F,E02000093,Brent 001,E09000005,Brent,1750,401,298,421,386,244,926,198,164,247,197,120,824,203,134,174,189,124
E01000595,Brent 027A,E02000119,Brent 027,E09000005,Brent,1625,474,312,273,409,157,815,267,172,122,188,66,810,207,140,151,221,91
E01000596,Brent 021A,E02000113,Brent 021,E09000005,Brent,1716,511,312,327,386,180,896,258,193,172,180,93,820,253,119,155,206,87
E01000599,Brent 027D,E02000119,Brent 027,E09000005,Brent,1246,339,191,245,331,140,581,166,102,126,132,55,665,173,89,119,199,85
E01000600,Brent 027E,E02000119,Brent 027,E09000005,Brent,3683,985,675,853,828,342,1872,515,342,440,401,174,1811,470,333,413,427,168
E01000601,Brent 021B,E02000113,Brent 021,E09000005,Brent,1408,420,260,281,333,114,651,200,131,131,142,47,757,220,129,150,191,67
E01000602,Brent 021C,E02000113,Brent 021,E09000005,Brent,1486,366,307,216,405,192,769,205,183,99,188,94,717,161,124,117,217,98
E01000603,Brent 021D,E02000113,Brent 021,E09000005,Brent,1538,457,228,331,348,174,714,220,110,166,144,74,824,237,118,165,204,100
E01000604,Brent 021E,E02000113,Brent 021,E09000005,Brent,1695,416,369,256,439,215,810,196,192,119,180,123,885,220,177,137,259,92
E01000605,Brent 021F,E02000113,Brent 021,E09000005,Brent,1602,419,309,266,431,177,800,227,185,138,167,83,802,192,124,128,264,94
E01000606,Brent 016B,E02000108,Brent 016,E09000005,Brent,1656,346,266,408,409,227,863,169,136,244,218,96,793,177,130,164,191,131
E01000607,Brent 013C,E02000105,Brent 013,E09000005,Brent,2241,498,366,585,516,276,1191,279,215,325,262,110,1050,219,151,260,254,166
E01000608,Brent 013D,E02000105,Brent 013,E09000005,Brent,2406,522,382,671,545,286,1287,267,229,369,276,146,1119,255,153,302,269,140
E01000609,Brent 016C,E02000108,Brent 016,E09000005,Brent,1926,454,305,439,455,273,995,249,164,242,236,104,931,205,141,197,219,169
E01000610,Brent 019A,E02000111,Brent 019,E09000005,Brent,2135,482,279,531,515,328,1121,246,144,310,259,162,1014,236,135,221,256,166
E01000611,Brent 016D,E02000108,Brent 016,E09000005,Brent,1630,383,283,424,359,181,794,181,159,221,166,67,836,202,124,203,193,114
E01000612,Brent 019B,E02000111,Brent 019,E09000005,Brent,1647,351,265,428,381,222,812,151,135,229,191,106,835,200,130,199,190,116
E01000613,Brent 013E,E02000105,Brent 013,E09000005,Brent,1815,476,271,477,420,171,916,244,136,261,199,76,899,232,135,216,221,95
E01000615,Brent 017B,E02000109,Brent 017,E09000005,Brent,2075,410,571,494,367,233,978,203,229,256,181,109,1097,207,342,238,186,124
E01000616,Brent 020A,E02000112,Brent 020,E09000005,Brent,1824,334,313,517,445,215,1003,191,145,308,254,105,821,143,168,209,191,110
E01000617,Brent 017C,E02000109,Brent 017,E09000005,Brent,1729,325,226,411,482,285,896,169,115,232,240,140,833,156,111,179,242,145
E01000618,Brent 017D,E02000109,Brent 017,E09000005,Brent,1425,307,184,257,408,269,686,143,97,139,195,112,739,164,87,118,213,157
E01000619,Brent 017E,E02000109,Brent 017,E09000005,Brent,1395,300,155,252,406,282,681,154,76,136,198,117,714,146,79,116,208,165
E01000620,Brent 020B,E02000112,Brent 020,E09000005,Brent,1682,270,270,341,447,354,870,124,156,193,238,159,812,146,114,148,209,195
E01000621,Brent 020C,E02000112,Brent 020,E09000005,Brent,1752,386,271,458,451,186,940,186,149,284,228,93,812,200,122,174,223,93
E01000622,Brent 010D,E02000102,Brent 010,E09000005,Brent,1643,419,287,411,391,135,836,222,159,216,180,59,807,197,128,195,211,76
E01000623,Brent 005C,E02000097,Brent 005,E09000005,Brent,1688,383,263,390,399,253,866,196,127,209,212,122,822,187,136,181,187,131
E01000624,Brent 005D,E02000097,Brent 005,E09000005,Brent,1767,400,268,346,413,340,850,185,132,191,192,150,917,215,136,155,221,190
E01000625,Brent 009E,E02000101,Brent 009,E09000005,Brent,1568,323,264,295,386,300,794,151,160,143,197,143,774,172,104,152,189,157
E01000626,Brent 010E,E02000102,Brent 010,E09000005,Brent,1494,393,248,309,330,214,697,196,137,137,149,78,797,197,111,172,181,136
E01000627,Brent 014E,E02000106,Brent 014,E09000005,Brent,1990,441,359,416,550,224,1014,220,178,248,274,94,976,221,181,168,276,130
E01000628,Brent 014F,E02000106,Brent 014,E09000005,Brent,1915,402,367,475,456,215,1034,219,195,264,255,101,881,183,172,211,201,114
E01000629,Brent 005E,E02000097,Brent 005,E09000005,Brent,2006,426,327,465,522,266,1080,213,177,273,290,127,926,213,150,192,232,139
E01000630,Brent 026E,E02000118,Brent 026,E09000005,Brent,2746,655,418,716,666,291,1435,337,212,437,329,120,1311,318,206,279,337,171
E01000631,Brent 019C,E02000111,Brent 019,E09000005,Brent,2148,479,289,513,532,335,1125,251,142,305,272,155,1023,228,147,208,260,180
E01000632,Brent 029E,E02000121,Brent 029,E09000005,Brent,2380,458,418,528,633,343,1251,247,214,316,314,160,1129,211,204,212,319,183
E01000633,Brent 019D,E02000111,Brent 019,E09000005,Brent,2358,549,358,602,613,236,1289,280,176,369,356,108,1069,269,182,233,257,128
E01000634,Brent 019E,E02000111,Brent 019,E09000005,Brent,2668,624,422,668,691,263,1435,336,217,400,358,124,1233,288,205,268,333,139
E01000635,Brent 020D,E02000112,Brent 020,E09000005,Brent,3017,655,462,878,780,242,1626,346,233,508,427,112,1391,309,229,370,353,130
E01000636,Brent 020E,E02000112,Brent 020,E09000005,Brent,2234,402,388,506,642,296,1217,205,227,283,358,144,1017,197,161,223,284,152
E01000637,Brent 022B,E02000114,Brent 022,E09000005,Brent,1772,347,380,486,357,202,908,172,223,260,174,79,864,175,157,226,183,123
E01000638,Brent 024A,E02000116,Brent 024,E09000005,Brent,2208,507,434,582,511,174,1177,251,268,318,257,83,1031,256,166,264,254,91
E01000639,Brent 022C,E02000114,Brent 022,E09000005,Brent,1987,308,533,594,362,190,1097,152,302,369,184,90,890,156,231,225,178,100
E01000640,Brent 024B,E02000116,Brent 024,E09000005,Brent,2679,580,608,707,615,169,1472,300,362,420,302,88,1207,280,246,287,313,81
E01000641,Brent 024C,E02000116,Brent 024,E09000005,Brent,2122,507,484,499,441,191,1120,275,287,282,184,92,1002,232,197,217,257,99
E01000642,Brent 022D,E02000114,Brent 022,E09000005,Brent,2520,347,681,784,491,217,1366,186,366,453,256,105,1154,161,315,331,235,112
E01000643,Brent 024D,E02000116,Brent 024,E09000005,Brent,2341,538,447,532,583,241,1143,277,239,266,252,109,1198,261,208,266,331,132
E01000644,Brent 022E,E02000114,Brent 022,E09000005,Brent,2078,339,497,548,449,245,1121,183,277,301,237,123,957,156,220,247,212,122
E01000645,Bromley 007A,E02000133,Bromley 007,E09000006,Bromley,1477,283,183,206,499,306,705,127,79,96,256,147,772,156,104,110,243,159
E01000646,Bromley 016A,E02000142,Bromley 016,E09000006,Bromley,1813,328,236,426,469,354,892,175,128,219,247,123,921,153,108,207,222,231
E01000647,Bromley 016B,E02000142,Bromley 016,E09000006,Bromley,1685,423,198,401,438,225,767,188,91,185,201,102,918,235,107,216,237,123
E01000648,Bromley 016C,E02000142,Bromley 016,E09000006,Bromley,1810,393,244,392,494,287,876,216,104,190,240,126,934,177,140,202,254,161
E01000649,Bromley 007B,E02000133,Bromley 007,E09000006,Bromley,2003,379,253,430,548,393,946,169,123,208,268,178,1057,210,130,222,280,215
E01000650,Bromley 022A,E02000148,Bromley 022,E09000006,Bromley,1963,399,246,314,555,449,951,201,126,151,265,208,1012,198,120,163,290,241
E01000651,Bromley 020A,E02000146,Bromley 020,E09000006,Bromley,1665,295,193,312,446,419,714,143,81,156,199,135,951,152,112,156,247,284
E01000652,Bromley 022B,E02000148,Bromley 022,E09000006,Bromley,1585,273,199,252,475,386,757,137,109,118,208,185,828,136,90,134,267,201
E01000653,Bromley 016D,E02000142,Bromley 016,E09000006,Bromley,1591,312,212,215,438,414,753,152,93,93,210,205,838,160,119,122,228,209
E01000654,Bromley 039A,E02000165,Bromley 039,E09000006,Bromley,1227,266,150,255,322,234,621,152,67,115,154,133,606,114,83,140,168,101
E01000655,Bromley 039B,E02000165,Bromley 039,E09000006,Bromley,1250,284,186,253,326,201,625,155,86,121,159,104,625,129,100,132,167,97
E01000656,Bromley 039C,E02000165,Bromley 039,E09000006,Bromley,1482,251,212,239,453,327,754,138,115,120,218,163,728,113,97,119,235,164
E01000657,Bromley 039D,E02000165,Bromley 039,E09000006,Bromley,1545,300,220,302,442,281,733,153,112,147,215,106,812,147,108,155,227,175
E01000658,Bromley 042A,E02006789,Bromley 042,E09000006,Bromley,1209,174,123,151,356,405,587,91,63,83,163,187,622,83,60,68,193,218
E01000659,Bromley 039E,E02000165,Bromley 039,E09000006,Bromley,1464,294,230,283,429,228,737,138,124,143,219,113,727,156,106,140,210,115
E01000661,Bromley 026A,E02000152,Bromley 026,E09000006,Bromley,2735,783,424,687,590,251,1268,416,210,306,236,100,1467,367,214,381,354,151
E01000662,Bromley 026B,E02000152,Bromley 026,E09000006,Bromley,1872,408,323,364,540,237,937,220,170,169,272,106,935,188,153,195,268,131
E01000663,Bromley 026C,E02000152,Bromley 026,E09000006,Bromley,1666,377,209,347,443,290,788,208,93,158,219,110,878,169,116,189,224,180
E01000664,Bromley 026D,E02000152,Bromley 026,E09000006,Bromley,1664,377,234,311,453,289,833,217,134,156,195,131,831,160,100,155,258,158
E01000665,Bromley 033A,E02000159,Bromley 033,E09000006,Bromley,1902,384,295,373,531,319,919,195,160,179,256,129,983,189,135,194,275,190
E01000666,Bromley 033B,E02000159,Bromley 033,E09000006,Bromley,1853,261,249,257,553,533,883,129,122,113,282,237,970,132,127,144,271,296
E01000667,Bromley 033C,E02000159,Bromley 033,E09000006,Bromley,1598,272,232,184,518,392,770,127,137,88,246,172,828,145,95,96,272,220
E01000668,Bromley 020B,E02000146,Bromley 020,E09000006,Bromley,2109,423,259,626,516,285,1046,213,142,308,256,127,1063,210,117,318,260,158
E01000669,Bromley 020C,E02000146,Bromley 020,E09000006,Bromley,1681,355,213,421,484,208,772,179,101,188,217,87,909,176,112,233,267,121
E01000670,Bromley 018A,E02000144,Bromley 018,E09000006,Bromley,2174,362,320,615,531,346,1143,192,155,364,276,156,1031,170,165,251,255,190
E01000671,Bromley 020D,E02000146,Bromley 020,E09000006,Bromley,2340,465,332,678,518,347,1149,245,170,329,243,162,1191,220,162,349,275,185
E01000672,Bromley 011A,E02000137,Bromley 011,E09000006,Bromley,1737,328,203,422,426,358,825,174,87,183,231,150,912,154,116,239,195,208
E01000673,Bromley 011B,E02000137,Bromley 011,E09000006,Bromley,1606,346,209,383,451,217,807,174,110,200,221,102,799,172,99,183,230,115
E01000674,Bromley 008A,E02000134,Bromley 008,E09000006,Bromley,1815,360,273,506,412,264,896,185,153,245,203,110,919,175,120,261,209,154
E01000675,Bromley 018B,E02000144,Bromley 018,E09000006,Bromley,2466,402,488,761,517,298,1240,219,256,386,274,105,1226,183,232,375,243,193
E01000676,Bromley 008B,E02000134,Bromley 008,E09000006,Bromley,2229,423,404,769,431,202,1152,228,193,418,221,92,1077,195,211,351,210,110
E01000677,Bromley 018C,E02000144,Bromley 018,E09000006,Bromley,1962,420,248,641,472,181,931,200,114,300,238,79,1031,220,134,341,234,102
E01000678,Bromley 016E,E02000142,Bromley 016,E09000006,Bromley,1943,446,271,481,487,258,941,241,122,220,240,118,1002,205,149,261,247,140
E01000679,Bromley 020E,E02000146,Bromley 020,E09000006,Bromley,1775,408,252,423,500,192,882,219,139,196,254,74,893,189,113,227,246,118
E01000680,Bromley 037A,E02000163,Bromley 037,E09000006,Bromley,1640,310,191,209,501,429,812,171,111,82,244,204,828,139,80,127,257,225
E01000681,Bromley 035A,E02000161,Bromley 035,E09000006,Bromley,1812,377,236,366,531,302,838,178,97,176,246,141,974,199,139,190,285,161
E01000682,Bromley 035B,E02000161,Bromley 035,E09000006,Bromley,1588,317,179,304,407,381,806,182,97,160,207,160,782,135,82,144,200,221
E01000683,Bromley 035C,E02000161,Bromley 035,E09000006,Bromley,1619,352,211,417,419,220,762,191,105,193,182,91,857,161,106,224,237,129
E01000684,Bromley 035D,E02000161,Bromley 035,E09000006,Bromley,2175,547,234,498,560,336,1059,284,116,214,292,153,1116,263,118,284,268,183
E01000685,Bromley 037B,E02000163,Bromley 037,E09000006,Bromley,1565,346,220,318,454,227,775,185,111,157,219,103,790,161,109,161,235,124
E01000686,Bromley 037C,E02000163,Bromley 037,E09000006,Bromley,1540,299,166,262,395,418,767,157,88,134,191,197,773,142,78,128,204,221
E01000687,Bromley 037D,E02000163,Bromley 037,E09000006,Bromley,1632,288,204,300,442,398,780,142,100,148,200,190,852,146,104,152,242,208
E01000688,Bromley 037E,E02000163,Bromley 037,E09000006,Bromley,1393,274,157,234,425,303,674,148,77,106,199,144,719,126,80,128,226,159
E01000689,Bromley 002A,E02000128,Bromley 002,E09000006,Bromley,1461,276,269,286,371,259,736,148,162,126,199,101,725,128,107,160,172,158
E01000690,Bromley 002B,E02000128,Bromley 002,E09000006,Bromley,1405,290,183,296,375,261,690,154,85,144,182,125,715,136,98,152,193,136
E01000691,Bromley 002C,E02000128,Bromley 002,E09000006,Bromley,1640,338,229,363,423,287,771,159,126,159,199,128,869,179,103,204,224,159
E01000692,Bromley 002D,E02000128,Bromley 002,E09000006,Bromley,1604,334,192,368,418,292,767,167,86,173,205,136,837,167,106,195,213,156
E01000693,Bromley 010A,E02000136,Bromley 010,E09000006,Bromley,1656,261,248,223,388,536,812,143,149,98,205,217,844,118,99,125,183,319
E01000694,Bromley 007C,E02000133,Bromley 007,E09000006,Bromley,2226,508,201,491,611,415,1060,267,95,219,303,176,1166,241,106,272,308,239
E01000695,Bromley 007D,E02000133,Bromley 007,E09000006,Bromley,1638,301,219,240,505,373,768,149,111,120,236,152,870,152,108,120,269,221
E01000696,Bromley 007E,E02000133,Bromley 007,E09000006,Bromley,1529,276,185,220,452,396,744,149,90,111,220,174,785,127,95,109,232,222
E01000697,Bromley 007F,E02000133,Bromley 007,E09000006,Bromley,1758,331,198,456,505,268,879,157,102,233,262,125,879,174,96,223,243,143
E01000698,Bromley 010B,E02000136,Bromley 010,E09000006,Bromley,1112,186,142,161,321,302,574,109,78,82,162,143,538,77,64,79,159,159
E01000699,Bromley 015A,E02000141,Bromley 015,E09000006,Bromley,1583,333,268,458,385,139,781,189,125,216,191,60,802,144,143,242,194,79
E01000700,Bromley 013A,E02000139,Bromley 013,E09000006,Bromley,1606,345,173,497,403,188,735,177,74,245,171,68,871,168,99,252,232,120
E01000701,Bromley 015B,E02000141,Bromley 015,E09000006,Bromley,1412,301,178,436,358,139,691,148,94,212,185,52,721,153,84,224,173,87
E01000702,Bromley 013B,E02000139,Bromley 013,E09000006,Bromley,1495,327,187,476,374,131,716,183,72,222,177,62,779,144,115,254,197,69
E01000703,Bromley 013C,E02000139,Bromley 013,E09000006,Bromley,1757,393,228,490,432,214,817,186,106,214,220,91,940,207,122,276,212,123
E01000704,Bromley 015C,E02000141,Bromley 015,E09000006,Bromley,1422,274,219,311,425,193,685,143,114,138,207,83,737,131,105,173,218,110
E01000705,Bromley 015D,E02000141,Bromley 015,E09000006,Bromley,1374,296,169,361,360,188,672,165,81,160,200,66,702,131,88,201,160,122
E01000706,Bromley 013D,E02000139,Bromley 013,E09000006,Bromley,1390,274,162,359,391,204,633,120,70,174,189,80,757,154,92,185,202,124
E01000707,Bromley 041A,E02006787,Bromley 041,E09000006,Bromley,1564,428,135,362,466,173,751,219,83,166,220,63,813,209,52,196,246,110
E01000708,Bromley 041B,E02006787,Bromley 041,E09000006,Bromley,1722,394,212,415,437,264,838,208,103,185,229,113,884,186,109,230,208,151
E01000709,Bromley 006A,E02000132,Bromley 006,E09000006,Bromley,1389,196,159,390,329,315,699,117,88,188,170,136,690,79,71,202,159,179
E01000710,Bromley 006B,E02000132,Bromley 006,E09000006,Bromley,2260,389,288,764,515,304,1066,187,150,337,275,117,1194,202,138,427,240,187
E01000711,Bromley 006C,E02000132,Bromley 006,E09000006,Bromley,2084,297,267,707,498,315,1031,165,127,334,260,145,1053,132,140,373,238,170
E01000712,Bromley 012A,E02000138,Bromley 012,E09000006,Bromley,1864,278,254,538,454,340,904,163,106,261,228,146,960,115,148,277,226,194
E01000713,Bromley 012B,E02000138,Bromley 012,E09000006,Bromley,1879,260,274,497,515,333,931,137,128,249,251,166,948,123,146,248,264,167
E01000714,Bromley 006D,E02000132,Bromley 006,E09000006,Bromley,2355,413,374,785,479,304,1126,224,155,392,237,118,1229,189,219,393,242,186
E01000715,Bromley 012C,E02000138,Bromley 012,E09000006,Bromley,1766,259,181,501,462,363,839,117,82,269,225,146,927,142,99,232,237,217
E01000716,Bromley 011C,E02000137,Bromley 011,E09000006,Bromley,1643,290,163,348,408,434,772,138,89,161,204,180,871,152,74,187,204,254
E01000717,Bromley 011D,E02000137,Bromley 011,E09000006,Bromley,1757,273,263,463,457,301,858,141,124,244,225,124,899,132,139,219,232,177
E01000718,Bromley 006E,E02000132,Bromley 006,E09000006,Bromley,2251,551,358,645,478,219,1088,296,183,287,225,97,1163,255,175,358,253,122
E01000719,Bromley 019A,E02000145,Bromley 019,E09000006,Bromley,2148,554,345,513,491,245,1014,289,163,222,231,109,1134,265,182,291,260,136
E01000720,Bromley 019B,E02000145,Bromley 019,E09000006,Bromley,1837,516,288,378,439,216,826,241,133,162,193,97,1011,275,155,216,246,119
E01000721,Bromley 019C,E02000145,Bromley 019,E09000006,Bromley,1557,435,252,342,376,152,712,219,111,145,181,56,845,216,141,197,195,96
E01000722,Bromley 023A,E02000149,Bromley 023,E09000006,Bromley,1824,378,267,427,493,259,876,187,140,214,225,110,948,191,127,213,268,149
E01000723,Bromley 029A,E02000155,Bromley 029,E09000006,Bromley,1191,150,137,149,367,388,575,78,64,81,191,161,616,72,73,68,176,227
E01000724,Bromley 019D,E02000145,Bromley 019,E09000006,Bromley,1954,588,394,390,395,187,942,313,195,159,191,84,1012,275,199,231,204,103
E01000725,Bromley 023B,E02000149,Bromley 023,E09000006,Bromley,1825,381,353,401,437,253,856,179,177,179,219,102,969,202,176,222,218,151
E01000726,Bromley 029B,E02000155,Bromley 029,E09000006,Bromley,1270,218,184,232,352,284,619,132,93,118,156,120,651,86,91,114,196,164
E01000727,Bromley 028A,E02000154,Bromley 028,E09000006,Bromley,1703,318,202,324,477,382,815,161,105,168,230,151,888,157,97,156,247,231
E01000728,Bromley 019E,E02000145,Bromley 019,E09000006,Bromley,1612,327,217,337,403,328,730,157,93,164,171,145,882,170,124,173,232,183
E01000729,Bromley 014A,E02000140,Bromley 014,E09000006,Bromley,2065,580,366,465,471,183,956,294,174,180,217,91,1109,286,192,285,254,92
E01000730,Bromley 014B,E02000140,Bromley 014,E09000006,Bromley,1833,525,365,354,432,157,836,253,190,145,182,66,997,272,175,209,250,91
E01000731,Bromley 023C,E02000149,Bromley 023,E09000006,Bromley,1502,402,230,305,366,199,728,227,117,124,170,90,774,175,113,181,196,109
E01000732,Bromley 023D,E02000149,Bromley 023,E09000006,Bromley,1444,280,190,258,465,251,683,145,101,109,225,103,761,135,89,149,240,148
E01000733,Bromley 023E,E02000149,Bromley 023,E09000006,Bromley,1672,358,227,351,449,287,809,188,119,155,219,128,863,170,108,196,230,159
E01000734,Bromley 028B,E02000154,Bromley 028,E09000006,Bromley,1411,355,213,321,323,199,685,201,101,140,152,91,726,154,112,181,171,108
E01000735,Bromley 014C,E02000140,Bromley 014,E09000006,Bromley,1544,377,280,307,388,192,727,191,144,132,180,80,817,186,136,175,208,112
E01000736,Bromley 010C,E02000136,Bromley 010,E09000006,Bromley,1669,383,272,344,452,218,814,207,126,169,213,99,855,176,146,175,239,119
E01000737,Bromley 010D,E02000136,Bromley 010,E09000006,Bromley,1374,294,192,310,343,235,626,160,84,134,159,89,748,134,108,176,184,146
E01000738,Bromley 014D,E02000140,Bromley 014,E09000006,Bromley,1654,340,244,300,436,334,799,174,128,152,208,137,855,166,116,148,228,197
E01000739,Bromley 014E,E02000140,Bromley 014,E09000006,Bromley,1689,432,273,351,397,236,782,226,145,129,183,99,907,206,128,222,214,137
E01000740,Bromley 005A,E02000131,Bromley 005,E09000006,Bromley,2443,491,482,902,479,89,1180,244,210,442,243,41,1263,247,272,460,236,48
E01000741,Bromley 005B,E02000131,Bromley 005,E09000006,Bromley,1900,274,289,789,411,137,965,135,150,390,220,70,935,139,139,399,191,67
E01000742,Bromley 005C,E02000131,Bromley 005,E09000006,Bromley,2369,420,377,904,514,154,1178,212,176,428,281,81,1191,208,201,476,233,73
E01000743,Bromley 009A,E02000135,Bromley 009,E09000006,Bromley,1947,356,317,496,494,284,921,197,148,229,229,118,1026,159,169,267,265,166
E01000744,Bromley 009B,E02000135,Bromley 009,E09000006,Bromley,1599,296,299,400,404,200,804,164,160,194,186,100,795,132,139,206,218,100
E01000745,Bromley 005D,E02000131,Bromley 005,E09000006,Bromley,2092,392,302,791,453,154,1003,191,137,368,236,71,1089,201,165,423,217,83
E01000746,Bromley 005E,E02000131,Bromley 005,E09000006,Bromley,2173,381,332,720,524,216,1075,181,168,329,280,117,1098,200,164,391,244,99
E01000747,Bromley 042B,E02006789,Bromley 042,E09000006,Bromley,2055,425,252,362,636,380,1006,209,135,157,318,187,1049,216,117,205,318,193
E01000748,Bromley 042C,E02006789,Bromley 042,E09000006,Bromley,1562,202,179,177,473,531,782,106,100,81,231,264,780,96,79,96,242,267
E01000749,Bromley 036A,E02000162,Bromley 036,E09000006,Bromley,1681,275,187,240,471,508,837,134,109,130,220,244,844,141,78,110,251,264
E01000750,Bromley 036B,E02000162,Bromley 036,E09000006,Bromley,1440,258,218,224,396,344,616,145,111,94,160,106,824,113,107,130,236,238
E01000751,Bromley 036C,E02000162,Bromley 036,E09000006,Bromley,2190,507,295,447,559,382,1032,254,165,194,272,147,1158,253,130,253,287,235
E01000752,Bromley 036D,E02000162,Bromley 036,E09000006,Bromley,1732,311,188,260,459,514,799,159,91,120,214,215,933,152,97,140,245,299
E01000753,Bromley 031A,E02000157,Bromley 031,E09000006,Bromley,1904,424,210,292,504,474,940,232,114,133,259,202,964,192,96,159,245,272
E01000754,Bromley 031B,E02000157,Bromley 031,E09000006,Bromley,1737,360,217,375,457,328,796,185,110,171,211,119,941,175,107,204,246,209
E01000755,Bromley 031C,E02000157,Bromley 031,E09000006,Bromley,1533,280,201,234,458,360,735,141,110,110,220,154,798,139,91,124,238,206
E01000756,Bromley 033D,E02000159,Bromley 033,E09000006,Bromley,1640,315,202,227,500,396,771,161,107,102,218,183,869,154,95,125,282,213
E01000757,Bromley 031D,E02000157,Bromley 031,E09000006,Bromley,1564,307,151,219,441,446,774,160,84,98,223,209,790,147,67,121,218,237
E01000758,Bromley 031E,E02000157,Bromley 031,E09000006,Bromley,1463,297,197,247,420,302,720,141,108,109,216,146,743,156,89,138,204,156
E01000759,Bromley 034A,E02000160,Bromley 034,E09000006,Bromley,1579,317,230,206,512,314,778,151,130,95,252,150,801,166,100,111,260,164
E01000760,Bromley 034B,E02000160,Bromley 034,E09000006,Bromley,1539,266,216,241,456,360,701,135,115,103,215,133,838,131,101,138,241,227
E01000761,Bromley 034C,E02000160,Bromley 034,E09000006,Bromley,1551,287,208,233,511,312,790,170,105,112,251,152,761,117,103,121,260,160
E01000762,Bromley 018D,E02000144,Bromley 018,E09000006,Bromley,1699,350,222,383,428,316,820,161,120,197,222,120,879,189,102,186,206,196
E01000763,Bromley 027A,E02000153,Bromley 027,E09000006,Bromley,1424,290,193,221,419,301,668,137,97,102,193,139,756,153,96,119,226,162
E01000764,Bromley 027B,E02000153,Bromley 027,E09000006,Bromley,1752,386,248,351,475,292,837,227,111,169,202,128,915,159,137,182,273,164
E01000765,Bromley 034D,E02000160,Bromley 034,E09000006,Bromley,1813,380,240,325,549,319,892,191,137,164,267,133,921,189,103,161,282,186
E01000766,Bromley 027C,E02000153,Bromley 027,E09000006,Bromley,1800,427,188,315,510,360,871,208,96,161,244,162,929,219,92,154,266,198
E01000767,Bromley 027D,E02000153,Bromley 027,E09000006,Bromley,1563,301,202,232,484,344,762,161,118,115,220,148,801,140,84,117,264,196
E01000768,Bromley 034E,E02000160,Bromley 034,E09000006,Bromley,1496,255,195,227,457,362,720,129,99,106,211,175,776,126,96,121,246,187
E01000769,Bromley 024A,E02000150,Bromley 024,E09000006,Bromley,1445,278,260,254,437,216,745,160,145,152,201,87,700,118,115,102,236,129
E01000770,Bromley 012D,E02000138,Bromley 012,E09000006,Bromley,1499,237,167,244,393,458,708,111,84,123,194,196,791,126,83,121,199,262
E01000771,Bromley 041C,E02006787,Bromley 041,E09000006,Bromley,1808,397,196,370,494,351,865,204,95,169,239,158,943,193,101,201,255,193
E01000772,Bromley 012E,E02000138,Bromley 012,E09000006,Bromley,1593,258,145,259,437,494,714,125,59,138,202,190,879,133,86,121,235,304
E01000773,Bromley 024B,E02000150,Bromley 024,E09000006,Bromley,1621,364,204,266,436,351,752,193,105,118,195,141,869,171,99,148,241,210
E01000774,Bromley 041D,E02006787,Bromley 041,E09000006,Bromley,1485,328,166,316,440,235,728,166,88,146,212,116,757,162,78,170,228,119
E01000775,Bromley 024C,E02000150,Bromley 024,E09000006,Bromley,2342,469,336,397,724,416,1137,261,155,196,337,188,1205,208,181,201,387,228
E01000777,Bromley 024D,E02000150,Bromley 024,E09000006,Bromley,1595,354,226,258,504,253,777,179,112,124,249,113,818,175,114,134,255,140
E01000778,Bromley 024E,E02000150,Bromley 024,E09000006,Bromley,1610,347,236,295,517,215,757,169,128,134,238,88,853,178,108,161,279,127
E01000779,Bromley 001A,E02000127,Bromley 001,E09000006,Bromley,1296,220,151,272,352,301,613,116,71,131,167,128,683,104,80,141,185,173
E01000780,Bromley 001B,E02000127,Bromley 001,E09000006,Bromley,1575,308,263,338,411,255,748,155,140,141,200,112,827,153,123,197,211,143
E01000781,Bromley 001C,E02000127,Bromley 001,E09000006,Bromley,1561,428,243,363,353,174,710,215,118,158,156,63,851,213,125,205,197,111
E01000782,Bromley 001D,E02000127,Bromley 001,E09000006,Bromley,1611,413,246,410,377,165,759,204,105,193,192,65,852,209,141,217,185,100
E01000783,Bromley 001E,E02000127,Bromley 001,E09000006,Bromley,1819,467,332,419,434,167,863,253,172,169,202,67,956,214,160,250,232,100
E01000784,Bromley 002E,E02000128,Bromley 002,E09000006,Bromley,1624,377,209,392,436,210,798,202,98,181,217,100,826,175,111,211,219,110
E01000785,Bromley 001F,E02000127,Bromley 001,E09000006,Bromley,1604,380,224,401,422,177,748,189,100,162,223,74,856,191,124,239,199,103
E01000786,Bromley 032A,E02000158,Bromley 032,E09000006,Bromley,1477,200,174,227,386,490,712,108,90,96,188,230,765,92,84,131,198,260
E01000787,Bromley 029C,E02000155,Bromley 029,E09000006,Bromley,1471,274,191,281,375,350,682,127,92,135,175,153,789,147,99,146,200,197
E01000788,Bromley 029D,E02000155,Bromley 029,E09000006,Bromley,1554,311,227,266,476,274,753,166,115,112,235,125,801,145,112,154,241,149
E01000789,Bromley 032B,E02000158,Bromley 032,E09000006,Bromley,2030,664,345,423,438,160,933,320,174,154,213,72,1097,344,171,269,225,88
E01000790,Bromley 028C,E02000154,Bromley 028,E09000006,Bromley,2493,448,463,628,606,348,1217,238,218,297,309,155,1276,210,245,331,297,193
E01000791,Bromley 029E,E02000155,Bromley 029,E09000006,Bromley,1444,227,189,199,430,399,702,125,95,97,206,179,742,102,94,102,224,220
E01000792,Bromley 032C,E02000158,Bromley 032,E09000006,Bromley,1480,366,192,286,387,249,704,177,111,128,179,109,776,189,81,158,208,140
E01000793,Bromley 032D,E02000158,Bromley 032,E09000006,Bromley,1419,220,162,212,429,396,694,116,84,93,210,191,725,104,78,119,219,205
E01000794,Bromley 035E,E02000161,Bromley 035,E09000006,Bromley,1557,288,148,261,413,447,725,140,79,120,201,185,832,148,69,141,212,262
E01000795,Bromley 032E,E02000158,Bromley 032,E09000006,Bromley,1391,325,157,266,381,262,655,165,76,116,182,116,736,160,81,150,199,146
E01000796,Bromley 009C,E02000135,Bromley 009,E09000006,Bromley,1660,409,355,348,432,116,809,219,186,154,200,50,851,190,169,194,232,66
E01000797,Bromley 013E,E02000139,Bromley 013,E09000006,Bromley,1691,367,187,397,526,214,819,161,87,200,270,101,872,206,100,197,256,113
E01000798,Bromley 009D,E02000135,Bromley 009,E09000006,Bromley,1557,252,310,407,415,173,776,140,168,184,215,69,781,112,142,223,200,104
E01000799,Bromley 004A,E02000130,Bromley 004,E09000006,Bromley,1878,408,327,495,464,184,930,217,167,224,237,85,948,191,160,271,227,99
E01000800,Bromley 009E,E02000135,Bromley 009,E09000006,Bromley,1866,395,297,590,443,141,912,217,141,301,192,61,954,178,156,289,251,80
E01000801,Bromley 015E,E02000141,Bromley 015,E09000006,Bromley,1647,287,239,451,420,250,768,136,116,210,197,109,879,151,123,241,223,141
E01000802,Bromley 004B,E02000130,Bromley 004,E09000006,Bromley,1798,370,218,546,464,200,838,179,95,249,223,92,960,191,123,297,241,108
E01000803,Bromley 004C,E02000130,Bromley 004,E09000006,Bromley,1712,326,273,478,423,212,791,171,134,213,179,94,921,155,139,265,244,118
E01000804,Bromley 004D,E02000130,Bromley 004,E09000006,Bromley,1555,340,169,304,440,302,731,155,101,130,215,130,824,185,68,174,225,172
E01000805,Bromley 004E,E02000130,Bromley 004,E09000006,Bromley,1813,356,239,503,445,270,840,185,116,232,191,116,973,171,123,271,254,154
E01000806,Bromley 009F,E02000135,Bromley 009,E09000006,Bromley,1987,462,369,603,437,116,975,238,202,272,215,48,1012,224,167,331,222,68
E01000807,Bromley 022C,E02000148,Bromley 022,E09000006,Bromley,1645,381,237,330,410,287,776,188,98,165,206,119,869,193,139,165,204,168
E01000808,Bromley 025A,E02000151,Bromley 025,E09000006,Bromley,1589,331,153,288,467,350,776,161,87,148,225,155,813,170,66,140,242,195
E01000809,Bromley 022D,E02000148,Bromley 022,E09000006,Bromley,1506,302,166,254,421,363,722,170,87,115,211,139,784,132,79,139,210,224
E01000810,Bromley 025B,E02000151,Bromley 025,E09000006,Bromley,1506,330,123,305,380,368,764,179,63,160,192,170,742,151,60,145,188,198
E01000811,Bromley 025C,E02000151,Bromley 025,E09000006,Bromley,1354,295,158,322,364,215,641,147,84,150,175,85,713,148,74,172,189,130
E01000812,Bromley 028D,E02000154,Bromley 028,E09000006,Bromley,1575,288,184,329,435,339,801,168,101,164,212,156,774,120,83,165,223,183
E01000813,Bromley 025D,E02000151,Bromley 025,E09000006,Bromley,1650,358,166,319,425,382,792,190,73,149,224,156,858,168,93,170,201,226
E01000814,Bromley 028E,E02000154,Bromley 028,E09000006,Bromley,1417,270,153,207,438,349,701,128,75,104,223,171,716,142,78,103,215,178
E01000815,Bromley 025E,E02000151,Bromley 025,E09000006,Bromley,1532,316,162,219,472,363,749,168,88,101,222,170,783,148,74,118,250,193
E01000816,Bromley 040A,E02006782,Bromley 040,E09000006,Bromley,1531,321,196,305,429,280,758,164,110,144,208,132,773,157,86,161,221,148
E01000818,Bromley 040B,E02006782,Bromley 040,E09000006,Bromley,1626,282,207,291,504,342,794,155,108,137,237,157,832,127,99,154,267,185
E01000819,Bromley 040C,E02006782,Bromley 040,E09000006,Bromley,1750,364,284,417,477,208,826,178,141,200,229,78,924,186,143,217,248,130
E01000820,Bromley 008C,E02000134,Bromley 008,E09000006,Bromley,1666,335,213,399,429,290,848,201,119,182,216,130,818,134,94,217,213,160
E01000822,Bromley 008D,E02000134,Bromley 008,E09000006,Bromley,1740,414,242,477,413,194,834,218,117,205,208,86,906,196,125,272,205,108
E01000823,Bromley 008E,E02000134,Bromley 008,E09000006,Bromley,1752,347,235,437,480,253,831,152,101,210,242,126,921,195,134,227,238,127
E01000824,Bromley 008F,E02000134,Bromley 008,E09000006,Bromley,1367,280,202,368,396,121,671,131,102,171,209,58,696,149,100,197,187,63
E01000825,Bromley 008G,E02000134,Bromley 008,E09000006,Bromley,1754,314,233,495,466,246,825,138,112,246,235,94,929,176,121,249,231,152
E01000826,Bromley 021A,E02000147,Bromley 021,E09000006,Bromley,1595,328,254,191,505,317,807,173,135,89,248,162,788,155,119,102,257,155
E01000827,Bromley 021B,E02000147,Bromley 021,E09000006,Bromley,1994,372,266,442,467,447,961,187,140,229,226,179,1033,185,126,213,241,268
E01000828,Bromley 011E,E02000137,Bromley 011,E09000006,Bromley,1784,353,218,424,432,357,840,177,79,199,216,169,944,176,139,225,216,188
E01000829,Bromley 018E,E02000144,Bromley 018,E09000006,Bromley,1890,409,230,496,468,287,928,207,117,250,223,131,962,202,113,246,245,156
E01000830,Bromley 021C,E02000147,Bromley 021,E09000006,Bromley,1543,311,207,181,500,344,798,176,117,76,245,184,745,135,90,105,255,160
E01000831,Bromley 021D,E02000147,Bromley 021,E09000006,Bromley,1768,359,218,326,486,379,865,195,94,154,243,179,903,164,124,172,243,200
E01000832,Bromley 030A,E02000156,Bromley 030,E09000006,Bromley,1462,284,193,195,455,335,734,148,109,99,225,153,728,136,84,96,230,182
E01000833,Bromley 021E,E02000147,Bromley 021,E09000006,Bromley,1399,301,209,175,491,223,699,164,119,79,235,102,700,137,90,96,256,121
E01000834,Bromley 027E,E02000153,Bromley 027,E09000006,Bromley,1334,292,183,220,403,236,644,151,100,99,192,102,690,141,83,121,211,134
E01000835,Bromley 030B,E02000156,Bromley 030,E09000006,Bromley,1726,389,286,299,473,279,808,196,136,145,228,103,918,193,150,154,245,176
E01000836,Bromley 030C,E02000156,Bromley 030,E09000006,Bromley,1405,296,204,218,440,247,697,156,108,115,197,121,708,140,96,103,243,126
E01000837,Bromley 030D,E02000156,Bromley 030,E09000006,Bromley,1539,330,193,245,451,320,739,186,110,103,209,131,800,144,83,142,242,189
E01000838,Bromley 030E,E02000156,Bromley 030,E09000006,Bromley,1439,270,196,236,396,341,662,129,98,104,191,140,777,141,98,132,205,201
E01000839,Bromley 030F,E02000156,Bromley 030,E09000006,Bromley,1397,238,198,212,403,346,696,127,110,97,190,172,701,111,88,115,213,174
E01000840,Bromley 030G,E02000156,Bromley 030,E09000006,Bromley,1465,189,155,165,430,526,665,110,73,76,197,209,800,79,82,89,233,317
E01000841,Bromley 030H,E02000156,Bromley 030,E09000006,Bromley,1680,331,213,279,470,387,798,165,106,134,215,178,882,166,107,145,255,209
E01000842,Camden 011A,E02000176,Camden 011,E09000007,Camden,1868,318,227,521,459,343,905,147,127,262,221,148,963,171,100,259,238,195
E01000843,Camden 014A,E02000179,Camden 014,E09000007,Camden,1990,446,261,594,432,257,992,232,109,313,210,128,998,214,152,281,222,129
E01000844,Camden 011B,E02000176,Camden 011,E09000007,Camden,2169,467,270,738,473,221,1188,267,140,431,238,112,981,200,130,307,235,109
E01000845,Camden 014B,E02000179,Camden 014,E09000007,Camden,1938,335,276,615,426,286,1023,177,145,346,218,137,915,158,131,269,208,149
E01000846,Camden 014C,E02000179,Camden 014,E09000007,Camden,1729,397,284,331,446,271,848,213,168,130,224,113,881,184,116,201,222,158
E01000847,Camden 014D,E02000179,Camden 014,E09000007,Camden,2034,438,367,450,489,290,1036,229,194,233,254,126,998,209,173,217,235,164
E01000848,Camden 011C,E02000176,Camden 011,E09000007,Camden,2200,349,289,642,640,280,1199,177,180,325,383,134,1001,172,109,317,257,146
E01000849,Camden 011D,E02000176,Camden 011,E09000007,Camden,1967,290,316,692,400,269,973,143,176,355,193,106,994,147,140,337,207,163
E01000850,Camden 026A,E02000191,Camden 026,E09000007,Camden,2418,119,1123,566,421,189,1445,59,627,408,244,107,973,60,496,158,177,82
E01000851,Camden 026B,E02000191,Camden 026,E09000007,Camden,2659,185,1383,497,409,185,1504,68,760,327,245,104,1155,117,623,170,164,81
E01000852,Camden 026C,E02000191,Camden 026,E09000007,Camden,2151,88,1304,353,228,178,1103,58,592,225,142,86,1048,30,712,128,86,92
E01000853,Camden 025A,E02000190,Camden 025,E09000007,Camden,1786,299,309,351,420,407,879,133,158,194,224,170,907,166,151,157,196,237
E01000854,Camden 026D,E02000191,Camden 026,E09000007,Camden,2112,319,886,381,324,202,1164,168,521,205,176,94,948,151,365,176,148,108
E01000855,Camden 028A,E02000193,Camden 028,E09000007,Camden,1757,75,467,502,423,290,916,36,211,312,242,115,841,39,256,190,181,175
E01000856,Camden 019A,E02000184,Camden 019,E09000007,Camden,1970,407,485,512,415,151,1012,211,232,310,187,72,958,196,253,202,228,79
E01000857,Camden 018A,E02000183,Camden 018,E09000007,Camden,1704,350,213,398,445,298,870,186,110,221,219,134,834,164,103,177,226,164
E01000858,Camden 018B,E02000183,Camden 018,E09000007,Camden,2185,399,493,579,483,231,1161,214,264,330,239,114,1024,185,229,249,244,117
E01000859,Camden 018C,E02000183,Camden 018,E09000007,Camden,1900,342,222,518,528,290,920,158,102,273,253,134,980,184,120,245,275,156
E01000860,Camden 018D,E02000183,Camden 018,E09000007,Camden,1511,224,129,302,440,416,762,128,54,167,216,197,749,96,75,135,224,219
E01000861,Camden 019B,E02000184,Camden 019,E09000007,Camden,1707,188,504,470,371,174,954,95,293,280,193,93,753,93,211,190,178,81
E01000862,Camden 018E,E02000183,Camden 018,E09000007,Camden,1993,370,303,513,510,297,1038,187,162,289,250,150,955,183,141,224,260,147
E01000863,Camden 021A,E02000186,Camden 021,E09000007,Camden,2003,186,666,601,411,139,1148,92,370,368,249,69,855,94,296,233,162,70
E01000864,Camden 015A,E02000180,Camden 015,E09000007,Camden,1935,284,428,580,457,186,960,140,197,328,214,81,975,144,231,252,243,105
E01000865,Camden 015B,E02000180,Camden 015,E09000007,Camden,1974,190,889,429,281,185,1117,98,498,280,142,99,857,92,391,149,139,86
E01000866,Camden 009A,E02000174,Camden 009,E09000007,Camden,2921,417,949,570,618,367,1354,212,407,257,305,173,1567,205,542,313,313,194
E01000867,Camden 015C,E02000180,Camden 015,E09000007,Camden,2120,334,694,557,359,176,1121,167,385,305,181,83,999,167,309,252,178,93
E01000868,Camden 015D,E02000180,Camden 015,E09000007,Camden,1957,557,343,468,407,182,1027,301,183,236,216,91,930,256,160,232,191,91
E01000869,Camden 015E,E02000180,Camden 015,E09000007,Camden,2459,329,722,675,460,273,1248,158,376,358,248,108,1211,171,346,317,212,165
E01000870,Camden 009B,E02000174,Camden 009,E09000007,Camden,1938,342,427,441,503,225,916,152,197,243,213,111,1022,190,230,198,290,114
E01000871,Camden 005A,E02000170,Camden 005,E09000007,Camden,2168,488,399,452,535,294,1076,216,225,256,256,123,1092,272,174,196,279,171
E01000872,Camden 005B,E02000170,Camden 005,E09000007,Camden,2333,359,522,684,551,217,1204,195,284,356,289,80,1129,164,238,328,262,137
E01000873,Camden 005C,E02000170,Camden 005,E09000007,Camden,2004,380,413,527,414,270,1017,222,228,276,180,111,987,158,185,251,234,159
E01000874,Camden 005D,E02000170,Camden 005,E09000007,Camden,2004,389,368,513,439,295,990,188,163,287,206,146,1014,201,205,226,233,149
E01000875,Camden 013A,E02000178,Camden 013,E09000007,Camden,1981,328,509,619,327,198,1048,169,282,339,172,86,933,159,227,280,155,112
E01000876,Camden 013B,E02000178,Camden 013,E09000007,Camden,2337,454,586,608,465,224,1148,236,309,280,215,108,1189,218,277,328,250,116
E01000877,Camden 005E,E02000170,Camden 005,E09000007,Camden,2000,358,414,602,424,202,1074,182,235,329,222,106,926,176,179,273,202,96
E01000878,Camden 004A,E02000169,Camden 004,E09000007,Camden,2696,631,727,527,450,361,1258,274,375,274,188,147,1438,357,352,253,262,214
E01000879,Camden 004B,E02000169,Camden 004,E09000007,Camden,1773,402,234,440,459,238,953,234,146,245,221,107,820,168,88,195,238,131
E01000880,Camden 004C,E02000169,Camden 004,E09000007,Camden,2085,563,240,441,586,255,1106,333,124,242,304,103,979,230,116,199,282,152
E01000881,Camden 008A,E02000173,Camden 008,E09000007,Camden,2242,592,450,487,531,182,1230,358,273,238,269,92,1012,234,177,249,262,90
E01000882,Camden 008B,E02000173,Camden 008,E09000007,Camden,2078,402,268,603,532,273,1075,201,136,339,271,128,1003,201,132,264,261,145
E01000883,Camden 008C,E02000173,Camden 008,E09000007,Camden,1999,345,426,702,310,216,1027,176,239,346,171,95,972,169,187,356,139,121
E01000884,Camden 004D,E02000169,Camden 004,E09000007,Camden,1942,476,253,354,553,306,1002,252,139,191,281,139,940,224,114,163,272,167
E01000885,Camden 004E,E02000169,Camden 004,E09000007,Camden,1848,415,224,335,471,403,906,197,116,164,232,197,942,218,108,171,239,206
E01000886,Camden 006A,E02000171,Camden 006,E09000007,Camden,1800,368,266,443,448,275,934,211,156,228,192,147,866,157,110,215,256,128
E01000887,Camden 006B,E02000171,Camden 006,E09000007,Camden,1793,283,316,524,446,224,854,128,148,266,217,95,939,155,168,258,229,129
E01000888,Camden 006C,E02000171,Camden 006,E09000007,Camden,1884,396,286,456,491,255,1001,219,156,259,230,137,883,177,130,197,261,118
E01000889,Camden 007A,E02000172,Camden 007,E09000007,Camden,2216,505,447,488,531,245,1059,242,221,243,264,89,1157,263,226,245,267,156
E01000890,Camden 007B,E02000172,Camden 007,E09000007,Camden,1790,424,304,376,424,262,921,216,160,208,216,121,869,208,144,168,208,141
E01000891,Camden 007C,E02000172,Camden 007,E09000007,Camden,1770,336,408,410,374,242,892,196,188,220,186,102,878,140,220,190,188,140
E01000892,Camden 006D,E02000171,Camden 006,E09000007,Camden,2409,467,373,688,563,318,1212,241,183,344,300,144,1197,226,190,344,263,174
E01000893,Camden 002A,E02000167,Camden 002,E09000007,Camden,1862,329,251,405,494,383,901,144,140,202,246,169,961,185,111,203,248,214
E01000894,Camden 002B,E02000167,Camden 002,E09000007,Camden,1751,444,164,391,453,299,884,223,78,210,242,131,867,221,86,181,211,168
E01000895,Camden 002C,E02000167,Camden 002,E09000007,Camden,2077,390,273,592,449,373,1072,181,146,345,218,182,1005,209,127,247,231,191
E01000896,Camden 002D,E02000167,Camden 002,E09000007,Camden,2116,430,263,530,535,358,1110,211,133,295,292,179,1006,219,130,235,243,179
E01000897,Camden 008D,E02000173,Camden 008,E09000007,Camden,2049,499,200,502,512,336,1042,250,87,285,276,144,1007,249,113,217,236,192
E01000898,Camden 008E,E02000173,Camden 008,E09000007,Camden,2378,380,443,802,464,289,1217,201,223,441,235,117,1161,179,220,361,229,172
E01000899,Camden 002E,E02000167,Camden 002,E09000007,Camden,2177,454,243,441,595,444,1079,230,135,228,265,221,1098,224,108,213,330,223
E01000900,Camden 012A,E02000177,Camden 012,E09000007,Camden,2125,412,469,554,424,266,1055,203,223,315,182,132,1070,209,246,239,242,134
E01000901,Camden 007D,E02000172,Camden 007,E09000007,Camden,2837,659,774,658,526,220,1444,379,392,312,238,123,1393,280,382,346,288,97
E01000902,Camden 012B,E02000177,Camden 012,E09000007,Camden,1716,401,329,375,343,268,834,205,168,174,181,106,882,196,161,201,162,162
E01000903,Camden 006E,E02000171,Camden 006,E09000007,Camden,1797,290,297,428,444,338,880,131,153,221,234,141,917,159,144,207,210,197
E01000904,Camden 012C,E02000177,Camden 012,E09000007,Camden,2807,426,811,673,587,310,1468,233,452,343,283,157,1339,193,359,330,304,153
E01000905,Camden 012D,E02000177,Camden 012,E09000007,Camden,2285,543,482,462,495,303,1129,267,267,221,247,127,1156,276,215,241,248,176
E01000906,Camden 012E,E02000177,Camden 012,E09000007,Camden,1759,252,377,540,337,253,873,133,207,276,165,92,886,119,170,264,172,161
E01000907,Camden 001A,E02000166,Camden 001,E09000007,Camden,1698,410,222,397,451,218,844,245,111,191,212,85,854,165,111,206,239,133
E01000908,Camden 001B,E02000166,Camden 001,E09000007,Camden,1990,356,314,404,558,358,949,187,187,222,201,152,1041,169,127,182,357,206
E01000909,Camden 001C,E02000166,Camden 001,E09000007,Camden,1898,315,296,352,481,454,891,165,148,162,213,203,1007,150,148,190,268,251
E01000910,Camden 003A,E02000168,Camden 003,E09000007,Camden,1790,321,317,336,467,349,900,181,161,176,216,166,890,140,156,160,251,183
E01000911,Camden 003B,E02000168,Camden 003,E09000007,Camden,1808,356,284,398,465,305,920,190,161,216,214,139,888,166,123,182,251,166
E01000912,Camden 001D,E02000166,Camden 001,E09000007,Camden,1930,321,368,396,543,302,904,162,191,207,251,93,1026,159,177,189,292,209
E01000913,Camden 001E,E02000166,Camden 001,E09000007,Camden,1963,346,251,301,525,540,976,182,133,144,239,278,987,164,118,157,286,262
E01000914,Camden 028B,E02000193,Camden 028,E09000007,Camden,2512,198,966,523,495,330,1367,108,535,274,296,154,1145,90,431,249,199,176
E01000915,Camden 027A,E02000192,Camden 027,E09000007,Camden,1766,319,414,377,420,236,932,142,238,207,241,104,834,177,176,170,179,132
E01000916,Camden 027B,E02000192,Camden 027,E09000007,Camden,2638,265,747,818,554,254,1467,126,377,511,348,105,1171,139,370,307,206,149
E01000917,Camden 027C,E02000192,Camden 027,E09000007,Camden,2388,445,520,504,661,258,1292,224,297,266,384,121,1096,221,223,238,277,137
E01000918,Camden 028C,E02000193,Camden 028,E09000007,Camden,2520,261,724,675,566,294,1413,142,369,434,325,143,1107,119,355,241,241,151
E01000919,Camden 028D,E02000193,Camden 028,E09000007,Camden,2261,259,608,668,494,232,1212,79,308,396,302,127,1049,180,300,272,192,105
E01000920,Camden 027D,E02000192,Camden 027,E09000007,Camden,2389,300,533,617,621,318,1372,133,293,394,366,186,1017,167,240,223,255,132
E01000921,Camden 003C,E02000168,Camden 003,E09000007,Camden,2449,335,548,895,488,183,1299,186,279,508,243,83,1150,149,269,387,245,100
E01000922,Camden 007E,E02000172,Camden 007,E09000007,Camden,2073,403,561,530,418,161,1059,235,270,275,216,63,1014,168,291,255,202,98
E01000923,Camden 003D,E02000168,Camden 003,E09000007,Camden,1710,265,278,452,455,260,819,131,150,219,213,106,891,134,128,233,242,154
E01000924,Camden 009C,E02000174,Camden 009,E09000007,Camden,2073,313,438,634,463,225,998,129,215,342,235,77,1075,184,223,292,228,148
E01000925,Camden 009D,E02000174,Camden 009,E09000007,Camden,1717,420,356,336,405,200,803,232,157,141,188,85,914,188,199,195,217,115
E01000926,Camden 009E,E02000174,Camden 009,E09000007,Camden,2099,265,504,844,342,144,1049,129,274,402,171,73,1050,136,230,442,171,71
E01000927,Camden 007F,E02000172,Camden 007,E09000007,Camden,2128,362,428,605,439,294,1063,161,235,334,214,119,1065,201,193,271,225,175
E01000928,Camden 003E,E02000168,Camden 003,E09000007,Camden,2113,410,361,540,520,282,1091,218,193,304,256,120,1022,192,168,236,264,162
E01000929,Camden 020A,E02000185,Camden 020,E09000007,Camden,2363,604,443,533,564,219,1193,326,230,276,285,76,1170,278,213,257,279,143
E01000930,Camden 020B,E02000185,Camden 020,E09000007,Camden,2488,415,474,599,518,482,1274,244,229,297,281,223,1214,171,245,302,237,259
E01000931,Camden 013C,E02000178,Camden 013,E09000007,Camden,2494,502,443,753,513,283,1251,237,230,428,228,128,1243,265,213,325,285,155
E01000932,Camden 013D,E02000178,Camden 013,E09000007,Camden,2118,232,539,714,443,190,1091,89,303,408,223,68,1027,143,236,306,220,122
E01000933,Camden 020C,E02000185,Camden 020,E09000007,Camden,2251,310,542,644,475,280,1148,144,269,371,241,123,1103,166,273,273,234,157
E01000934,Camden 020D,E02000185,Camden 020,E09000007,Camden,1886,351,331,445,458,301,939,175,148,244,246,126,947,176,183,201,212,175
E01000935,Camden 020E,E02000185,Camden 020,E09000007,Camden,1569,398,222,375,386,188,742,201,102,185,177,77,827,197,120,190,209,111
E01000936,Camden 024A,E02000189,Camden 024,E09000007,Camden,2089,249,836,478,325,201,1079,135,408,257,182,97,1010,114,428,221,143,104
E01000937,Camden 025B,E02000190,Camden 025,E09000007,Camden,2479,310,1375,441,235,118,1213,162,660,204,120,67,1266,148,715,237,115,51
E01000938,Camden 024B,E02000189,Camden 024,E09000007,Camden,2174,514,669,542,330,119,1130,286,386,236,179,43,1044,228,283,306,151,76
E01000939,Camden 024C,E02000189,Camden 024,E09000007,Camden,1629,327,547,329,278,148,789,156,242,171,149,71,840,171,305,158,129,77
E01000940,Camden 024D,E02000189,Camden 024,E09000007,Camden,1627,242,473,480,288,144,863,119,247,267,167,63,764,123,226,213,121,81
E01000941,Camden 025C,E02000190,Camden 025,E09000007,Camden,1368,303,253,308,366,138,712,154,114,162,207,75,656,149,139,146,159,63
E01000942,Camden 025D,E02000190,Camden 025,E09000007,Camden,2525,113,1577,420,241,174,1249,58,697,241,161,92,1276,55,880,179,80,82
E01000943,Camden 025E,E02000190,Camden 025,E09000007,Camden,1246,59,450,319,255,163,636,25,201,194,129,87,610,34,249,125,126,76
E01000944,Camden 023A,E02000188,Camden 023,E09000007,Camden,2284,362,1011,356,363,192,1361,195,714,184,188,80,923,167,297,172,175,112
E01000945,Camden 023B,E02000188,Camden 023,E09000007,Camden,1883,308,941,315,183,136,867,161,422,134,86,64,1016,147,519,181,97,72
E01000946,Camden 021B,E02000186,Camden 021,E09000007,Camden,2339,391,707,522,463,256,1128,161,371,264,209,123,1211,230,336,258,254,133
E01000947,Camden 021C,E02000186,Camden 021,E09000007,Camden,2358,264,666,804,435,189,1379,129,371,549,247,83,979,135,295,255,188,106
E01000948,Camden 021D,E02000186,Camden 021,E09000007,Camden,2053,302,444,455,540,312,1075,152,227,260,287,149,978,150,217,195,253,163
E01000949,Camden 023C,E02000188,Camden 023,E09000007,Camden,1961,374,429,456,486,216,934,201,217,209,223,84,1027,173,212,247,263,132
E01000950,Camden 023D,E02000188,Camden 023,E09000007,Camden,1312,296,354,249,301,112,647,143,161,136,156,51,665,153,193,113,145,61
E01000951,Camden 023E,E02000188,Camden 023,E09000007,Camden,1926,418,611,386,330,181,951,213,288,207,166,77,975,205,323,179,164,104
E01000952,Camden 022A,E02000187,Camden 022,E09000007,Camden,1937,368,556,419,393,201,989,194,300,219,194,82,948,174,256,200,199,119
E01000953,Camden 022B,E02000187,Camden 022,E09000007,Camden,4189,710,1702,847,579,351,1887,359,691,391,279,167,2302,351,1011,456,300,184
E01000954,Camden 022C,E02000187,Camden 022,E09000007,Camden,1990,546,485,393,371,195,974,275,247,182,169,101,1016,271,238,211,202,94
E01000955,Camden 022D,E02000187,Camden 022,E09000007,Camden,1885,394,476,397,388,230,966,209,250,219,194,94,919,185,226,178,194,136
E01000956,Camden 022E,E02000187,Camden 022,E09000007,Camden,2143,398,776,476,365,128,1198,212,453,280,185,68,945,186,323,196,180,60
E01000957,Camden 019C,E02000184,Camden 019,E09000007,Camden,1743,234,428,544,348,189,901,125,215,295,175,91,842,109,213,249,173,98
E01000958,Camden 019D,E02000184,Camden 019,E09000007,Camden,3952,556,1720,1034,508,134,1923,269,761,619,216,58,2029,287,959,415,292,76
E01000959,Camden 019E,E02000184,Camden 019,E09000007,Camden,1906,343,611,352,409,191,974,189,298,200,196,91,932,154,313,152,213,100
E01000960,Camden 017A,E02000182,Camden 017,E09000007,Camden,2332,480,472,725,420,235,1175,250,227,368,228,102,1157,230,245,357,192,133
E01000961,Camden 017B,E02000182,Camden 017,E09000007,Camden,2147,474,380,556,489,248,1063,260,193,269,221,120,1084,214,187,287,268,128
E01000962,Camden 016A,E02000181,Camden 016,E09000007,Camden,2007,314,425,679,413,176,1036,184,218,350,228,56,971,130,207,329,185,120
E01000963,Camden 017C,E02000182,Camden 017,E09000007,Camden,3038,619,558,878,599,384,1554,338,265,492,309,150,1484,281,293,386,290,234
E01000964,Camden 016B,E02000181,Camden 016,E09000007,Camden,1954,385,331,578,417,243,960,205,163,297,191,104,994,180,168,281,226,139
E01000965,Camden 016C,E02000181,Camden 016,E09000007,Camden,2093,427,450,634,396,186,1075,214,273,330,186,72,1018,213,177,304,210,114
E01000966,Camden 016D,E02000181,Camden 016,E09000007,Camden,1876,344,304,593,427,208,969,171,161,315,217,105,907,173,143,278,210,103
E01000967,Camden 017D,E02000182,Camden 017,E09000007,Camden,1890,412,269,376,513,320,941,243,126,194,242,136,949,169,143,182,271,184
E01000968,Camden 016E,E02000181,Camden 016,E09000007,Camden,1857,306,376,642,326,207,933,167,180,333,151,102,924,139,196,309,175,105
E01000969,Camden 010A,E02000175,Camden 010,E09000007,Camden,2507,297,548,985,429,248,1320,155,293,555,206,111,1187,142,255,430,223,137
E01000970,Camden 010B,E02000175,Camden 010,E09000007,Camden,1933,202,459,834,293,145,1041,115,226,495,153,52,892,87,233,339,140,93
E01000971,Camden 010C,E02000175,Camden 010,E09000007,Camden,1808,339,315,489,439,226,931,170,186,266,215,94,877,169,129,223,224,132
E01000972,Camden 010D,E02000175,Camden 010,E09000007,Camden,2533,376,584,714,523,336,1282,210,301,366,244,161,1251,166,283,348,279,175
E01000973,Camden 010E,E02000175,Camden 010,E09000007,Camden,3374,471,1117,1098,437,251,1706,260,566,560,212,108,1668,211,551,538,225,143
E01000974,Camden 013E,E02000178,Camden 013,E09000007,Camden,2144,344,522,674,429,175,1088,149,273,410,199,57,1056,195,249,264,230,118
E01000975,Croydon 022A,E02000215,Croydon 022,E09000008,Croydon,2124,429,454,657,441,143,996,219,199,323,191,64,1128,210,255,334,250,79
E01000976,Croydon 022B,E02000215,Croydon 022,E09000008,Croydon,2064,441,364,561,475,223,1091,213,189,291,287,111,973,228,175,270,188,112
E01000977,Croydon 022C,E02000215,Croydon 022,E09000008,Croydon,1898,330,298,554,451,265,983,183,140,295,236,129,915,147,158,259,215,136
E01000978,Croydon 022D,E02000215,Croydon 022,E09000008,Croydon,1835,329,361,531,408,206,1001,175,221,265,228,112,834,154,140,266,180,94
E01000979,Croydon 022E,E02000215,Croydon 022,E09000008,Croydon,1795,352,309,531,416,187,933,167,156,304,223,83,862,185,153,227,193,104
E01000980,Croydon 017A,E02000210,Croydon 017,E09000008,Croydon,1272,285,196,282,374,135,613,143,106,136,166,62,659,142,90,146,208,73
E01000981,Croydon 017B,E02000210,Croydon 017,E09000008,Croydon,1761,402,229,455,487,188,872,210,128,223,223,88,889,192,101,232,264,100
E01000982,Croydon 017C,E02000210,Croydon 017,E09000008,Croydon,1626,382,234,462,393,155,823,209,111,224,204,75,803,173,123,238,189,80
E01000983,Croydon 017D,E02000210,Croydon 017,E09000008,Croydon,1736,330,277,400,508,221,864,175,139,205,240,105,872,155,138,195,268,116
E01000984,Croydon 022F,E02000215,Croydon 022,E09000008,Croydon,1981,400,299,498,477,307,973,202,158,258,237,118,1008,198,141,240,240,189
E01000985,Croydon 021A,E02000214,Croydon 021,E09000008,Croydon,1430,249,195,205,465,316,687,123,107,90,219,148,743,126,88,115,246,168
E01000986,Croydon 021B,E02000214,Croydon 021,E09000008,Croydon,1718,303,271,303,507,334,828,141,149,129,255,154,890,162,122,174,252,180
E01000987,Croydon 021C,E02000214,Croydon 021,E09000008,Croydon,1344,231,196,203,448,266,681,143,94,102,215,127,663,88,102,101,233,139
E01000989,Croydon 018A,E02000211,Croydon 018,E09000008,Croydon,1694,326,262,281,491,334,793,173,130,116,231,143,901,153,132,165,260,191
E01000990,Croydon 045A,E02006788,Croydon 045,E09000008,Croydon,1434,289,257,270,407,211,682,148,132,119,187,96,752,141,125,151,220,115
E01000991,Croydon 018B,E02000211,Croydon 018,E09000008,Croydon,1660,223,227,243,495,472,835,125,140,126,240,204,825,98,87,117,255,268
E01000992,Croydon 014A,E02000207,Croydon 014,E09000008,Croydon,1934,422,357,405,565,185,944,194,191,207,256,96,990,228,166,198,309,89
E01000993,Croydon 021D,E02000214,Croydon 021,E09000008,Croydon,1716,395,236,431,430,224,835,214,138,191,191,101,881,181,98,240,239,123
E01000994,Croydon 009A,E02000202,Croydon 009,E09000008,Croydon,1529,336,244,328,417,204,718,175,123,158,172,90,811,161,121,170,245,114
E01000995,Croydon 009B,E02000202,Croydon 009,E09000008,Croydon,1714,384,275,391,443,221,862,206,140,223,205,88,852,178,135,168,238,133
E01000996,Croydon 009C,E02000202,Croydon 009,E09000008,Croydon,1189,203,202,252,360,172,591,84,110,136,181,80,598,119,92,116,179,92
E01000997,Croydon 009D,E02000202,Croydon 009,E09000008,Croydon,1395,301,221,229,418,226,658,131,110,109,203,105,737,170,111,120,215,121
E01000998,Croydon 010A,E02000203,Croydon 010,E09000008,Croydon,1601,387,241,385,406,182,801,181,115,183,236,86,800,206,126,202,170,96
E01000999,Croydon 009E,E02000202,Croydon 009,E09000008,Croydon,1323,268,207,289,341,218,681,136,106,164,177,98,642,132,101,125,164,120
E01001000,Croydon 010B,E02000203,Croydon 010,E09000008,Croydon,1529,388,271,361,368,141,773,194,124,216,176,63,756,194,147,145,192,78
E01001001,Croydon 013A,E02000206,Croydon 013,E09000008,Croydon,1329,315,201,269,393,151,675,165,94,135,206,75,654,150,107,134,187,76
E01001002,Croydon 009F,E02000202,Croydon 009,E09000008,Croydon,1419,349,227,296,417,130,706,174,125,140,206,61,713,175,102,156,211,69
E01001003,Croydon 010C,E02000203,Croydon 010,E09000008,Croydon,1664,399,222,398,452,193,811,207,104,170,241,89,853,192,118,228,211,104
E01001004,Croydon 015A,E02000208,Croydon 015,E09000008,Croydon,2219,542,408,595,520,154,1041,277,214,281,211,58,1178,265,194,314,309,96
E01001005,Croydon 019A,E02000212,Croydon 019,E09000008,Croydon,1699,451,288,424,410,126,855,255,125,218,202,55,844,196,163,206,208,71
E01001006,Croydon 016A,E02000209,Croydon 016,E09000008,Croydon,1644,481,261,425,382,95,799,273,142,164,178,42,845,208,119,261,204,53
E01001007,Croydon 016B,E02000209,Croydon 016,E09000008,Croydon,2024,463,368,434,540,219,1007,227,198,208,273,101,1017,236,170,226,267,118
E01001008,Croydon 019B,E02000212,Croydon 019,E09000008,Croydon,1683,461,245,368,465,144,792,232,115,168,218,59,891,229,130,200,247,85
E01001009,Croydon 019C,E02000212,Croydon 019,E09000008,Croydon,2019,545,340,475,499,160,981,250,166,232,255,78,1038,295,174,243,244,82
E01001010,Croydon 019D,E02000212,Croydon 019,E09000008,Croydon,1705,466,307,345,422,165,793,235,159,145,186,68,912,231,148,200,236,97
E01001011,Croydon 019E,E02000212,Croydon 019,E09000008,Croydon,2365,611,417,604,571,162,1169,325,201,290,273,80,1196,286,216,314,298,82
E01001012,Croydon 020A,E02000213,Croydon 020,E09000008,Croydon,2105,534,413,550,461,147,1064,239,218,298,242,67,1041,295,195,252,219,80
E01001013,Croydon 020B,E02000213,Croydon 020,E09000008,Croydon,2159,514,483,487,486,189,1073,237,268,244,242,82,1086,277,215,243,244,107
E01001014,Croydon 024A,E02000217,Croydon 024,E09000008,Croydon,4551,1183,894,1523,763,188,2195,564,457,701,385,88,2356,619,437,822,378,100
E01001015,Croydon 041A,E02000234,Croydon 041,E09000008,Croydon,1491,350,205,273,427,236,705,187,112,120,179,107,786,163,93,153,248,129
E01001016,Croydon 041B,E02000234,Croydon 041,E09000008,Croydon,1751,357,228,294,488,384,876,197,114,138,237,190,875,160,114,156,251,194
E01001017,Croydon 043A,E02000236,Croydon 043,E09000008,Croydon,1583,309,179,316,452,327,797,172,112,136,240,137,786,137,67,180,212,190
E01001018,Croydon 044A,E02000237,Croydon 044,E09000008,Croydon,1607,318,163,316,456,354,746,139,70,155,226,156,861,179,93,161,230,198
E01001019,Croydon 044B,E02000237,Croydon 044,E09000008,Croydon,1486,254,161,274,397,400,745,140,91,140,193,181,741,114,70,134,204,219
E01001020,Croydon 044C,E02000237,Croydon 044,E09000008,Croydon,1662,353,172,301,452,384,759,170,88,133,211,157,903,183,84,168,241,227
E01001021,Croydon 044D,E02000237,Croydon 044,E09000008,Croydon,1398,343,211,228,336,280,627,171,100,91,161,104,771,172,111,137,175,176
E01001022,Croydon 044E,E02000237,Croydon 044,E09000008,Croydon,1401,228,137,188,411,437,696,126,84,91,198,197,705,102,53,97,213,240
E01001023,Croydon 041C,E02000234,Croydon 041,E09000008,Croydon,2039,489,286,578,429,257,979,277,124,256,219,103,1060,212,162,322,210,154
E01001024,Croydon 043B,E02000236,Croydon 043,E09000008,Croydon,1322,262,149,290,379,242,676,134,81,144,191,126,646,128,68,146,188,116
E01001025,Croydon 043C,E02000236,Croydon 043,E09000008,Croydon,1249,275,127,242,330,275,614,139,75,107,165,128,635,136,52,135,165,147
E01001026,Croydon 043D,E02000236,Croydon 043,E09000008,Croydon,1888,472,242,400,467,307,869,240,119,173,208,129,1019,232,123,227,259,178
E01001027,Croydon 043E,E02000236,Croydon 043,E09000008,Croydon,2294,625,263,608,510,288,1111,304,124,290,250,143,1183,321,139,318,260,145
E01001028,Croydon 038A,E02000231,Croydon 038,E09000008,Croydon,1565,280,208,231,433,413,775,145,104,125,208,193,790,135,104,106,225,220
E01001029,Croydon 038B,E02000231,Croydon 038,E09000008,Croydon,1645,308,249,318,450,320,818,161,117,154,233,153,827,147,132,164,217,167
E01001030,Croydon 038C,E02000231,Croydon 038,E09000008,Croydon,1389,261,193,239,439,257,666,127,103,102,216,118,723,134,90,137,223,139
E01001031,Croydon 038D,E02000231,Croydon 038,E09000008,Croydon,1443,245,202,245,450,301,731,132,110,124,225,140,712,113,92,121,225,161
E01001032,Croydon 035A,E02000228,Croydon 035,E09000008,Croydon,1418,310,150,263,341,354,701,184,81,123,166,147,717,126,69,140,175,207
E01001033,Croydon 031A,E02000224,Croydon 031,E09000008,Croydon,1733,425,265,399,436,208,899,240,160,186,214,99,834,185,105,213,222,109
E01001034,Croydon 031B,E02000224,Croydon 031,E09000008,Croydon,1612,309,243,475,384,201,787,126,127,253,196,85,825,183,116,222,188,116
E01001035,Croydon 027A,E02000220,Croydon 027,E09000008,Croydon,1930,360,356,591,394,229,968,185,153,314,211,105,962,175,203,277,183,124
E01001036,Croydon 029A,E02000222,Croydon 029,E09000008,Croydon,1556,234,224,319,418,361,787,126,101,165,220,175,769,108,123,154,198,186
E01001037,Croydon 029B,E02000222,Croydon 029,E09000008,Croydon,1492,354,290,435,307,106,702,182,151,184,144,41,790,172,139,251,163,65
E01001038,Croydon 029C,E02000222,Croydon 029,E09000008,Croydon,1952,365,317,654,457,159,969,188,153,312,241,75,983,177,164,342,216,84
E01001039,Croydon 029D,E02000222,Croydon 029,E09000008,Croydon,1533,343,160,301,447,282,772,163,103,136,235,135,761,180,57,165,212,147
E01001040,Croydon 029E,E02000222,Croydon 029,E09000008,Croydon,1835,425,286,561,404,159,899,203,133,291,194,78,936,222,153,270,210,81
E01001041,Croydon 031C,E02000224,Croydon 031,E09000008,Croydon,1919,527,313,519,411,149,937,279,128,227,234,69,982,248,185,292,177,80
E01001042,Croydon 024B,E02000217,Croydon 024,E09000008,Croydon,2275,494,427,713,488,153,1106,232,199,362,259,54,1169,262,228,351,229,99
E01001043,Croydon 027B,E02000220,Croydon 027,E09000008,Croydon,4023,887,894,1443,628,171,2028,472,384,763,328,81,1995,415,510,680,300,90
E01001044,Croydon 023A,E02000216,Croydon 023,E09000008,Croydon,2013,426,236,502,475,374,994,211,118,239,262,164,1019,215,118,263,213,210
E01001045,Croydon 027C,E02000220,Croydon 027,E09000008,Croydon,3959,632,931,1518,615,263,1991,304,441,774,359,113,1968,328,490,744,256,150
E01001046,Croydon 023B,E02000216,Croydon 023,E09000008,Croydon,1810,426,221,574,347,242,892,203,95,286,196,112,918,223,126,288,151,130
E01001047,Croydon 027D,E02000220,Croydon 027,E09000008,Croydon,1895,399,276,664,385,171,965,226,148,325,195,71,930,173,128,339,190,100
E01001048,Croydon 020C,E02000213,Croydon 020,E09000008,Croydon,3380,840,647,1129,611,153,1585,410,247,538,327,63,1795,430,400,591,284,90
E01001049,Croydon 023C,E02000216,Croydon 023,E09000008,Croydon,1500,249,199,282,385,385,724,123,90,146,187,178,776,126,109,136,198,207
E01001050,Croydon 023D,E02000216,Croydon 023,E09000008,Croydon,1756,374,228,475,325,354,858,184,119,243,157,155,898,190,109,232,168,199
E01001051,Croydon 030A,E02000223,Croydon 030,E09000008,Croydon,1608,485,283,242,366,232,703,200,135,94,175,99,905,285,148,148,191,133
E01001052,Croydon 030B,E02000223,Croydon 030,E09000008,Croydon,1389,388,260,273,304,164,586,187,113,104,120,62,803,201,147,169,184,102
E01001053,Croydon 032A,E02000225,Croydon 032,E09000008,Croydon,1528,365,263,246,435,219,732,192,130,99,200,111,796,173,133,147,235,108
E01001054,Croydon 030C,E02000223,Croydon 030,E09000008,Croydon,1721,453,318,287,453,210,787,195,173,117,207,95,934,258,145,170,246,115
E01001055,Croydon 032B,E02000225,Croydon 032,E09000008,Croydon,1535,336,254,244,468,233,764,198,138,124,204,100,771,138,116,120,264,133
E01001056,Croydon 030D,E02000223,Croydon 030,E09000008,Croydon,1821,591,365,349,393,123,807,287,181,117,172,50,1014,304,184,232,221,73
E01001057,Croydon 030E,E02000223,Croydon 030,E09000008,Croydon,1969,758,377,363,368,103,864,419,141,120,143,41,1105,339,236,243,225,62
E01001058,Croydon 034A,E02000227,Croydon 034,E09000008,Croydon,1285,294,178,236,338,239,562,136,82,95,142,107,723,158,96,141,196,132
E01001059,Croydon 034B,E02000227,Croydon 034,E09000008,Croydon,1443,309,235,285,370,244,665,144,105,120,195,101,778,165,130,165,175,143
E01001060,Croydon 034C,E02000227,Croydon 034,E09000008,Croydon,1582,360,194,336,414,278,773,212,98,130,212,121,809,148,96,206,202,157
E01001061,Croydon 034D,E02000227,Croydon 034,E09000008,Croydon,1534,300,272,303,448,211,712,140,127,132,224,89,822,160,145,171,224,122
E01001062,Croydon 026A,E02000219,Croydon 026,E09000008,Croydon,1469,192,198,177,392,510,715,91,117,77,196,234,754,101,81,100,196,276
E01001063,Croydon 026B,E02000219,Croydon 026,E09000008,Croydon,1525,276,220,232,491,306,707,121,112,106,227,141,818,155,108,126,264,165
E01001064,Croydon 026C,E02000219,Croydon 026,E09000008,Croydon,1607,267,233,189,472,446,782,138,128,75,240,201,825,129,105,114,232,245
E01001065,Croydon 034E,E02000227,Croydon 034,E09000008,Croydon,1401,236,162,337,374,292,683,106,93,177,179,128,718,130,69,160,195,164
E01001066,Croydon 034F,E02000227,Croydon 034,E09000008,Croydon,1367,347,238,227,379,176,596,169,108,102,152,65,771,178,130,125,227,111
E01001067,Croydon 041D,E02000234,Croydon 041,E09000008,Croydon,1638,318,221,252,533,314,845,170,137,122,264,152,793,148,84,130,269,162
E01001068,Croydon 042A,E02000235,Croydon 042,E09000008,Croydon,1918,402,291,373,508,344,966,231,149,167,248,171,952,171,142,206,260,173
E01001069,Croydon 040A,E02000233,Croydon 040,E09000008,Croydon,1352,258,152,270,373,299,644,126,82,121,184,131,708,132,70,149,189,168
E01001070,Croydon 040B,E02000233,Croydon 040,E09000008,Croydon,1803,386,259,356,505,297,891,222,134,157,237,141,912,164,125,199,268,156
E01001071,Croydon 042B,E02000235,Croydon 042,E09000008,Croydon,1924,406,277,425,555,261,923,183,151,208,262,119,1001,223,126,217,293,142
E01001072,Croydon 042C,E02000235,Croydon 042,E09000008,Croydon,1495,247,164,239,406,439,746,151,88,106,197,204,749,96,76,133,209,235
E01001073,Croydon 037A,E02000230,Croydon 037,E09000008,Croydon,1518,300,241,382,392,203,754,140,142,193,185,94,764,160,99,189,207,109
E01001074,Croydon 041E,E02000234,Croydon 041,E09000008,Croydon,2131,465,335,534,510,287,1041,246,154,269,247,125,1090,219,181,265,263,162
E01001075,Croydon 040C,E02000233,Croydon 040,E09000008,Croydon,1694,410,228,468,350,238,816,211,101,228,165,111,878,199,127,240,185,127
E01001076,Croydon 036A,E02000229,Croydon 036,E09000008,Croydon,1790,544,260,357,446,183,851,295,121,141,215,79,939,249,139,216,231,104
E01001077,Croydon 032C,E02000225,Croydon 032,E09000008,Croydon,1309,282,171,257,367,232,589,129,75,129,166,90,720,153,96,128,201,142
E01001078,Croydon 032D,E02000225,Croydon 032,E09000008,Croydon,1464,395,233,273,391,172,711,207,127,119,178,80,753,188,106,154,213,92
E01001079,Croydon 036B,E02000229,Croydon 036,E09000008,Croydon,1742,482,277,291,479,213,800,239,129,121,205,106,942,243,148,170,274,107
E01001080,Croydon 036C,E02000229,Croydon 036,E09000008,Croydon,1768,446,265,327,428,302,849,245,126,136,209,133,919,201,139,191,219,169
E01001081,Croydon 036D,E02000229,Croydon 036,E09000008,Croydon,1475,365,251,281,397,181,713,178,145,110,185,95,762,187,106,171,212,86
E01001082,Croydon 032E,E02000225,Croydon 032,E09000008,Croydon,1534,363,271,296,402,202,706,188,127,125,184,82,828,175,144,171,218,120
E01001083,Croydon 003A,E02000196,Croydon 003,E09000008,Croydon,1694,337,220,340,438,359,870,181,123,174,211,181,824,156,97,166,227,178
E01001084,Croydon 002A,E02000195,Croydon 002,E09000008,Croydon,1930,316,319,358,581,356,1004,173,181,188,306,156,926,143,138,170,275,200
E01001085,Croydon 004A,E02000197,Croydon 004,E09000008,Croydon,1820,378,265,447,450,280,919,214,135,217,246,107,901,164,130,230,204,173
E01001086,Croydon 003B,E02000196,Croydon 003,E09000008,Croydon,1724,280,259,367,526,292,840,149,131,191,239,130,884,131,128,176,287,162
E01001087,Croydon 003C,E02000196,Croydon 003,E09000008,Croydon,2995,635,551,781,700,328,1469,308,271,396,352,142,1526,327,280,385,348,186
E01001088,Croydon 004B,E02000197,Croydon 004,E09000008,Croydon,1761,367,321,376,475,222,856,188,164,178,225,101,905,179,157,198,250,121
E01001089,Croydon 004C,E02000197,Croydon 004,E09000008,Croydon,1974,476,315,466,464,253,905,234,149,203,222,97,1069,242,166,263,242,156
E01001090,Croydon 004D,E02000197,Croydon 004,E09000008,Croydon,2501,620,382,666,534,299,1195,315,185,326,234,135,1306,305,197,340,300,164
E01001091,Croydon 004E,E02000197,Croydon 004,E09000008,Croydon,1647,303,232,378,438,296,828,165,127,190,224,122,819,138,105,188,214,174
E01001092,Croydon 037B,E02000230,Croydon 037,E09000008,Croydon,1862,333,245,332,513,439,882,187,120,162,241,172,980,146,125,170,272,267
E01001093,Croydon 037C,E02000230,Croydon 037,E09000008,Croydon,1852,389,286,393,516,268,912,213,142,180,262,115,940,176,144,213,254,153
E01001094,Croydon 038E,E02000231,Croydon 038,E09000008,Croydon,1541,245,230,209,459,398,711,122,112,98,210,169,830,123,118,111,249,229
E01001095,Croydon 031D,E02000224,Croydon 031,E09000008,Croydon,1531,372,226,419,343,171,762,202,119,205,153,83,769,170,107,214,190,88
E01001096,Croydon 037D,E02000230,Croydon 037,E09000008,Croydon,1393,244,163,228,411,347,684,117,84,108,191,184,709,127,79,120,220,163
E01001097,Croydon 037E,E02000230,Croydon 037,E09000008,Croydon,2594,574,408,744,512,356,1270,278,196,374,273,149,1324,296,212,370,239,207
E01001098,Croydon 037F,E02000230,Croydon 037,E09000008,Croydon,1402,265,173,227,467,270,703,151,77,116,241,118,699,114,96,111,226,152
E01001099,Croydon 040D,E02000233,Croydon 040,E09000008,Croydon,1489,353,222,347,377,190,719,195,95,150,180,99,770,158,127,197,197,91
E01001100,Croydon 031E,E02000224,Croydon 031,E09000008,Croydon,1436,272,215,338,359,252,725,146,128,150,176,125,711,126,87,188,183,127
E01001101,Croydon 035B,E02000228,Croydon 035,E09000008,Croydon,1319,263,173,206,431,246,662,145,97,91,211,118,657,118,76,115,220,128
E01001102,Croydon 035C,E02000228,Croydon 035,E09000008,Croydon,1598,283,171,258,384,502,776,149,88,121,194,224,822,134,83,137,190,278
E01001103,Croydon 039A,E02000232,Croydon 039,E09000008,Croydon,1612,278,210,244,451,429,777,141,121,113,226,176,835,137,89,131,225,253
E01001104,Croydon 042D,E02000235,Croydon 042,E09000008,Croydon,1625,303,232,289,506,295,759,148,121,124,242,124,866,155,111,165,264,171
E01001105,Croydon 039B,E02000232,Croydon 039,E09000008,Croydon,1723,361,266,324,496,276,822,197,147,138,222,118,901,164,119,186,274,158
E01001106,Croydon 039C,E02000232,Croydon 039,E09000008,Croydon,1527,337,223,276,413,278,751,171,114,128,208,130,776,166,109,148,205,148
E01001107,Croydon 035D,E02000228,Croydon 035,E09000008,Croydon,1656,300,195,320,461,380,814,154,102,150,227,181,842,146,93,170,234,199
E01001108,Croydon 035E,E02000228,Croydon 035,E09000008,Croydon,1774,345,197,266,502,464,861,180,111,118,236,216,913,165,86,148,266,248
E01001109,Croydon 013B,E02000206,Croydon 013,E09000008,Croydon,2355,540,400,476,505,434,1139,299,190,219,247,184,1216,241,210,257,258,250
E01001110,Croydon 020D,E02000213,Croydon 020,E09000008,Croydon,1966,498,373,530,484,81,979,261,177,269,238,34,987,237,196,261,246,47
E01001111,Croydon 010D,E02000203,Croydon 010,E09000008,Croydon,1630,383,269,360,450,168,793,210,147,146,213,77,837,173,122,214,237,91
E01001112,Croydon 013C,E02000206,Croydon 013,E09000008,Croydon,2004,523,284,551,454,192,949,273,137,251,213,75,1055,250,147,300,241,117
E01001113,Croydon 013D,E02000206,Croydon 013,E09000008,Croydon,1883,452,333,446,504,148,904,214,136,238,252,64,979,238,197,208,252,84
E01001114,Croydon 013E,E02000206,Croydon 013,E09000008,Croydon,1481,424,245,364,336,112,739,235,125,156,175,48,742,189,120,208,161,64
E01001115,Croydon 015B,E02000208,Croydon 015,E09000008,Croydon,1651,412,294,316,413,216,793,203,154,153,178,105,858,209,140,163,235,111
E01001116,Croydon 013F,E02000206,Croydon 013,E09000008,Croydon,1345,324,214,309,361,137,682,182,106,143,185,66,663,142,108,166,176,71
E01001117,Croydon 015C,E02000208,Croydon 015,E09000008,Croydon,3431,845,585,990,799,212,1686,424,284,456,439,83,1745,421,301,534,360,129
E01001118,Croydon 020E,E02000213,Croydon 020,E09000008,Croydon,2019,538,309,447,505,220,968,263,158,217,233,97,1051,275,151,230,272,123
E01001119,Croydon 034G,E02000227,Croydon 034,E09000008,Croydon,1337,244,166,250,362,315,674,134,83,119,189,149,663,110,83,131,173,166
E01001120,Croydon 033A,E02000226,Croydon 033,E09000008,Croydon,1278,235,201,216,388,238,664,135,121,103,192,113,614,100,80,113,196,125
E01001121,Croydon 039D,E02000232,Croydon 039,E09000008,Croydon,1347,191,150,198,351,457,651,106,77,87,174,207,696,85,73,111,177,250
E01001122,Croydon 033B,E02000226,Croydon 033,E09000008,Croydon,1626,261,397,186,451,331,830,147,226,87,226,144,796,114,171,99,225,187
E01001123,Croydon 033C,E02000226,Croydon 033,E09000008,Croydon,1534,242,204,246,482,360,752,116,110,109,249,168,782,126,94,137,233,192
E01001124,Croydon 033D,E02000226,Croydon 033,E09000008,Croydon,1475,212,170,208,428,457,709,95,93,105,204,212,766,117,77,103,224,245
E01001125,Croydon 033E,E02000226,Croydon 033,E09000008,Croydon,1624,301,225,306,437,355,814,165,106,160,203,180,810,136,119,146,234,175
E01001126,Croydon 034H,E02000227,Croydon 034,E09000008,Croydon,1410,242,187,237,395,349,671,118,90,127,192,144,739,124,97,110,203,205
E01001127,Croydon 025A,E02000218,Croydon 025,E09000008,Croydon,1471,230,221,195,470,355,720,114,102,103,218,183,751,116,119,92,252,172
E01001128,Croydon 025B,E02000218,Croydon 025,E09000008,Croydon,1643,451,301,290,426,175,735,244,145,106,172,68,908,207,156,184,254,107
E01001129,Croydon 026D,E02000219,Croydon 026,E09000008,Croydon,1341,209,189,195,423,325,639,103,107,90,187,152,702,106,82,105,236,173
E01001130,Croydon 025C,E02000218,Croydon 025,E09000008,Croydon,1778,657,305,312,396,108,797,333,144,101,168,51,981,324,161,211,228,57
E01001131,Croydon 018C,E02000211,Croydon 018,E09000008,Croydon,1581,333,218,348,368,314,719,171,113,153,166,116,862,162,105,195,202,198
E01001132,Croydon 018D,E02000211,Croydon 018,E09000008,Croydon,1537,258,207,229,420,423,741,128,112,120,197,184,796,130,95,109,223,239
E01001133,Croydon 026E,E02000219,Croydon 026,E09000008,Croydon,1496,176,168,206,441,505,683,88,96,98,209,192,813,88,72,108,232,313
E01001134,Croydon 018E,E02000211,Croydon 018,E09000008,Croydon,1684,274,267,329,493,321,825,145,129,177,222,152,859,129,138,152,271,169
E01001135,Croydon 025D,E02000218,Croydon 025,E09000008,Croydon,1622,260,268,236,475,383,750,133,117,124,211,165,872,127,151,112,264,218
E01001136,Croydon 007A,E02000200,Croydon 007,E09000008,Croydon,2234,456,371,570,577,260,1095,242,190,254,288,121,1139,214,181,316,289,139
E01001137,Croydon 001A,E02000194,Croydon 001,E09000008,Croydon,2140,433,298,632,512,265,1088,218,136,320,287,127,1052,215,162,312,225,138
E01001138,Croydon 001B,E02000194,Croydon 001,E09000008,Croydon,1556,334,199,461,385,177,777,165,86,225,196,105,779,169,113,236,189,72
E01001139,Croydon 007B,E02000200,Croydon 007,E09000008,Croydon,1643,351,235,395,446,216,732,172,127,151,204,78,911,179,108,244,242,138
E01001140,Croydon 007C,E02000200,Croydon 007,E09000008,Croydon,1642,343,241,485,442,131,799,178,118,222,210,71,843,165,123,263,232,60
E01001141,Croydon 008A,E02000201,Croydon 008,E09000008,Croydon,1288,305,223,302,328,130,598,134,103,137,156,68,690,171,120,165,172,62
E01001142,Croydon 007D,E02000200,Croydon 007,E09000008,Croydon,1831,377,255,431,511,257,848,186,104,185,269,104,983,191,151,246,242,153
E01001143,Croydon 008B,E02000201,Croydon 008,E09000008,Croydon,2207,509,385,483,554,276,1034,232,176,250,233,143,1173,277,209,233,321,133
E01001144,Croydon 007E,E02000200,Croydon 007,E09000008,Croydon,1615,359,260,428,425,143,753,160,135,193,217,48,862,199,125,235,208,95
E01001145,Croydon 008C,E02000201,Croydon 008,E09000008,Croydon,2012,605,340,507,438,122,992,320,165,222,222,63,1020,285,175,285,216,59
E01001146,Croydon 006A,E02000199,Croydon 006,E09000008,Croydon,1559,306,250,300,513,190,746,121,145,134,257,89,813,185,105,166,256,101
E01001147,Croydon 005A,E02000198,Croydon 005,E09000008,Croydon,1777,480,332,396,428,141,802,221,155,175,190,61,975,259,177,221,238,80
E01001148,Croydon 005B,E02000198,Croydon 005,E09000008,Croydon,1701,349,286,382,512,172,803,166,149,178,240,70,898,183,137,204,272,102
E01001149,Croydon 006B,E02000199,Croydon 006,E09000008,Croydon,1607,406,240,352,445,164,775,205,136,149,219,66,832,201,104,203,226,98
E01001150,Croydon 006C,E02000199,Croydon 006,E09000008,Croydon,1722,404,296,359,516,147,839,186,156,175,237,85,883,218,140,184,279,62
E01001151,Croydon 005C,E02000198,Croydon 005,E09000008,Croydon,1805,457,268,339,509,232,855,226,118,157,252,102,950,231,150,182,257,130
E01001152,Croydon 005D,E02000198,Croydon 005,E09000008,Croydon,1770,465,293,391,465,156,831,217,140,182,213,79,939,248,153,209,252,77
E01001153,Croydon 006D,E02000199,Croydon 006,E09000008,Croydon,1503,280,257,334,440,192,670,130,112,144,206,78,833,150,145,190,234,114
E01001154,Croydon 006E,E02000199,Croydon 006,E09000008,Croydon,1997,488,346,433,557,173,960,253,167,204,250,86,1037,235,179,229,307,87
E01001155,Croydon 010E,E02000203,Croydon 010,E09000008,Croydon,1880,425,340,351,477,287,902,191,153,168,239,151,978,234,187,183,238,136
E01001156,Croydon 001C,E02000194,Croydon 001,E09000008,Croydon,1770,372,250,418,499,231,868,187,132,216,242,91,902,185,118,202,257,140
E01001157,Croydon 002B,E02000195,Croydon 002,E09000008,Croydon,1797,355,311,352,509,270,922,196,159,178,261,128,875,159,152,174,248,142
E01001158,Croydon 005E,E02000198,Croydon 005,E09000008,Croydon,1690,397,260,405,443,185,843,229,131,177,214,92,847,168,129,228,229,93
E01001159,Croydon 002C,E02000195,Croydon 002,E09000008,Croydon,2023,434,243,480,556,310,1005,251,120,215,271,148,1018,183,123,265,285,162
E01001160,Croydon 002D,E02000195,Croydon 002,E09000008,Croydon,2104,436,396,397,538,337,990,199,209,193,250,139,1114,237,187,204,288,198
E01001161,Croydon 003D,E02000196,Croydon 003,E09000008,Croydon,1720,351,386,343,429,211,817,171,207,170,184,85,903,180,179,173,245,126
E01001162,Croydon 001D,E02000194,Croydon 001,E09000008,Croydon,1886,389,280,498,515,204,859,203,136,223,211,86,1027,186,144,275,304,118
E01001163,Croydon 002E,E02000195,Croydon 002,E09000008,Croydon,2001,403,291,493,533,281,985,200,163,234,264,124,1016,203,128,259,269,157
E01001164,Croydon 001E,E02000194,Croydon 001,E09000008,Croydon,2168,365,386,779,472,166,1110,178,214,395,246,77,1058,187,172,384,226,89
E01001165,Croydon 024C,E02000217,Croydon 024,E09000008,Croydon,1819,386,300,481,480,172,928,196,161,240,248,83,891,190,139,241,232,89
E01001166,Croydon 024D,E02000217,Croydon 024,E09000008,Croydon,2045,517,364,510,476,178,1018,264,158,241,265,90,1027,253,206,269,211,88
E01001167,Croydon 028A,E02000221,Croydon 028,E09000008,Croydon,2205,506,342,507,599,251,1068,264,178,220,314,92,1137,242,164,287,285,159
E01001168,Croydon 024E,E02000217,Croydon 024,E09000008,Croydon,1832,399,317,442,483,191,940,222,158,231,242,87,892,177,159,211,241,104
E01001169,Croydon 028B,E02000221,Croydon 028,E09000008,Croydon,1715,442,259,350,445,219,810,246,120,139,207,98,905,196,139,211,238,121
E01001170,Croydon 027E,E02000220,Croydon 027,E09000008,Croydon,2241,523,352,572,499,295,1086,263,157,281,282,103,1155,260,195,291,217,192
E01001171,Croydon 028C,E02000221,Croydon 028,E09000008,Croydon,1831,396,342,378,383,332,910,226,169,188,184,143,921,170,173,190,199,189
E01001172,Croydon 028D,E02000221,Croydon 028,E09000008,Croydon,2046,570,387,393,540,156,938,295,202,167,211,63,1108,275,185,226,329,93
E01001173,Croydon 028E,E02000221,Croydon 028,E09000008,Croydon,2939,709,544,665,700,321,1397,339,283,307,325,143,1542,370,261,358,375,178
E01001174,Croydon 011A,E02000204,Croydon 011,E09000008,Croydon,1599,342,276,289,435,257,794,172,135,140,222,125,805,170,141,149,213,132
E01001175,Croydon 011B,E02000204,Croydon 011,E09000008,Croydon,1795,418,367,381,447,182,918,226,193,185,234,80,877,192,174,196,213,102
E01001176,Croydon 011C,E02000204,Croydon 011,E09000008,Croydon,1935,482,299,484,444,226,995,255,178,223,223,116,940,227,121,261,221,110
E01001177,Croydon 016C,E02000209,Croydon 016,E09000008,Croydon,1602,379,300,358,422,143,772,194,161,174,197,46,830,185,139,184,225,97
E01001178,Croydon 015D,E02000208,Croydon 015,E09000008,Croydon,1567,418,304,375,370,100,784,215,152,197,191,29,783,203,152,178,179,71
E01001179,Croydon 016D,E02000209,Croydon 016,E09000008,Croydon,1634,355,256,374,444,205,751,180,114,158,210,89,883,175,142,216,234,116
E01001180,Croydon 016E,E02000209,Croydon 016,E09000008,Croydon,1899,478,293,443,505,180,974,262,147,214,270,81,925,216,146,229,235,99
E01001181,Croydon 015E,E02000208,Croydon 015,E09000008,Croydon,2166,672,392,432,488,182,1025,346,149,189,246,95,1141,326,243,243,242,87
E01001182,Croydon 011D,E02000204,Croydon 011,E09000008,Croydon,1421,295,259,289,360,218,724,160,149,155,166,94,697,135,110,134,194,124
E01001183,Croydon 011E,E02000204,Croydon 011,E09000008,Croydon,1822,471,295,422,439,195,943,250,159,219,225,90,879,221,136,203,214,105
E01001184,Croydon 011F,E02000204,Croydon 011,E09000008,Croydon,1255,242,216,227,371,199,601,120,108,110,170,93,654,122,108,117,201,106
E01001185,Croydon 014B,E02000207,Croydon 014,E09000008,Croydon,1609,335,245,419,431,179,773,160,133,197,194,89,836,175,112,222,237,90
E01001186,Croydon 014C,E02000207,Croydon 014,E09000008,Croydon,1828,396,282,459,469,222,891,204,136,222,234,95,937,192,146,237,235,127
E01001187,Croydon 017E,E02000210,Croydon 017,E09000008,Croydon,2095,499,325,512,555,204,991,242,155,233,266,95,1104,257,170,279,289,109
E01001188,Croydon 014D,E02000207,Croydon 014,E09000008,Croydon,1994,495,311,489,518,181,924,247,127,223,242,85,1070,248,184,266,276,96
E01001189,Croydon 045B,E02006788,Croydon 045,E09000008,Croydon,1168,231,191,255,328,163,539,123,84,102,148,82,629,108,107,153,180,81
E01001190,Croydon 045C,E02006788,Croydon 045,E09000008,Croydon,1457,306,248,324,429,150,663,167,132,141,177,46,794,139,116,183,252,104
E01001191,Croydon 008D,E02000201,Croydon 008,E09000008,Croydon,2014,480,330,527,536,141,1000,240,182,244,272,62,1014,240,148,283,264,79
E01001192,Croydon 008E,E02000201,Croydon 008,E09000008,Croydon,1704,447,287,406,418,146,825,227,154,198,187,59,879,220,133,208,231,87
E01001193,Croydon 014E,E02000207,Croydon 014,E09000008,Croydon,1639,328,392,271,505,143,731,164,202,122,186,57,908,164,190,149,319,86
E01001194,Croydon 045D,E02006788,Croydon 045,E09000008,Croydon,1675,350,259,439,449,178,785,170,133,204,204,74,890,180,126,235,245,104
E01001195,Ealing 021A,E02000258,Ealing 021,E09000009,Ealing,1913,463,377,447,360,266,1062,264,239,239,179,141,851,199,138,208,181,125
E01001196,Ealing 015A,E02000252,Ealing 015,E09000009,Ealing,1698,361,289,414,398,236,856,184,151,221,187,113,842,177,138,193,211,123
E01001197,Ealing 021B,E02000258,Ealing 021,E09000009,Ealing,1882,458,301,454,429,240,974,234,183,227,216,114,908,224,118,227,213,126
E01001198,Ealing 021C,E02000258,Ealing 021,E09000009,Ealing,1538,281,293,425,370,169,732,132,134,219,180,67,806,149,159,206,190,102
E01001199,Ealing 021D,E02000258,Ealing 021,E09000009,Ealing,1694,305,336,469,413,171,855,148,201,238,192,76,839,157,135,231,221,95
E01001200,Ealing 025A,E02000262,Ealing 025,E09000009,Ealing,1471,339,236,390,356,150,738,178,123,184,172,81,733,161,113,206,184,69
E01001201,Ealing 025B,E02000262,Ealing 025,E09000009,Ealing,1541,233,320,382,413,193,734,116,136,190,201,91,807,117,184,192,212,102
E01001202,Ealing 025C,E02000262,Ealing 025,E09000009,Ealing,2303,567,448,539,532,217,1168,305,229,276,268,90,1135,262,219,263,264,127
E01001203,Ealing 025D,E02000262,Ealing 025,E09000009,Ealing,1659,310,282,438,454,175,869,142,148,231,252,96,790,168,134,207,202,79
E01001204,Ealing 018A,E02000255,Ealing 018,E09000009,Ealing,1472,285,227,266,394,300,713,136,107,135,189,146,759,149,120,131,205,154
E01001205,Ealing 018B,E02000255,Ealing 018,E09000009,Ealing,1577,432,240,334,376,195,761,225,128,160,168,80,816,207,112,174,208,115
E01001206,Ealing 018C,E02000255,Ealing 018,E09000009,Ealing,1352,392,256,253,339,112,643,220,129,107,145,42,709,172,127,146,194,70
E01001207,Ealing 018D,E02000255,Ealing 018,E09000009,Ealing,1634,328,239,465,417,185,829,179,129,242,207,72,805,149,110,223,210,113
E01001208,Ealing 018E,E02000255,Ealing 018,E09000009,Ealing,1255,276,170,177,350,282,578,141,73,78,155,131,677,135,97,99,195,151
E01001209,Ealing 013A,E02000250,Ealing 013,E09000009,Ealing,1552,320,207,264,483,278,752,180,106,134,221,111,800,140,101,130,262,167
E01001210,Ealing 016A,E02000253,Ealing 016,E09000009,Ealing,1711,424,258,297,424,308,852,232,145,141,197,137,859,192,113,156,227,171
E01001211,Ealing 013B,E02000250,Ealing 013,E09000009,Ealing,1626,316,207,322,473,308,793,161,112,158,227,135,833,155,95,164,246,173
E01001212,Ealing 018F,E02000255,Ealing 018,E09000009,Ealing,1678,266,223,285,476,428,848,154,120,147,235,192,830,112,103,138,241,236
E01001213,Ealing 023A,E02000260,Ealing 023,E09000009,Ealing,1994,403,279,438,532,342,1067,214,149,252,300,152,927,189,130,186,232,190
E01001214,Ealing 023B,E02000260,Ealing 023,E09000009,Ealing,1728,327,242,354,437,368,871,154,139,184,226,168,857,173,103,170,211,200
E01001215,Ealing 023C,E02000260,Ealing 023,E09000009,Ealing,1817,369,276,360,493,319,890,177,143,183,258,129,927,192,133,177,235,190
E01001216,Ealing 023D,E02000260,Ealing 023,E09000009,Ealing,1638,429,196,368,355,290,876,250,100,191,191,144,762,179,96,177,164,146
E01001217,Ealing 014A,E02000251,Ealing 014,E09000009,Ealing,1403,296,220,298,353,236,718,151,125,159,174,109,685,145,95,139,179,127
E01001218,Ealing 012A,E02000249,Ealing 012,E09000009,Ealing,1837,447,302,388,408,292,898,240,156,192,171,139,939,207,146,196,237,153
E01001219,Ealing 029A,E02000266,Ealing 029,E09000009,Ealing,1891,512,322,362,461,234,883,257,159,171,197,99,1008,255,163,191,264,135
E01001220,Ealing 029B,E02000266,Ealing 029,E09000009,Ealing,1298,358,224,263,305,148,592,187,100,131,117,57,706,171,124,132,188,91
E01001221,Ealing 020A,E02000257,Ealing 020,E09000009,Ealing,2810,391,629,849,600,341,1420,207,313,440,330,130,1390,184,316,409,270,211
E01001222,Ealing 019A,E02000256,Ealing 019,E09000009,Ealing,2743,545,529,933,591,145,1409,284,287,469,311,58,1334,261,242,464,280,87
E01001223,Ealing 020B,E02000257,Ealing 020,E09000009,Ealing,1509,266,263,391,338,251,740,130,109,207,161,133,769,136,154,184,177,118
E01001224,Ealing 019B,E02000256,Ealing 019,E09000009,Ealing,1465,268,266,238,435,258,729,127,144,127,219,112,736,141,122,111,216,146
E01001225,Ealing 020C,E02000257,Ealing 020,E09000009,Ealing,1644,257,294,408,427,258,818,130,161,205,206,116,826,127,133,203,221,142
E01001226,Ealing 019C,E02000256,Ealing 019,E09000009,Ealing,1347,259,205,332,294,257,676,145,113,143,167,108,671,114,92,189,127,149
E01001227,Ealing 019D,E02000256,Ealing 019,E09000009,Ealing,1500,275,244,329,419,233,777,153,121,177,202,124,723,122,123,152,217,109
E01001228,Ealing 019E,E02000256,Ealing 019,E09000009,Ealing,1778,303,336,505,401,233,943,187,172,282,202,100,835,116,164,223,199,133
E01001229,Ealing 031A,E02000268,Ealing 031,E09000009,Ealing,1448,294,232,333,347,242,707,164,121,163,148,111,741,130,111,170,199,131
E01001230,Ealing 031B,E02000268,Ealing 031,E09000009,Ealing,1375,204,307,290,398,176,687,110,172,150,182,73,688,94,135,140,216,103
E01001231,Ealing 027A,E02000264,Ealing 027,E09000009,Ealing,1891,256,407,488,385,355,995,129,215,282,189,180,896,127,192,206,196,175
E01001232,Ealing 031C,E02000268,Ealing 031,E09000009,Ealing,1470,261,253,315,387,254,764,137,144,171,185,127,706,124,109,144,202,127
E01001233,Ealing 031D,E02000268,Ealing 031,E09000009,Ealing,1357,209,236,332,353,227,682,108,135,176,170,93,675,101,101,156,183,134
E01001234,Ealing 027B,E02000264,Ealing 027,E09000009,Ealing,1356,189,250,414,336,167,672,75,121,212,180,84,684,114,129,202,156,83
E01001235,Ealing 020D,E02000257,Ealing 020,E09000009,Ealing,1682,245,339,587,335,176,896,121,165,332,190,88,786,124,174,255,145,88
E01001236,Ealing 020E,E02000257,Ealing 020,E09000009,Ealing,1427,228,265,390,333,211,718,120,132,192,196,78,709,108,133,198,137,133
E01001237,Ealing 031E,E02000268,Ealing 031,E09000009,Ealing,1468,180,319,354,374,241,754,96,192,179,174,113,714,84,127,175,200,128
E01001238,Ealing 015B,E02000252,Ealing 015,E09000009,Ealing,4600,487,2318,1100,516,179,2569,235,1299,676,254,105,2031,252,1019,424,262,74
E01001239,Ealing 015C,E02000252,Ealing 015,E09000009,Ealing,1457,260,294,409,344,150,776,130,170,236,167,73,681,130,124,173,177,77
E01001240,Ealing 024A,E02000261,Ealing 024,E09000009,Ealing,1672,237,425,433,361,216,864,121,215,231,194,103,808,116,210,202,167,113
E01001241,Ealing 024B,E02000261,Ealing 024,E09000009,Ealing,1685,261,476,436,309,203,899,146,272,224,173,84,786,115,204,212,136,119
E01001242,Ealing 024C,E02000261,Ealing 024,E09000009,Ealing,1399,250,287,294,360,208,684,118,140,165,160,101,715,132,147,129,200,107
E01001243,Ealing 024D,E02000261,Ealing 024,E09000009,Ealing,2562,687,489,633,540,213,1308,362,261,333,251,101,1254,325,228,300,289,112
E01001244,Ealing 024E,E02000261,Ealing 024,E09000009,Ealing,2876,610,617,784,593,272,1430,315,332,391,278,114,1446,295,285,393,315,158
E01001245,Ealing 024F,E02000261,Ealing 024,E09000009,Ealing,2054,481,321,667,421,164,996,223,158,343,197,75,1058,258,163,324,224,89
E01001246,Ealing 015D,E02000252,Ealing 015,E09000009,Ealing,1703,320,377,438,396,172,826,147,208,215,199,57,877,173,169,223,197,115
E01001247,Ealing 015E,E02000252,Ealing 015,E09000009,Ealing,2364,463,528,644,451,278,1339,221,354,404,233,127,1025,242,174,240,218,151
E01001248,Ealing 035A,E02000272,Ealing 035,E09000009,Ealing,1423,270,226,294,359,274,699,143,121,155,163,117,724,127,105,139,196,157
E01001249,Ealing 028A,E02000265,Ealing 028,E09000009,Ealing,2257,493,429,676,447,212,1127,243,219,362,209,94,1130,250,210,314,238,118
E01001250,Ealing 028B,E02000265,Ealing 028,E09000009,Ealing,1989,436,299,539,511,204,991,212,159,283,238,99,998,224,140,256,273,105
E01001251,Ealing 030A,E02000267,Ealing 030,E09000009,Ealing,1613,413,199,382,428,191,730,189,82,193,187,79,883,224,117,189,241,112
E01001252,Ealing 030B,E02000267,Ealing 030,E09000009,Ealing,2119,485,317,546,550,221,1127,267,175,303,273,109,992,218,142,243,277,112
E01001253,Ealing 030C,E02000267,Ealing 030,E09000009,Ealing,1842,466,263,431,480,202,881,230,121,207,221,102,961,236,142,224,259,100
E01001254,Ealing 030D,E02000267,Ealing 030,E09000009,Ealing,1580,379,163,329,473,236,793,231,93,158,220,91,787,148,70,171,253,145
E01001255,Ealing 028C,E02000265,Ealing 028,E09000009,Ealing,1554,404,202,316,424,208,776,215,118,143,203,97,778,189,84,173,221,111
E01001257,Ealing 008A,E02000245,Ealing 008,E09000009,Ealing,1792,544,267,378,426,177,879,277,141,184,191,86,913,267,126,194,235,91
E01001258,Ealing 010B,E02000247,Ealing 010,E09000009,Ealing,1590,367,202,353,411,257,780,192,92,177,208,111,810,175,110,176,203,146
E01001259,Ealing 014B,E02000251,Ealing 014,E09000009,Ealing,1383,318,172,318,360,215,690,170,88,168,171,93,693,148,84,150,189,122
E01001260,Ealing 012B,E02000249,Ealing 012,E09000009,Ealing,1847,376,313,398,490,270,926,197,165,204,237,123,921,179,148,194,253,147
E01001261,Ealing 012C,E02000249,Ealing 012,E09000009,Ealing,2204,480,388,532,532,272,1063,224,205,258,252,124,1141,256,183,274,280,148
E01001262,Ealing 010C,E02000247,Ealing 010,E09000009,Ealing,1555,357,249,282,388,279,717,162,127,147,177,104,838,195,122,135,211,175
E01001263,Ealing 010D,E02000247,Ealing 010,E09000009,Ealing,1726,458,252,365,404,247,851,223,150,160,205,113,875,235,102,205,199,134
E01001264,Ealing 010E,E02000247,Ealing 010,E09000009,Ealing,1608,382,233,325,398,270,764,192,129,139,176,128,844,190,104,186,222,142
E01001265,Ealing 006A,E02000243,Ealing 006,E09000009,Ealing,1613,375,246,428,384,180,819,178,124,248,189,80,794,197,122,180,195,100
E01001266,Ealing 006B,E02000243,Ealing 006,E09000009,Ealing,1714,289,274,375,466,310,875,136,161,204,236,138,839,153,113,171,230,172
E01001267,Ealing 006C,E02000243,Ealing 006,E09000009,Ealing,1939,440,304,383,454,358,937,225,169,192,198,153,1002,215,135,191,256,205
E01001268,Ealing 012D,E02000249,Ealing 012,E09000009,Ealing,1587,393,190,303,414,287,783,212,90,138,229,114,804,181,100,165,185,173
E01001269,Ealing 001A,E02000238,Ealing 001,E09000009,Ealing,1996,465,295,518,459,259,1038,241,158,283,229,127,958,224,137,235,230,132
E01001270,Ealing 004A,E02000241,Ealing 004,E09000009,Ealing,1624,364,262,369,411,218,789,166,144,194,181,104,835,198,118,175,230,114
E01001271,Ealing 001B,E02000238,Ealing 001,E09000009,Ealing,1795,407,269,418,493,208,921,207,143,247,235,89,874,200,126,171,258,119
E01001272,Ealing 006D,E02000243,Ealing 006,E09000009,Ealing,1541,325,259,363,385,209,788,165,146,190,194,93,753,160,113,173,191,116
E01001273,Ealing 020F,E02000257,Ealing 020,E09000009,Ealing,1640,309,295,330,441,265,819,144,167,174,218,116,821,165,128,156,223,149
E01001274,Ealing 020G,E02000257,Ealing 020,E09000009,Ealing,1799,453,313,380,451,202,937,238,193,176,239,91,862,215,120,204,212,111
E01001275,Ealing 020H,E02000257,Ealing 020,E09000009,Ealing,2045,462,337,579,437,230,1055,259,193,268,228,107,990,203,144,311,209,123
E01001276,Ealing 011A,E02000248,Ealing 011,E09000009,Ealing,1891,339,371,496,469,216,997,183,183,294,241,96,894,156,188,202,228,120
E01001277,Ealing 011B,E02000248,Ealing 011,E09000009,Ealing,1962,355,359,577,402,269,1053,185,177,351,206,134,909,170,182,226,196,135
E01001278,Ealing 011C,E02000248,Ealing 011,E09000009,Ealing,2077,431,359,544,473,270,1045,210,192,258,270,115,1032,221,167,286,203,155
E01001279,Ealing 013C,E02000250,Ealing 013,E09000009,Ealing,1472,336,178,234,383,341,700,149,92,107,182,170,772,187,86,127,201,171
E01001280,Ealing 011D,E02000248,Ealing 011,E09000009,Ealing,1830,475,248,466,402,239,927,257,142,229,200,99,903,218,106,237,202,140
E01001281,Ealing 013D,E02000250,Ealing 013,E09000009,Ealing,1472,341,191,245,385,310,707,184,93,110,178,142,765,157,98,135,207,168
E01001282,Ealing 016B,E02000253,Ealing 016,E09000009,Ealing,1429,313,180,270,389,277,710,184,99,133,162,132,719,129,81,137,227,145
E01001283,Ealing 016C,E02000253,Ealing 016,E09000009,Ealing,1395,287,165,275,387,281,659,134,96,147,177,105,736,153,69,128,210,176
E01001284,Ealing 022A,E02000259,Ealing 022,E09000009,Ealing,1510,359,177,285,424,265,770,214,92,135,194,135,740,145,85,150,230,130
E01001285,Ealing 016D,E02000253,Ealing 016,E09000009,Ealing,1657,420,291,350,398,198,805,214,162,175,180,74,852,206,129,175,218,124
E01001286,Ealing 016E,E02000253,Ealing 016,E09000009,Ealing,1542,437,229,303,386,187,760,260,120,140,164,76,782,177,109,163,222,111
E01001287,Ealing 016F,E02000253,Ealing 016,E09000009,Ealing,1352,361,236,253,337,165,642,186,114,122,136,84,710,175,122,131,201,81
E01001288,Ealing 022B,E02000259,Ealing 022,E09000009,Ealing,1428,386,197,293,383,169,683,191,94,146,178,74,745,195,103,147,205,95
E01001289,Ealing 022C,E02000259,Ealing 022,E09000009,Ealing,1268,277,188,254,366,183,617,138,96,126,177,80,651,139,92,128,189,103
E01001290,Ealing 022D,E02000259,Ealing 022,E09000009,Ealing,1785,408,268,396,477,236,866,220,133,189,225,99,919,188,135,207,252,137
E01001291,Ealing 014C,E02000251,Ealing 014,E09000009,Ealing,1534,394,203,327,410,200,810,204,111,174,214,107,724,190,92,153,196,93
E01001292,Ealing 014D,E02000251,Ealing 014,E09000009,Ealing,1507,275,238,281,439,274,766,124,132,149,229,132,741,151,106,132,210,142
E01001293,Ealing 014E,E02000251,Ealing 014,E09000009,Ealing,1467,296,256,307,407,201,781,159,145,159,207,111,686,137,111,148,200,90
E01001294,Ealing 017A,E02000254,Ealing 017,E09000009,Ealing,1895,450,257,400,481,307,961,231,130,204,253,143,934,219,127,196,228,164
E01001295,Ealing 017B,E02000254,Ealing 017,E09000009,Ealing,1654,353,242,360,465,234,836,197,120,189,235,95,818,156,122,171,230,139
E01001296,Ealing 017C,E02000254,Ealing 017,E09000009,Ealing,1330,243,215,255,393,224,704,124,122,136,213,109,626,119,93,119,180,115
E01001297,Ealing 017D,E02000254,Ealing 017,E09000009,Ealing,1644,367,250,380,412,235,813,175,137,175,232,94,831,192,113,205,180,141
E01001298,Ealing 017E,E02000254,Ealing 017,E09000009,Ealing,1737,345,249,347,472,324,905,175,141,191,232,166,832,170,108,156,240,158
E01001299,Ealing 035B,E02000272,Ealing 035,E09000009,Ealing,1655,343,228,267,492,325,772,156,112,126,231,147,883,187,116,141,261,178
E01001300,Ealing 039A,E02000276,Ealing 039,E09000009,Ealing,1554,398,198,371,409,178,762,205,107,188,191,71,792,193,91,183,218,107
E01001301,Ealing 039B,E02000276,Ealing 039,E09000009,Ealing,1684,345,256,518,360,205,881,198,106,296,175,106,803,147,150,222,185,99
E01001302,Ealing 039C,E02000276,Ealing 039,E09000009,Ealing,1565,362,215,368,416,204,783,173,108,182,212,108,782,189,107,186,204,96
E01001303,Ealing 032A,E02000269,Ealing 032,E09000009,Ealing,1614,339,295,346,422,212,756,151,143,188,177,97,858,188,152,158,245,115
E01001304,Ealing 039D,E02000276,Ealing 039,E09000009,Ealing,1579,330,233,409,410,197,767,169,130,190,196,82,812,161,103,219,214,115
E01001305,Ealing 035C,E02000272,Ealing 035,E09000009,Ealing,1574,349,186,301,475,263,745,164,97,141,216,127,829,185,89,160,259,136
E01001306,Ealing 035D,E02000272,Ealing 035,E09000009,Ealing,1616,355,187,366,470,238,760,172,93,176,228,91,856,183,94,190,242,147
E01001307,Ealing 002A,E02000239,Ealing 002,E09000009,Ealing,1824,388,271,448,456,261,969,208,162,232,240,127,855,180,109,216,216,134
E01001308,Ealing 002B,E02000239,Ealing 002,E09000009,Ealing,1958,360,307,420,502,369,955,180,146,227,242,160,1003,180,161,193,260,209
E01001309,Ealing 001C,E02000238,Ealing 001,E09000009,Ealing,1758,404,293,400,457,204,888,203,164,209,215,97,870,201,129,191,242,107
E01001310,Ealing 001D,E02000238,Ealing 001,E09000009,Ealing,1762,399,305,398,441,219,886,206,160,208,213,99,876,193,145,190,228,120
E01001311,Ealing 001E,E02000238,Ealing 001,E09000009,Ealing,2182,533,395,483,518,253,1073,284,194,244,258,93,1109,249,201,239,260,160
E01001312,Ealing 002C,E02000239,Ealing 002,E09000009,Ealing,1785,366,292,389,454,284,881,178,150,191,229,133,904,188,142,198,225,151
E01001313,Ealing 002D,E02000239,Ealing 002,E09000009,Ealing,1581,288,263,372,401,257,795,147,133,188,195,132,786,141,130,184,206,125
E01001314,Ealing 002E,E02000239,Ealing 002,E09000009,Ealing,1547,318,232,375,391,231,775,157,119,192,210,97,772,161,113,183,181,134
E01001315,Ealing 003A,E02000240,Ealing 003,E09000009,Ealing,1350,317,206,293,373,161,670,161,109,146,178,76,680,156,97,147,195,85
E01001316,Ealing 003B,E02000240,Ealing 003,E09000009,Ealing,1499,373,232,369,363,162,755,194,118,194,166,83,744,179,114,175,197,79
E01001317,Ealing 003C,E02000240,Ealing 003,E09000009,Ealing,1951,506,318,465,471,191,949,247,164,233,222,83,1002,259,154,232,249,108
E01001318,Ealing 003D,E02000240,Ealing 003,E09000009,Ealing,1670,436,235,359,419,221,847,224,115,173,213,122,823,212,120,186,206,99
E01001319,Ealing 004B,E02000241,Ealing 004,E09000009,Ealing,1432,325,250,329,331,197,707,169,135,150,156,97,725,156,115,179,175,100
E01001320,Ealing 003E,E02000240,Ealing 003,E09000009,Ealing,1506,446,284,254,361,161,680,225,143,106,143,63,826,221,141,148,218,98
E01001321,Ealing 003F,E02000240,Ealing 003,E09000009,Ealing,2031,498,306,453,451,323,980,244,137,218,221,160,1051,254,169,235,230,163
E01001322,Ealing 004C,E02000241,Ealing 004,E09000009,Ealing,1835,400,286,399,493,257,918,197,147,201,248,125,917,203,139,198,245,132
E01001323,Ealing 004D,E02000241,Ealing 004,E09000009,Ealing,1842,444,246,491,447,214,921,207,130,290,215,79,921,237,116,201,232,135
E01001324,Ealing 008B,E02000245,Ealing 008,E09000009,Ealing,1681,438,272,388,412,171,850,214,141,184,218,93,831,224,131,204,194,78
E01001325,Ealing 009A,E02000246,Ealing 009,E09000009,Ealing,1706,456,257,276,453,264,840,229,141,119,209,142,866,227,116,157,244,122
E01001326,Ealing 008C,E02000245,Ealing 008,E09000009,Ealing,1733,480,260,332,431,230,829,252,122,137,206,112,904,228,138,195,225,118
E01001327,Ealing 009B,E02000246,Ealing 009,E09000009,Ealing,1750,432,287,331,468,232,878,221,139,172,233,113,872,211,148,159,235,119
E01001328,Ealing 009C,E02000246,Ealing 009,E09000009,Ealing,1744,489,295,366,389,205,854,266,161,160,166,101,890,223,134,206,223,104
E01001329,Ealing 009D,E02000246,Ealing 009,E09000009,Ealing,1756,476,268,348,421,243,840,236,141,146,202,115,916,240,127,202,219,128
E01001330,Ealing 008D,E02000245,Ealing 008,E09000009,Ealing,1683,506,245,357,409,166,823,262,109,165,198,89,860,244,136,192,211,77
E01001331,Ealing 009E,E02000246,Ealing 009,E09000009,Ealing,1574,494,266,328,366,120,765,254,139,156,166,50,809,240,127,172,200,70
E01001332,Ealing 008E,E02000245,Ealing 008,E09000009,Ealing,1471,432,220,317,353,149,657,216,105,121,148,67,814,216,115,196,205,82
E01001333,Ealing 038A,E02000275,Ealing 038,E09000009,Ealing,2282,564,329,530,556,303,1218,276,171,288,325,158,1064,288,158,242,231,145
E01001334,Ealing 029C,E02000266,Ealing 029,E09000009,Ealing,1542,376,285,314,385,182,735,183,133,145,192,82,807,193,152,169,193,100
E01001335,Ealing 038B,E02000275,Ealing 038,E09000009,Ealing,1674,323,229,306,448,368,850,165,125,150,226,184,824,158,104,156,222,184
E01001336,Ealing 038C,E02000275,Ealing 038,E09000009,Ealing,1534,347,196,292,395,304,763,179,105,141,196,142,771,168,91,151,199,162
E01001337,Ealing 029D,E02000266,Ealing 029,E09000009,Ealing,1668,371,312,442,412,131,786,179,146,217,192,52,882,192,166,225,220,79
E01001338,Ealing 029E,E02000266,Ealing 029,E09000009,Ealing,1698,370,235,427,411,255,895,176,115,269,227,108,803,194,120,158,184,147
E01001339,Ealing 029F,E02000266,Ealing 029,E09000009,Ealing,1573,404,270,333,393,173,725,199,119,148,181,78,848,205,151,185,212,95
E01001340,Ealing 029G,E02000266,Ealing 029,E09000009,Ealing,1888,334,313,506,541,194,1055,177,190,298,312,78,833,157,123,208,229,116
E01001341,Ealing 005A,E02000242,Ealing 005,E09000009,Ealing,1740,352,324,446,413,205,942,203,181,241,208,109,798,149,143,205,205,96
E01001342,Ealing 005B,E02000242,Ealing 005,E09000009,Ealing,1890,417,334,479,444,216,970,199,169,261,233,108,920,218,165,218,211,108
E01001343,Ealing 005C,E02000242,Ealing 005,E09000009,Ealing,1454,285,230,306,350,283,772,157,141,170,170,134,682,128,89,136,180,149
E01001344,Ealing 007A,E02000244,Ealing 007,E09000009,Ealing,2279,485,345,655,519,275,1163,245,184,345,266,123,1116,240,161,310,253,152
E01001345,Ealing 005D,E02000242,Ealing 005,E09000009,Ealing,1734,361,327,357,466,223,881,180,175,201,226,99,853,181,152,156,240,124
E01001346,Ealing 007B,E02000244,Ealing 007,E09000009,Ealing,1864,428,247,385,494,310,999,227,137,225,269,141,865,201,110,160,225,169
E01001347,Ealing 007C,E02000244,Ealing 007,E09000009,Ealing,1795,304,309,442,472,268,988,162,176,262,249,139,807,142,133,180,223,129
E01001348,Ealing 007D,E02000244,Ealing 007,E09000009,Ealing,1577,333,221,428,362,233,847,181,133,236,196,101,730,152,88,192,166,132
E01001349,Ealing 006E,E02000243,Ealing 006,E09000009,Ealing,1392,290,205,321,381,195,728,159,113,192,178,86,664,131,92,129,203,109
E01001350,Ealing 027C,E02000264,Ealing 027,E09000009,Ealing,1445,247,277,296,388,237,718,127,140,149,188,114,727,120,137,147,200,123
E01001351,Ealing 025E,E02000262,Ealing 025,E09000009,Ealing,1850,330,318,483,474,245,930,172,157,265,226,110,920,158,161,218,248,135
E01001352,Ealing 027D,E02000264,Ealing 027,E09000009,Ealing,1585,253,311,414,429,178,818,134,155,221,227,81,767,119,156,193,202,97
E01001353,Ealing 033A,E02000270,Ealing 033,E09000009,Ealing,1407,255,291,365,317,179,709,125,162,188,149,85,698,130,129,177,168,94
E01001354,Ealing 027E,E02000264,Ealing 027,E09000009,Ealing,2056,348,422,456,491,339,1017,174,206,230,257,150,1039,174,216,226,234,189
E01001355,Ealing 033B,E02000270,Ealing 033,E09000009,Ealing,1735,330,277,512,391,225,875,190,130,262,197,96,860,140,147,250,194,129
E01001356,Ealing 033C,E02000270,Ealing 033,E09000009,Ealing,1624,473,245,296,418,192,812,259,122,133,212,86,812,214,123,163,206,106
E01001357,Ealing 033D,E02000270,Ealing 033,E09000009,Ealing,1563,376,276,439,357,115,689,163,142,183,148,53,874,213,134,256,209,62
E01001358,Ealing 033E,E02000270,Ealing 033,E09000009,Ealing,1522,416,273,381,303,149,694,217,122,156,140,59,828,199,151,225,163,90
E01001359,Ealing 026A,E02000263,Ealing 026,E09000009,Ealing,2254,573,312,509,590,270,1188,305,159,276,331,117,1066,268,153,233,259,153
E01001360,Ealing 026B,E02000263,Ealing 026,E09000009,Ealing,2026,350,321,387,626,342,1082,189,171,205,333,184,944,161,150,182,293,158
E01001361,Ealing 023E,E02000260,Ealing 023,E09000009,Ealing,2161,609,267,480,592,213,1127,309,133,248,325,112,1034,300,134,232,267,101
E01001362,Ealing 026C,E02000263,Ealing 026,E09000009,Ealing,2191,568,310,483,581,249,1174,303,159,262,335,115,1017,265,151,221,246,134
E01001363,Ealing 026D,E02000263,Ealing 026,E09000009,Ealing,1738,450,232,375,450,231,920,241,128,201,254,96,818,209,104,174,196,135
E01001364,Ealing 026E,E02000263,Ealing 026,E09000009,Ealing,1573,360,250,317,406,240,788,202,118,166,192,110,785,158,132,151,214,130
E01001365,Ealing 026F,E02000263,Ealing 026,E09000009,Ealing,2211,534,286,509,581,301,1216,285,163,281,347,140,995,249,123,228,234,161
E01001366,Ealing 037A,E02000274,Ealing 037,E09000009,Ealing,1936,491,283,466,495,201,1052,262,145,261,292,92,884,229,138,205,203,109
E01001367,Ealing 037B,E02000274,Ealing 037,E09000009,Ealing,2281,568,344,504,665,200,1220,305,173,264,394,84,1061,263,171,240,271,116
E01001368,Ealing 037C,E02000274,Ealing 037,E09000009,Ealing,1676,348,253,359,446,270,902,174,149,204,250,125,774,174,104,155,196,145
E01001369,Ealing 038D,E02000275,Ealing 038,E09000009,Ealing,2007,468,277,489,516,257,1067,225,156,271,294,121,940,243,121,218,222,136
E01001370,Ealing 037D,E02000274,Ealing 037,E09000009,Ealing,2033,456,345,465,536,231,1128,233,204,276,296,119,905,223,141,189,240,112
E01001371,Ealing 037E,E02000274,Ealing 037,E09000009,Ealing,2241,640,314,499,544,244,1193,345,173,255,305,115,1048,295,141,244,239,129
E01001372,Ealing 037F,E02000274,Ealing 037,E09000009,Ealing,2272,642,333,539,555,203,1156,321,179,260,304,92,1116,321,154,279,251,111
E01001373,Ealing 037G,E02000274,Ealing 037,E09000009,Ealing,1797,436,289,458,447,167,1000,236,175,236,260,93,797,200,114,222,187,74
E01001374,Ealing 040A,E02006791,Ealing 040,E09000009,Ealing,1877,368,285,529,485,210,915,188,144,263,239,81,962,180,141,266,246,129
E01001375,Ealing 034A,E02000271,Ealing 034,E09000009,Ealing,1580,337,202,323,491,227,796,186,119,144,231,116,784,151,83,179,260,111
E01001376,Ealing 040B,E02006791,Ealing 040,E09000009,Ealing,1624,323,234,401,446,220,814,171,131,191,210,111,810,152,103,210,236,109
E01001377,Ealing 034B,E02000271,Ealing 034,E09000009,Ealing,1741,357,265,302,506,311,857,185,133,135,240,164,884,172,132,167,266,147
E01001379,Ealing 034C,E02000271,Ealing 034,E09000009,Ealing,1594,371,187,339,497,200,756,188,86,162,236,84,838,183,101,177,261,116
E01001380,Ealing 040C,E02006791,Ealing 040,E09000009,Ealing,1870,348,271,508,481,262,937,175,150,258,228,126,933,173,121,250,253,136
E01001381,Ealing 034D,E02000271,Ealing 034,E09000009,Ealing,1991,370,325,573,491,232,1025,187,163,310,263,102,966,183,162,263,228,130
E01001382,Ealing 032B,E02000269,Ealing 032,E09000009,Ealing,1370,302,197,227,407,237,663,153,99,105,194,112,707,149,98,122,213,125
E01001383,Ealing 028D,E02000265,Ealing 028,E09000009,Ealing,1617,318,258,388,441,212,858,176,143,213,215,111,759,142,115,175,226,101
E01001384,Ealing 032C,E02000269,Ealing 032,E09000009,Ealing,1589,369,210,426,412,172,775,191,105,202,220,57,814,178,105,224,192,115
E01001385,Ealing 032D,E02000269,Ealing 032,E09000009,Ealing,1667,375,239,356,471,226,850,217,114,191,229,99,817,158,125,165,242,127
E01001386,Ealing 031F,E02000268,Ealing 031,E09000009,Ealing,1642,313,250,415,439,225,796,154,102,219,209,112,846,159,148,196,230,113
E01001387,Ealing 032E,E02000269,Ealing 032,E09000009,Ealing,1484,228,269,394,384,209,769,122,163,211,187,86,715,106,106,183,197,123
E01001388,Ealing 028E,E02000265,Ealing 028,E09000009,Ealing,1401,328,222,312,336,203,739,167,122,164,181,105,662,161,100,148,155,98
E01001389,Ealing 028F,E02000265,Ealing 028,E09000009,Ealing,1690,344,244,476,401,225,894,194,129,254,229,88,796,150,115,222,172,137
E01001390,Enfield 036A,E02000312,Enfield 036,E09000010,Enfield,2051,347,361,586,529,228,1061,178,191,310,284,98,990,169,170,276,245,130
E01001391,Enfield 036B,E02000312,Enfield 036,E09000010,Enfield,2049,339,454,636,449,171,1142,181,297,379,222,63,907,158,157,257,227,108
E01001392,Enfield 032A,E02000308,Enfield 032,E09000010,Enfield,1892,366,299,497,451,279,956,176,153,271,237,119,936,190,146,226,214,160
E01001393,Enfield 036C,E02000312,Enfield 036,E09000010,Enfield,2132,391,394,708,450,189,1125,198,205,395,243,84,1007,193,189,313,207,105
E01001394,Enfield 035A,E02000311,Enfield 035,E09000010,Enfield,1935,348,361,515,446,265,952,173,180,283,207,109,983,175,181,232,239,156
E01001395,Enfield 035B,E02000311,Enfield 035,E09000010,Enfield,1662,348,304,392,427,191,784,162,163,200,183,76,878,186,141,192,244,115
E01001396,Enfield 036D,E02000312,Enfield 036,E09000010,Enfield,1646,241,273,426,441,265,799,104,135,235,226,99,847,137,138,191,215,166
E01001397,Enfield 035C,E02000311,Enfield 035,E09000010,Enfield,2339,505,481,591,534,228,1189,298,220,316,251,104,1150,207,261,275,283,124
E01001398,Enfield 021A,E02000297,Enfield 021,E09000010,Enfield,1342,312,148,282,364,236,681,187,89,136,160,109,661,125,59,146,204,127
E01001399,Enfield 021B,E02000297,Enfield 021,E09000010,Enfield,1387,211,228,223,405,320,700,103,137,90,198,172,687,108,91,133,207,148
E01001400,Enfield 021C,E02000297,Enfield 021,E09000010,Enfield,1603,260,219,248,411,465,712,123,91,107,192,199,891,137,128,141,219,266
E01001401,Enfield 016A,E02000292,Enfield 016,E09000010,Enfield,1341,292,206,286,337,220,660,137,123,141,159,100,681,155,83,145,178,120
E01001402,Enfield 021D,E02000297,Enfield 021,E09000010,Enfield,1970,335,294,481,528,332,973,161,158,238,248,168,997,174,136,243,280,164
E01001403,Enfield 021E,E02000297,Enfield 021,E09000010,Enfield,1653,337,250,302,429,335,819,189,151,140,200,139,834,148,99,162,229,196
E01001404,Enfield 026A,E02000302,Enfield 026,E09000010,Enfield,1542,301,232,335,408,266,761,153,126,170,182,130,781,148,106,165,226,136
E01001405,Enfield 015A,E02000291,Enfield 015,E09000010,Enfield,1897,270,260,389,433,545,950,157,123,217,220,233,947,113,137,172,213,312
E01001406,Enfield 015B,E02000291,Enfield 015,E09000010,Enfield,1595,327,241,417,413,197,750,162,116,197,194,81,845,165,125,220,219,116
E01001407,Enfield 005A,E02000281,Enfield 005,E09000010,Enfield,1722,430,260,385,425,222,840,209,134,174,214,109,882,221,126,211,211,113
E01001408,Enfield 004A,E02000280,Enfield 004,E09000010,Enfield,1671,416,195,395,449,216,803,239,97,175,204,88,868,177,98,220,245,128
E01001409,Enfield 005B,E02000281,Enfield 005,E09000010,Enfield,1822,416,350,378,465,213,927,207,190,172,254,104,895,209,160,206,211,109
E01001410,Enfield 005C,E02000281,Enfield 005,E09000010,Enfield,2008,544,397,447,451,169,942,267,210,197,195,73,1066,277,187,250,256,96
E01001411,Enfield 004B,E02000280,Enfield 004,E09000010,Enfield,1896,481,223,435,490,267,904,244,109,199,237,115,992,237,114,236,253,152
E01001412,Enfield 004C,E02000280,Enfield 004,E09000010,Enfield,1757,331,324,290,478,334,857,147,201,148,203,158,900,184,123,142,275,176
E01001413,Enfield 004D,E02000280,Enfield 004,E09000010,Enfield,1513,307,151,270,446,339,725,174,70,136,211,134,788,133,81,134,235,205
E01001414,Enfield 004E,E02000280,Enfield 004,E09000010,Enfield,1558,365,226,316,364,287,761,193,127,152,160,129,797,172,99,164,204,158
E01001415,Enfield 011A,E02000287,Enfield 011,E09000010,Enfield,2033,402,319,505,414,393,1006,223,163,256,206,158,1027,179,156,249,208,235
E01001416,Enfield 013A,E02000289,Enfield 013,E09000010,Enfield,1676,321,209,295,488,363,808,152,120,148,231,157,868,169,89,147,257,206
E01001417,Enfield 011B,E02000287,Enfield 011,E09000010,Enfield,1812,346,271,258,496,441,915,187,167,113,246,202,897,159,104,145,250,239
E01001418,Enfield 011C,E02000287,Enfield 011,E09000010,Enfield,1668,308,206,346,447,361,822,164,101,176,226,155,846,144,105,170,221,206
E01001419,Enfield 020A,E02000296,Enfield 020,E09000010,Enfield,2109,388,359,487,491,384,1033,201,175,239,238,180,1076,187,184,248,253,204
E01001420,Enfield 020B,E02000296,Enfield 020,E09000010,Enfield,1641,333,282,348,414,264,791,167,144,169,190,121,850,166,138,179,224,143
E01001421,Enfield 020C,E02000296,Enfield 020,E09000010,Enfield,1711,386,249,376,382,318,812,199,121,162,191,139,899,187,128,214,191,179
E01001422,Enfield 011D,E02000287,Enfield 011,E09000010,Enfield,1624,288,239,216,498,383,778,134,120,97,230,197,846,154,119,119,268,186
E01001423,Enfield 027A,E02000303,Enfield 027,E09000010,Enfield,2014,461,367,434,471,281,968,231,186,191,227,133,1046,230,181,243,244,148
E01001424,Enfield 030A,E02000306,Enfield 030,E09000010,Enfield,1236,315,236,288,302,95,567,154,124,115,125,49,669,161,112,173,177,46
E01001425,Enfield 027B,E02000303,Enfield 027,E09000010,Enfield,2186,677,427,492,434,156,1041,360,191,223,199,68,1145,317,236,269,235,88
E01001426,Enfield 030B,E02000306,Enfield 030,E09000010,Enfield,1982,515,364,467,461,175,964,276,166,222,220,80,1018,239,198,245,241,95
E01001427,Enfield 030C,E02000306,Enfield 030,E09000010,Enfield,1660,424,296,358,417,165,853,236,139,191,213,74,807,188,157,167,204,91
E01001428,Enfield 027C,E02000303,Enfield 027,E09000010,Enfield,1871,463,390,388,448,182,945,264,221,172,198,90,926,199,169,216,250,92
E01001429,Enfield 030D,E02000306,Enfield 030,E09000010,Enfield,2630,640,428,647,582,333,1248,306,221,306,277,138,1382,334,207,341,305,195
E01001430,Enfield 030E,E02000306,Enfield 030,E09000010,Enfield,1778,531,318,381,405,143,832,256,177,173,172,54,946,275,141,208,233,89
E01001431,Enfield 033A,E02000309,Enfield 033,E09000010,Enfield,1889,506,334,434,488,127,1005,280,166,233,255,71,884,226,168,201,233,56
E01001432,Enfield 033B,E02000309,Enfield 033,E09000010,Enfield,2161,500,424,498,560,179,1127,261,229,270,288,79,1034,239,195,228,272,100
E01001433,Enfield 007A,E02000283,Enfield 007,E09000010,Enfield,1988,513,400,402,503,170,933,272,202,163,226,70,1055,241,198,239,277,100
E01001434,Enfield 007B,E02000283,Enfield 007,E09000010,Enfield,1638,417,282,354,409,176,818,216,141,173,199,89,820,201,141,181,210,87
E01001435,Enfield 007C,E02000283,Enfield 007,E09000010,Enfield,1487,327,314,234,410,202,731,162,161,99,204,105,756,165,153,135,206,97
E01001436,Enfield 007D,E02000283,Enfield 007,E09000010,Enfield,1952,457,393,366,477,259,990,243,222,159,249,117,962,214,171,207,228,142
E01001437,Enfield 014A,E02000290,Enfield 014,E09000010,Enfield,2564,718,514,556,529,247,1248,396,236,249,246,121,1316,322,278,307,283,126
E01001438,Enfield 007E,E02000283,Enfield 007,E09000010,Enfield,1752,416,353,346,435,202,845,216,176,151,210,92,907,200,177,195,225,110
E01001439,Enfield 006A,E02000282,Enfield 006,E09000010,Enfield,2369,744,445,497,527,156,1128,385,207,206,267,63,1241,359,238,291,260,93
E01001440,Enfield 012A,E02000288,Enfield 012,E09000010,Enfield,1696,413,304,318,419,242,844,230,158,141,210,105,852,183,146,177,209,137
E01001441,Enfield 006B,E02000282,Enfield 006,E09000010,Enfield,1713,456,290,382,421,164,847,227,141,184,193,102,866,229,149,198,228,62
E01001442,Enfield 002A,E02000278,Enfield 002,E09000010,Enfield,1846,566,348,353,379,200,881,311,183,137,182,68,965,255,165,216,197,132
E01001444,Enfield 001A,E02000277,Enfield 001,E09000010,Enfield,1871,448,347,402,423,251,915,245,178,181,194,117,956,203,169,221,229,134
E01001445,Enfield 003B,E02000279,Enfield 003,E09000010,Enfield,3133,843,587,816,692,195,1481,400,267,363,355,96,1652,443,320,453,337,99
E01001446,Enfield 001B,E02000277,Enfield 001,E09000010,Enfield,1853,443,312,383,496,219,905,240,153,180,231,101,948,203,159,203,265,118
E01001447,Enfield 003C,E02000279,Enfield 003,E09000010,Enfield,2115,521,399,452,475,268,977,264,211,198,213,91,1138,257,188,254,262,177
E01001448,Enfield 003D,E02000279,Enfield 003,E09000010,Enfield,2011,525,412,396,494,184,980,249,225,180,242,84,1031,276,187,216,252,100
E01001449,Enfield 003E,E02000279,Enfield 003,E09000010,Enfield,1734,467,348,329,418,172,850,232,191,154,191,82,884,235,157,175,227,90
E01001450,Enfield 015C,E02000291,Enfield 015,E09000010,Enfield,2526,529,414,726,535,322,1257,298,227,345,250,137,1269,231,187,381,285,185
E01001451,Enfield 017A,E02000293,Enfield 017,E09000010,Enfield,1566,254,209,290,455,358,810,147,106,146,248,163,756,107,103,144,207,195
E01001452,Enfield 017B,E02000293,Enfield 017,E09000010,Enfield,1345,245,184,224,420,272,656,118,108,100,201,129,689,127,76,124,219,143
E01001453,Enfield 017C,E02000293,Enfield 017,E09000010,Enfield,1826,389,185,345,477,430,883,179,99,173,222,210,943,210,86,172,255,220
E01001454,Enfield 017D,E02000293,Enfield 017,E09000010,Enfield,1730,351,235,306,429,409,818,173,123,134,208,180,912,178,112,172,221,229
E01001455,Enfield 021F,E02000297,Enfield 021,E09000010,Enfield,1502,279,223,343,389,268,727,154,113,161,187,112,775,125,110,182,202,156
E01001456,Enfield 022A,E02000298,Enfield 022,E09000010,Enfield,1365,283,180,199,446,257,699,166,103,93,226,111,666,117,77,106,220,146
E01001457,Enfield 010A,E02000286,Enfield 010,E09000010,Enfield,1688,262,194,398,464,370,872,152,111,200,261,148,816,110,83,198,203,222
E01001458,Enfield 037A,E02006793,Enfield 037,E09000010,Enfield,1932,479,348,500,461,144,943,230,182,241,230,60,989,249,166,259,231,84
E01001459,Enfield 024A,E02000300,Enfield 024,E09000010,Enfield,1742,405,298,351,438,250,856,208,156,184,195,113,886,197,142,167,243,137
E01001460,Enfield 024B,E02000300,Enfield 024,E09000010,Enfield,2076,561,412,546,423,134,1067,276,220,295,220,56,1009,285,192,251,203,78
E01001461,Enfield 027D,E02000303,Enfield 027,E09000010,Enfield,1861,393,391,415,459,203,916,187,208,200,234,87,945,206,183,215,225,116
E01001462,Enfield 024C,E02000300,Enfield 024,E09000010,Enfield,1537,377,301,314,387,158,718,185,150,131,180,72,819,192,151,183,207,86
E01001463,Enfield 031A,E02000307,Enfield 031,E09000010,Enfield,1664,341,313,370,410,230,839,198,150,190,203,98,825,143,163,180,207,132
E01001464,Enfield 027E,E02000303,Enfield 027,E09000010,Enfield,1364,292,289,247,366,170,672,146,162,117,165,82,692,146,127,130,201,88
E01001465,Enfield 031B,E02000307,Enfield 031,E09000010,Enfield,1617,343,314,332,407,221,814,169,171,174,197,103,803,174,143,158,210,118
E01001466,Enfield 031C,E02000307,Enfield 031,E09000010,Enfield,1906,573,305,441,409,178,891,266,153,213,183,76,1015,307,152,228,226,102
E01001467,Enfield 031D,E02000307,Enfield 031,E09000010,Enfield,1899,458,367,431,483,160,954,250,191,198,236,79,945,208,176,233,247,81
E01001468,Enfield 010B,E02000286,Enfield 010,E09000010,Enfield,1322,231,155,324,345,267,708,107,91,193,194,123,614,124,64,131,151,144
E01001469,Enfield 008A,E02000284,Enfield 008,E09000010,Enfield,1682,353,242,382,449,256,832,189,150,189,197,107,850,164,92,193,252,149
E01001470,Enfield 013B,E02000289,Enfield 013,E09000010,Enfield,1618,317,237,233,471,360,767,154,120,97,226,170,851,163,117,136,245,190
E01001471,Enfield 010C,E02000286,Enfield 010,E09000010,Enfield,1878,279,248,463,470,418,884,154,129,243,216,142,994,125,119,220,254,276
E01001472,Enfield 010D,E02000286,Enfield 010,E09000010,Enfield,1765,358,246,395,457,309,835,167,123,177,231,137,930,191,123,218,226,172
E01001473,Enfield 013C,E02000289,Enfield 013,E09000010,Enfield,1495,314,223,272,399,287,719,151,136,129,182,121,776,163,87,143,217,166
E01001474,Enfield 010E,E02000286,Enfield 010,E09000010,Enfield,1905,328,208,431,458,480,941,173,109,208,215,236,964,155,99,223,243,244
E01001475,Enfield 013D,E02000289,Enfield 013,E09000010,Enfield,1694,291,221,262,490,430,834,152,113,124,242,203,860,139,108,138,248,227
E01001476,Enfield 018A,E02000294,Enfield 018,E09000010,Enfield,1847,434,336,367,474,236,942,246,170,169,243,114,905,188,166,198,231,122
E01001477,Enfield 018B,E02000294,Enfield 018,E09000010,Enfield,1965,525,354,414,443,229,936,263,178,198,196,101,1029,262,176,216,247,128
E01001478,Enfield 016B,E02000292,Enfield 016,E09000010,Enfield,1564,344,279,295,433,213,748,193,142,126,198,89,816,151,137,169,235,124
E01001479,Enfield 023A,E02000299,Enfield 023,E09000010,Enfield,1920,453,367,365,519,216,965,244,186,176,258,101,955,209,181,189,261,115
E01001480,Enfield 024D,E02000300,Enfield 024,E09000010,Enfield,1639,349,258,355,442,235,817,157,142,171,238,109,822,192,116,184,204,126
E01001481,Enfield 018C,E02000294,Enfield 018,E09000010,Enfield,1772,408,323,362,432,247,865,220,156,168,209,112,907,188,167,194,223,135
E01001482,Enfield 023B,E02000299,Enfield 023,E09000010,Enfield,1974,534,334,405,513,188,967,245,186,193,267,76,1007,289,148,212,246,112
E01001483,Enfield 025A,E02000301,Enfield 025,E09000010,Enfield,1345,324,269,332,307,113,687,174,120,165,166,62,658,150,149,167,141,51
E01001484,Enfield 016C,E02000292,Enfield 016,E09000010,Enfield,1380,348,277,276,318,161,674,184,162,120,141,67,706,164,115,156,177,94
E01001485,Enfield 025B,E02000301,Enfield 025,E09000010,Enfield,2040,563,357,452,421,247,979,274,192,205,199,109,1061,289,165,247,222,138
E01001486,Enfield 025C,E02000301,Enfield 025,E09000010,Enfield,2268,594,390,506,539,239,1074,290,184,234,261,105,1194,304,206,272,278,134
E01001487,Enfield 023C,E02000299,Enfield 023,E09000010,Enfield,2108,575,369,476,476,212,1012,295,182,222,223,90,1096,280,187,254,253,122
E01001488,Enfield 024E,E02000300,Enfield 024,E09000010,Enfield,2071,557,398,442,482,192,969,274,190,199,217,89,1102,283,208,243,265,103
E01001489,Enfield 023D,E02000299,Enfield 023,E09000010,Enfield,2107,590,374,431,499,213,1034,300,189,193,253,99,1073,290,185,238,246,114
E01001491,Enfield 023E,E02000299,Enfield 023,E09000010,Enfield,2135,505,473,453,509,195,1062,260,280,193,255,74,1073,245,193,260,254,121
E01001492,Enfield 025E,E02000301,Enfield 025,E09000010,Enfield,2160,561,391,427,526,255,1039,289,193,205,249,103,1121,272,198,222,277,152
E01001493,Enfield 026B,E02000302,Enfield 026,E09000010,Enfield,1869,389,273,433,501,273,948,199,138,226,264,121,921,190,135,207,237,152
E01001494,Enfield 026C,E02000302,Enfield 026,E09000010,Enfield,1491,279,226,302,405,279,747,148,107,149,215,128,744,131,119,153,190,151
E01001495,Enfield 029A,E02000305,Enfield 029,E09000010,Enfield,1877,303,296,596,485,197,976,157,159,339,241,80,901,146,137,257,244,117
E01001496,Enfield 026D,E02000302,Enfield 026,E09000010,Enfield,1700,337,248,340,455,320,791,151,130,163,213,134,909,186,118,177,242,186
E01001497,Enfield 031E,E02000307,Enfield 031,E09000010,Enfield,1500,314,252,321,362,251,693,151,122,150,162,108,807,163,130,171,200,143
E01001498,Enfield 029B,E02000305,Enfield 029,E09000010,Enfield,2028,360,385,605,467,211,1090,206,207,340,243,94,938,154,178,265,224,117
E01001499,Enfield 031F,E02000307,Enfield 031,E09000010,Enfield,1596,249,318,356,401,272,778,106,171,190,194,117,818,143,147,166,207,155
E01001500,Enfield 035D,E02000311,Enfield 035,E09000010,Enfield,1596,321,321,349,373,232,792,184,177,163,174,94,804,137,144,186,199,138
E01001501,Enfield 036E,E02000312,Enfield 036,E09000010,Enfield,2238,413,391,632,533,269,1109,221,209,299,262,118,1129,192,182,333,271,151
E01001502,Enfield 018D,E02000294,Enfield 018,E09000010,Enfield,1911,408,442,347,492,222,938,195,240,164,252,87,973,213,202,183,240,135
E01001503,Enfield 018E,E02000294,Enfield 018,E09000010,Enfield,1966,486,302,411,480,287,988,249,166,226,222,125,978,237,136,185,258,162
E01001504,Enfield 012B,E02000288,Enfield 012,E09000010,Enfield,1548,401,308,278,379,182,788,203,183,131,184,87,760,198,125,147,195,95
E01001505,Enfield 012C,E02000288,Enfield 012,E09000010,Enfield,1679,381,371,372,434,121,810,205,182,157,209,57,869,176,189,215,225,64
E01001506,Enfield 014B,E02000290,Enfield 014,E09000010,Enfield,1574,525,241,343,334,131,736,247,117,149,160,63,838,278,124,194,174,68
E01001507,Enfield 012D,E02000288,Enfield 012,E09000010,Enfield,2118,594,365,464,478,217,1068,294,188,216,271,99,1050,300,177,248,207,118
E01001508,Enfield 012E,E02000288,Enfield 012,E09000010,Enfield,2327,644,395,599,511,178,1135,357,184,265,256,73,1192,287,211,334,255,105
E01001509,Enfield 014C,E02000290,Enfield 014,E09000010,Enfield,1885,565,315,408,410,187,917,293,148,188,199,89,968,272,167,220,211,98
E01001510,Enfield 014D,E02000290,Enfield 014,E09000010,Enfield,585,262,98,103,77,45,281,135,42,44,33,27,304,127,56,59,44,18
E01001511,Enfield 016D,E02000292,Enfield 016,E09000010,Enfield,1799,459,285,434,423,198,883,229,164,200,212,78,916,230,121,234,211,120
E01001512,Enfield 015D,E02000291,Enfield 015,E09000010,Enfield,2267,538,310,671,492,256,1087,257,153,293,247,137,1180,281,157,378,245,119
E01001513,Enfield 012F,E02000288,Enfield 012,E09000010,Enfield,1942,483,372,390,483,214,947,237,187,180,226,117,995,246,185,210,257,97
E01001514,Enfield 016E,E02000292,Enfield 016,E09000010,Enfield,1894,444,326,498,449,177,923,216,174,263,190,80,971,228,152,235,259,97
E01001515,Enfield 015E,E02000291,Enfield 015,E09000010,Enfield,1980,521,387,483,464,125,999,294,212,207,239,47,981,227,175,276,225,78
E01001516,Enfield 005D,E02000281,Enfield 005,E09000010,Enfield,1911,539,318,390,436,228,904,267,165,167,212,93,1007,272,153,223,224,135
E01001517,Enfield 006C,E02000282,Enfield 006,E09000010,Enfield,2014,567,379,363,477,228,995,307,213,146,227,102,1019,260,166,217,250,126
E01001518,Enfield 016F,E02000292,Enfield 016,E09000010,Enfield,1847,349,370,411,474,243,939,180,202,214,224,119,908,169,168,197,250,124
E01001519,Enfield 020D,E02000296,Enfield 020,E09000010,Enfield,3203,624,617,1008,651,303,1648,313,336,511,350,138,1555,311,281,497,301,165
E01001520,Enfield 019A,E02000295,Enfield 019,E09000010,Enfield,1777,373,235,421,433,315,846,174,109,202,208,153,931,199,126,219,225,162
E01001521,Enfield 028A,E02000304,Enfield 028,E09000010,Enfield,2028,435,318,449,523,303,981,206,178,223,242,132,1047,229,140,226,281,171
E01001522,Enfield 019B,E02000295,Enfield 019,E09000010,Enfield,2050,507,299,507,476,261,1003,269,175,226,240,93,1047,238,124,281,236,168
E01001523,Enfield 019C,E02000295,Enfield 019,E09000010,Enfield,1801,450,215,388,418,330,861,262,99,177,202,121,940,188,116,211,216,209
E01001524,Enfield 019D,E02000295,Enfield 019,E09000010,Enfield,1637,351,305,351,409,221,792,166,160,166,201,99,845,185,145,185,208,122
E01001525,Enfield 020E,E02000296,Enfield 020,E09000010,Enfield,2028,395,314,511,501,307,965,212,162,221,234,136,1063,183,152,290,267,171
E01001526,Enfield 019E,E02000295,Enfield 019,E09000010,Enfield,1644,299,199,327,443,376,797,135,110,162,221,169,847,164,89,165,222,207
E01001527,Enfield 036F,E02000312,Enfield 036,E09000010,Enfield,1712,286,262,440,426,298,893,159,157,227,229,121,819,127,105,213,197,177
E01001528,Enfield 032B,E02000308,Enfield 032,E09000010,Enfield,1495,325,288,380,332,170,715,150,141,193,153,78,780,175,147,187,179,92
E01001529,Enfield 032C,E02000308,Enfield 032,E09000010,Enfield,1743,293,365,545,367,173,944,150,217,303,202,72,799,143,148,242,165,101
E01001530,Enfield 032D,E02000308,Enfield 032,E09000010,Enfield,1800,405,352,449,387,207,920,218,205,234,174,89,880,187,147,215,213,118
E01001531,Enfield 028B,E02000304,Enfield 028,E09000010,Enfield,1527,280,233,296,465,253,792,167,124,152,234,115,735,113,109,144,231,138
E01001532,Enfield 028C,E02000304,Enfield 028,E09000010,Enfield,1697,304,240,314,503,336,829,156,118,164,253,138,868,148,122,150,250,198
E01001533,Enfield 028D,E02000304,Enfield 028,E09000010,Enfield,1409,233,180,231,406,359,687,127,99,116,177,168,722,106,81,115,229,191
E01001534,Enfield 032E,E02000308,Enfield 032,E09000010,Enfield,1740,286,312,422,434,286,892,150,158,227,221,136,848,136,154,195,213,150
E01001535,Enfield 028E,E02000304,Enfield 028,E09000010,Enfield,1398,241,178,278,382,319,697,119,87,139,198,154,701,122,91,139,184,165
E01001536,Enfield 008B,E02000284,Enfield 008,E09000010,Enfield,1930,375,289,409,516,341,946,175,163,184,262,162,984,200,126,225,254,179
E01001537,Enfield 005E,E02000281,Enfield 005,E09000010,Enfield,1725,406,203,424,413,279,787,215,92,183,184,113,938,191,111,241,229,166
E01001538,Enfield 009A,E02000285,Enfield 009,E09000010,Enfield,1585,307,235,257,492,294,783,175,123,112,239,134,802,132,112,145,253,160
E01001539,Enfield 009B,E02000285,Enfield 009,E09000010,Enfield,1593,311,246,316,452,268,783,175,121,148,213,126,810,136,125,168,239,142
E01001540,Enfield 008C,E02000284,Enfield 008,E09000010,Enfield,1837,381,276,455,450,275,893,193,159,208,228,105,944,188,117,247,222,170
E01001541,Enfield 008D,E02000284,Enfield 008,E09000010,Enfield,1549,369,166,392,403,219,760,177,88,194,196,105,789,192,78,198,207,114
E01001542,Enfield 008E,E02000284,Enfield 008,E09000010,Enfield,1635,389,261,352,403,230,761,199,145,144,189,84,874,190,116,208,214,146
E01001543,Enfield 009C,E02000285,Enfield 009,E09000010,Enfield,1611,290,240,315,464,302,789,143,141,149,238,118,822,147,99,166,226,184
E01001544,Enfield 009D,E02000285,Enfield 009,E09000010,Enfield,1630,301,225,286,477,341,812,151,127,139,240,155,818,150,98,147,237,186
E01001545,Enfield 002B,E02000278,Enfield 002,E09000010,Enfield,1942,520,384,406,473,159,948,278,202,176,221,71,994,242,182,230,252,88
E01001546,Enfield 001C,E02000277,Enfield 001,E09000010,Enfield,1912,485,406,348,451,222,944,282,203,175,194,90,968,203,203,173,257,132
E01001547,Enfield 002C,E02000278,Enfield 002,E09000010,Enfield,2195,563,404,452,509,267,1072,265,225,211,246,125,1123,298,179,241,263,142
E01001548,Enfield 002D,E02000278,Enfield 002,E09000010,Enfield,2033,564,370,464,446,189,995,316,179,204,215,81,1038,248,191,260,231,108
E01001549,Enfield 006D,E02000282,Enfield 006,E09000010,Enfield,2130,666,388,477,429,170,989,334,161,191,226,77,1141,332,227,286,203,93
E01001550,Enfield 006E,E02000282,Enfield 006,E09000010,Enfield,1760,437,335,336,471,181,822,211,172,134,214,91,938,226,163,202,257,90
E01001551,Enfield 002E,E02000278,Enfield 002,E09000010,Enfield,1734,382,336,327,429,260,819,204,189,124,177,125,915,178,147,203,252,135
E01001552,Enfield 001D,E02000277,Enfield 001,E09000010,Enfield,1971,429,385,389,478,290,951,223,195,188,228,117,1020,206,190,201,250,173
E01001553,Enfield 037B,E02006793,Enfield 037,E09000010,Enfield,1753,456,328,376,421,172,862,233,167,186,196,80,891,223,161,190,225,92
E01001554,Enfield 037C,E02006793,Enfield 037,E09000010,Enfield,1907,488,385,457,447,130,910,236,184,232,201,57,997,252,201,225,246,73
E01001555,Enfield 033C,E02000309,Enfield 033,E09000010,Enfield,2428,661,468,583,517,199,1208,322,234,301,252,99,1220,339,234,282,265,100
E01001556,Enfield 035E,E02000311,Enfield 035,E09000010,Enfield,1659,342,286,360,391,280,812,182,138,189,191,112,847,160,148,171,200,168
E01001557,Enfield 033D,E02000309,Enfield 033,E09000010,Enfield,1870,501,337,397,435,200,933,270,166,185,216,96,937,231,171,212,219,104
E01001558,Enfield 033E,E02000309,Enfield 033,E09000010,Enfield,1843,495,362,453,429,104,949,267,180,213,242,47,894,228,182,240,187,57
E01001559,Enfield 033F,E02000309,Enfield 033,E09000010,Enfield,2347,608,468,519,548,204,1148,293,258,257,269,71,1199,315,210,262,279,133
E01001560,Enfield 035F,E02000311,Enfield 035,E09000010,Enfield,1695,350,386,333,397,229,823,175,215,152,180,101,872,175,171,181,217,128
E01001562,Enfield 037D,E02006793,Enfield 037,E09000010,Enfield,2287,577,419,607,496,188,1071,270,207,289,228,77,1216,307,212,318,268,111
E01001563,Enfield 029C,E02000305,Enfield 029,E09000010,Enfield,1695,342,289,445,422,197,892,185,176,222,209,100,803,157,113,223,213,97
E01001564,Enfield 022B,E02000298,Enfield 022,E09000010,Enfield,1672,341,235,378,468,250,799,160,118,179,237,105,873,181,117,199,231,145
E01001565,Enfield 029D,E02000305,Enfield 029,E09000010,Enfield,1812,309,238,419,517,329,876,177,127,187,241,144,936,132,111,232,276,185
E01001566,Enfield 029E,E02000305,Enfield 029,E09000010,Enfield,1605,266,217,418,448,256,824,126,114,224,231,129,781,140,103,194,217,127
E01001567,Enfield 022C,E02000298,Enfield 022,E09000010,Enfield,1570,302,180,261,495,332,785,169,82,134,255,145,785,133,98,127,240,187
E01001568,Enfield 022D,E02000298,Enfield 022,E09000010,Enfield,1464,245,207,239,430,343,752,164,101,128,211,148,712,81,106,111,219,195
E01001569,Enfield 022E,E02000298,Enfield 022,E09000010,Enfield,1989,379,295,523,490,302,995,204,155,277,241,118,994,175,140,246,249,184
E01001570,Enfield 026E,E02000302,Enfield 026,E09000010,Enfield,1938,480,282,478,465,233,966,263,158,227,232,86,972,217,124,251,233,147
E01001571,Greenwich 008A,E02000320,Greenwich 008,E09000011,Greenwich,1791,401,343,439,445,163,922,202,179,235,222,84,869,199,164,204,223,79
E01001572,Greenwich 008B,E02000320,Greenwich 008,E09000011,Greenwich,1933,453,307,486,487,200,967,219,164,240,258,86,966,234,143,246,229,114
E01001573,Greenwich 008C,E02000320,Greenwich 008,E09000011,Greenwich,1532,335,259,336,405,197,808,191,152,174,205,86,724,144,107,162,200,111
E01001574,Greenwich 008D,E02000320,Greenwich 008,E09000011,Greenwich,2073,566,329,472,487,219,1039,291,161,228,246,113,1034,275,168,244,241,106
E01001575,Greenwich 003A,E02000315,Greenwich 003,E09000011,Greenwich,1638,475,297,334,400,132,787,233,148,155,181,70,851,242,149,179,219,62
E01001576,Greenwich 003B,E02000315,Greenwich 003,E09000011,Greenwich,1839,529,273,375,451,211,912,281,146,166,223,96,927,248,127,209,228,115
E01001577,Greenwich 003C,E02000315,Greenwich 003,E09000011,Greenwich,2085,613,347,396,526,203,1038,330,193,175,271,69,1047,283,154,221,255,134
E01001578,Greenwich 003D,E02000315,Greenwich 003,E09000011,Greenwich,2378,579,362,679,580,178,1202,310,184,356,278,74,1176,269,178,323,302,104
E01001579,Greenwich 003E,E02000315,Greenwich 003,E09000011,Greenwich,1637,436,258,359,393,191,790,236,109,172,195,78,847,200,149,187,198,113
E01001580,Greenwich 021A,E02000333,Greenwich 021,E09000011,Greenwich,1725,274,289,541,358,263,880,124,142,300,176,138,845,150,147,241,182,125
E01001581,Greenwich 016A,E02000328,Greenwich 016,E09000011,Greenwich,1583,289,228,418,388,260,758,154,96,204,193,111,825,135,132,214,195,149
E01001582,Greenwich 021B,E02000333,Greenwich 021,E09000011,Greenwich,1527,356,197,372,347,255,724,174,93,182,178,97,803,182,104,190,169,158
E01001583,Greenwich 021C,E02000333,Greenwich 021,E09000011,Greenwich,1619,242,293,470,365,249,784,124,148,231,164,117,835,118,145,239,201,132
E01001584,Greenwich 021D,E02000333,Greenwich 021,E09000011,Greenwich,1547,285,172,407,387,296,751,137,73,212,195,134,796,148,99,195,192,162
E01001585,Greenwich 016B,E02000328,Greenwich 016,E09000011,Greenwich,1454,360,190,337,399,168,733,205,86,166,198,78,721,155,104,171,201,90
E01001586,Greenwich 016C,E02000328,Greenwich 016,E09000011,Greenwich,1382,251,177,319,316,319,625,116,90,154,134,131,757,135,87,165,182,188
E01001587,Greenwich 016D,E02000328,Greenwich 016,E09000011,Greenwich,2284,390,376,743,488,287,1221,207,194,417,259,144,1063,183,182,326,229,143
E01001588,Greenwich 012A,E02000324,Greenwich 012,E09000011,Greenwich,1678,323,262,353,396,344,847,156,136,178,222,155,831,167,126,175,174,189
E01001589,Greenwich 012B,E02000324,Greenwich 012,E09000011,Greenwich,1869,422,336,476,443,192,966,230,178,245,222,91,903,192,158,231,221,101
E01001590,Greenwich 014A,E02000326,Greenwich 014,E09000011,Greenwich,1826,349,348,510,436,183,927,178,178,254,225,92,899,171,170,256,211,91
E01001591,Greenwich 012C,E02000324,Greenwich 012,E09000011,Greenwich,2092,501,398,511,493,189,1008,240,208,237,234,89,1084,261,190,274,259,100
E01001592,Greenwich 014B,E02000326,Greenwich 014,E09000011,Greenwich,1830,434,234,523,468,171,866,205,107,268,215,71,964,229,127,255,253,100
E01001593,Greenwich 014C,E02000326,Greenwich 014,E09000011,Greenwich,1735,374,167,484,478,232,849,187,88,238,244,92,886,187,79,246,234,140
E01001594,Greenwich 014D,E02000326,Greenwich 014,E09000011,Greenwich,1989,478,378,491,447,195,964,227,190,248,204,95,1025,251,188,243,243,100
E01001595,Greenwich 012D,E02000324,Greenwich 012,E09000011,Greenwich,2222,639,350,490,522,221,1033,321,158,207,240,107,1189,318,192,283,282,114
E01001596,Greenwich 032A,E02000344,Greenwich 032,E09000011,Greenwich,1628,339,191,386,398,314,791,149,95,207,196,144,837,190,96,179,202,170
E01001597,Greenwich 031A,E02000343,Greenwich 031,E09000011,Greenwich,1570,309,241,286,434,300,811,154,151,126,235,145,759,155,90,160,199,155
E01001598,Greenwich 031B,E02000343,Greenwich 031,E09000011,Greenwich,1567,295,235,319,414,304,840,159,143,196,210,132,727,136,92,123,204,172
E01001599,Greenwich 032B,E02000344,Greenwich 032,E09000011,Greenwich,1780,414,276,394,427,269,891,225,158,180,206,122,889,189,118,214,221,147
E01001600,Greenwich 032C,E02000344,Greenwich 032,E09000011,Greenwich,1567,294,281,358,391,243,784,138,141,207,202,96,783,156,140,151,189,147
E01001601,Greenwich 032D,E02000344,Greenwich 032,E09000011,Greenwich,1509,279,209,305,390,326,793,158,102,165,212,156,716,121,107,140,178,170
E01001602,Greenwich 031C,E02000343,Greenwich 031,E09000011,Greenwich,2039,495,328,472,486,258,997,246,162,245,238,106,1042,249,166,227,248,152
E01001603,Greenwich 031D,E02000343,Greenwich 031,E09000011,Greenwich,1807,462,234,444,424,243,868,223,113,233,207,92,939,239,121,211,217,151
E01001604,Greenwich 027A,E02000339,Greenwich 027,E09000011,Greenwich,1529,314,201,346,416,252,783,176,110,183,206,108,746,138,91,163,210,144
E01001605,Greenwich 023A,E02000335,Greenwich 023,E09000011,Greenwich,1615,318,193,333,434,337,791,174,91,156,212,158,824,144,102,177,222,179
E01001606,Greenwich 023B,E02000335,Greenwich 023,E09000011,Greenwich,1701,369,242,375,473,242,847,183,121,207,218,118,854,186,121,168,255,124
E01001607,Greenwich 027B,E02000339,Greenwich 027,E09000011,Greenwich,1573,310,215,333,431,284,742,149,111,171,190,121,831,161,104,162,241,163
E01001608,Greenwich 027C,E02000339,Greenwich 027,E09000011,Greenwich,1452,311,200,220,410,311,724,165,98,117,218,126,728,146,102,103,192,185
E01001609,Greenwich 027D,E02000339,Greenwich 027,E09000011,Greenwich,1701,302,232,350,444,373,865,140,127,182,235,181,836,162,105,168,209,192
E01001610,Greenwich 023C,E02000335,Greenwich 023,E09000011,Greenwich,1763,390,201,447,443,282,883,207,101,241,217,117,880,183,100,206,226,165
E01001611,Greenwich 023D,E02000335,Greenwich 023,E09000011,Greenwich,1698,349,187,383,444,335,853,164,107,197,227,158,845,185,80,186,217,177
E01001613,Greenwich 028A,E02000340,Greenwich 028,E09000011,Greenwich,1781,357,281,447,364,332,874,187,138,235,177,137,907,170,143,212,187,195
E01001614,Greenwich 028B,E02000340,Greenwich 028,E09000011,Greenwich,1414,249,183,241,402,339,732,130,97,126,215,164,682,119,86,115,187,175
E01001615,Greenwich 028C,E02000340,Greenwich 028,E09000011,Greenwich,1862,319,363,531,372,277,942,178,174,281,191,118,920,141,189,250,181,159
E01001617,Greenwich 028D,E02000340,Greenwich 028,E09000011,Greenwich,1700,264,246,385,405,400,855,151,144,191,207,162,845,113,102,194,198,238
E01001618,Greenwich 030C,E02000342,Greenwich 030,E09000011,Greenwich,1861,403,275,405,466,312,917,205,140,188,239,145,944,198,135,217,227,167
E01001619,Greenwich 030D,E02000342,Greenwich 030,E09000011,Greenwich,1871,382,321,548,382,238,906,180,173,277,176,100,965,202,148,271,206,138
E01001620,Greenwich 025A,E02000337,Greenwich 025,E09000011,Greenwich,1571,395,287,319,373,197,787,201,150,159,170,107,784,194,137,160,203,90
E01001621,Greenwich 025B,E02000337,Greenwich 025,E09000011,Greenwich,1653,329,225,390,441,268,806,170,121,186,224,105,847,159,104,204,217,163
E01001623,Greenwich 025C,E02000337,Greenwich 025,E09000011,Greenwich,1819,416,302,454,470,177,912,202,164,237,230,79,907,214,138,217,240,98
E01001624,Greenwich 025D,E02000337,Greenwich 025,E09000011,Greenwich,1555,311,194,330,471,249,759,156,104,173,220,106,796,155,90,157,251,143
E01001625,Greenwich 025E,E02000337,Greenwich 025,E09000011,Greenwich,1658,390,256,362,390,260,785,204,134,169,160,118,873,186,122,193,230,142
E01001629,Greenwich 009A,E02000321,Greenwich 009,E09000011,Greenwich,2443,606,445,651,554,187,1233,294,228,367,270,74,1210,312,217,284,284,113
E01001631,Greenwich 007B,E02000319,Greenwich 007,E09000011,Greenwich,2248,653,408,586,475,126,1105,311,206,311,237,40,1143,342,202,275,238,86
E01001632,Greenwich 007C,E02000319,Greenwich 007,E09000011,Greenwich,2478,587,394,824,513,160,1288,264,182,489,288,65,1190,323,212,335,225,95
E01001633,Greenwich 009B,E02000321,Greenwich 009,E09000011,Greenwich,1649,396,262,406,447,138,822,200,138,202,227,55,827,196,124,204,220,83
E01001634,Greenwich 009C,E02000321,Greenwich 009,E09000011,Greenwich,1709,417,278,357,463,194,801,195,138,170,217,81,908,222,140,187,246,113
E01001635,Greenwich 007D,E02000319,Greenwich 007,E09000011,Greenwich,1592,289,296,509,376,122,845,151,178,279,190,47,747,138,118,230,186,75
E01001636,Greenwich 007E,E02000319,Greenwich 007,E09000011,Greenwich,1824,361,269,599,376,219,1009,171,162,373,198,105,815,190,107,226,178,114
E01001637,Greenwich 009D,E02000321,Greenwich 009,E09000011,Greenwich,1911,453,345,461,458,194,951,231,168,222,234,96,960,222,177,239,224,98
E01001638,Greenwich 038A,E02006931,Greenwich 038,E09000011,Greenwich,2074,466,435,522,437,214,1010,241,205,259,228,77,1064,225,230,263,209,137
E01001640,Greenwich 035A,E02006928,Greenwich 035,E09000011,Greenwich,3779,841,992,1169,591,186,1795,410,461,570,275,79,1984,431,531,599,316,107
E01001641,Greenwich 038B,E02006931,Greenwich 038,E09000011,Greenwich,1948,370,424,558,411,185,931,165,204,283,200,79,1017,205,220,275,211,106
E01001642,Greenwich 038C,E02006931,Greenwich 038,E09000011,Greenwich,1800,341,246,446,469,298,909,160,131,242,233,143,891,181,115,204,236,155
E01001644,Greenwich 038D,E02006931,Greenwich 038,E09000011,Greenwich,2553,408,620,878,483,164,1294,219,306,441,248,80,1259,189,314,437,235,84
E01001645,Greenwich 022A,E02000334,Greenwich 022,E09000011,Greenwich,1746,355,261,379,498,253,874,165,139,195,267,108,872,190,122,184,231,145
E01001646,Greenwich 019A,E02000331,Greenwich 019,E09000011,Greenwich,3067,706,667,919,592,183,1567,394,340,461,287,85,1500,312,327,458,305,98
E01001647,Greenwich 022B,E02000334,Greenwich 022,E09000011,Greenwich,1468,283,219,334,395,237,720,132,111,164,192,121,748,151,108,170,203,116
E01001648,Greenwich 022C,E02000334,Greenwich 022,E09000011,Greenwich,1783,361,274,483,444,221,931,176,134,277,226,118,852,185,140,206,218,103
E01001649,Greenwich 022D,E02000334,Greenwich 022,E09000011,Greenwich,1548,348,249,343,428,180,768,185,127,160,209,87,780,163,122,183,219,93
E01001650,Greenwich 019B,E02000331,Greenwich 019,E09000011,Greenwich,1805,423,291,406,448,237,910,213,167,214,214,102,895,210,124,192,234,135
E01001651,Greenwich 019C,E02000331,Greenwich 019,E09000011,Greenwich,1892,486,277,476,470,183,926,236,130,230,254,76,966,250,147,246,216,107
E01001652,Greenwich 019D,E02000331,Greenwich 019,E09000011,Greenwich,1633,281,276,412,388,276,816,140,142,212,181,141,817,141,134,200,207,135
E01001653,Greenwich 029A,E02000341,Greenwich 029,E09000011,Greenwich,1602,427,226,380,377,192,765,207,112,185,170,91,837,220,114,195,207,101
E01001654,Greenwich 029B,E02000341,Greenwich 029,E09000011,Greenwich,1702,402,245,414,420,221,837,194,108,221,204,110,865,208,137,193,216,111
E01001655,Greenwich 029C,E02000341,Greenwich 029,E09000011,Greenwich,1675,406,266,453,397,153,874,228,144,244,202,56,801,178,122,209,195,97
E01001656,Greenwich 034A,E02006927,Greenwich 034,E09000011,Greenwich,1431,335,148,338,375,235,707,174,70,205,165,93,724,161,78,133,210,142
E01001657,Greenwich 034B,E02006927,Greenwich 034,E09000011,Greenwich,1820,435,241,480,411,253,876,205,113,248,197,113,944,230,128,232,214,140
E01001658,Greenwich 034C,E02006927,Greenwich 034,E09000011,Greenwich,1747,412,243,424,391,277,841,204,106,213,190,128,906,208,137,211,201,149
E01001659,Greenwich 034D,E02006927,Greenwich 034,E09000011,Greenwich,1450,270,261,294,369,256,765,138,147,175,194,111,685,132,114,119,175,145
E01001660,Greenwich 029D,E02000341,Greenwich 029,E09000011,Greenwich,1620,379,264,364,419,194,754,191,135,174,180,74,866,188,129,190,239,120
E01001661,Greenwich 029E,E02000341,Greenwich 029,E09000011,Greenwich,1642,398,263,367,371,243,782,221,115,172,158,116,860,177,148,195,213,127
E01001662,Greenwich 037A,E02006930,Greenwich 037,E09000011,Greenwich,3382,703,714,1248,491,226,1659,376,366,616,228,73,1723,327,348,632,263,153
E01001664,Greenwich 037B,E02006930,Greenwich 037,E09000011,Greenwich,2032,370,388,630,432,212,1049,165,191,377,221,95,983,205,197,253,211,117
E01001665,Greenwich 037C,E02006930,Greenwich 037,E09000011,Greenwich,2079,403,528,615,381,152,1091,207,285,335,195,69,988,196,243,280,186,83
E01001666,Greenwich 036A,E02006929,Greenwich 036,E09000011,Greenwich,1495,250,309,529,274,133,761,116,171,283,131,60,734,134,138,246,143,73
E01001667,Greenwich 036B,E02006929,Greenwich 036,E09000011,Greenwich,3244,637,815,1012,554,226,1510,280,347,508,265,110,1734,357,468,504,289,116
E01001668,Greenwich 036C,E02006929,Greenwich 036,E09000011,Greenwich,3771,757,710,1212,787,305,1799,376,322,571,380,150,1972,381,388,641,407,155
E01001669,Greenwich 033A,E02006786,Greenwich 033,E09000011,Greenwich,2288,552,397,552,559,228,1118,259,210,261,260,128,1170,293,187,291,299,100
E01001671,Greenwich 033B,E02006786,Greenwich 033,E09000011,Greenwich,1671,435,225,395,420,196,821,230,113,198,202,78,850,205,112,197,218,118
E01001672,Greenwich 006A,E02000318,Greenwich 006,E09000011,Greenwich,1973,445,308,562,484,174,1049,240,159,319,253,78,924,205,149,243,231,96
E01001673,Greenwich 006B,E02000318,Greenwich 006,E09000011,Greenwich,2082,479,312,517,476,298,1154,253,173,303,267,158,928,226,139,214,209,140
E01001674,Greenwich 006C,E02000318,Greenwich 006,E09000011,Greenwich,2161,517,333,557,530,224,1089,257,159,307,277,89,1072,260,174,250,253,135
E01001675,Greenwich 006D,E02000318,Greenwich 006,E09000011,Greenwich,2004,370,315,541,552,226,1057,166,172,323,286,110,947,204,143,218,266,116
E01001676,Greenwich 033C,E02006786,Greenwich 033,E09000011,Greenwich,1899,489,330,447,460,173,995,243,173,244,262,73,904,246,157,203,198,100
E01001677,Greenwich 006E,E02000318,Greenwich 006,E09000011,Greenwich,2236,504,371,623,521,217,1159,248,185,357,264,105,1077,256,186,266,257,112
E01001678,Greenwich 017A,E02000329,Greenwich 017,E09000011,Greenwich,1830,430,301,411,447,241,915,217,181,187,213,117,915,213,120,224,234,124
E01001679,Greenwich 020A,E02000332,Greenwich 020,E09000011,Greenwich,1422,335,165,349,390,183,682,165,85,164,189,79,740,170,80,185,201,104
E01001680,Greenwich 020B,E02000332,Greenwich 020,E09000011,Greenwich,1576,303,195,290,457,331,814,153,103,155,247,156,762,150,92,135,210,175
E01001681,Greenwich 020C,E02000332,Greenwich 020,E09000011,Greenwich,1235,228,194,306,356,151,622,112,93,164,192,61,613,116,101,142,164,90
E01001682,Greenwich 020D,E02000332,Greenwich 020,E09000011,Greenwich,1429,304,195,295,399,236,698,162,97,126,200,113,731,142,98,169,199,123
E01001683,Greenwich 017B,E02000329,Greenwich 017,E09000011,Greenwich,1609,370,220,426,409,184,838,215,106,230,187,100,771,155,114,196,222,84
E01001684,Greenwich 017C,E02000329,Greenwich 017,E09000011,Greenwich,1433,292,191,320,403,227,705,170,84,163,187,101,728,122,107,157,216,126
E01001685,Greenwich 017D,E02000329,Greenwich 017,E09000011,Greenwich,1577,290,233,365,442,247,829,169,141,213,193,113,748,121,92,152,249,134
E01001686,Greenwich 020E,E02000332,Greenwich 020,E09000011,Greenwich,1881,428,305,499,495,154,975,232,160,255,254,74,906,196,145,244,241,80
E01001687,Greenwich 002A,E02000314,Greenwich 002,E09000011,Greenwich,1823,301,341,536,508,137,1196,138,270,384,334,70,627,163,71,152,174,67
E01001688,Greenwich 002B,E02000314,Greenwich 002,E09000011,Greenwich,2841,839,484,688,711,119,1382,421,233,318,354,56,1459,418,251,370,357,63
E01001690,Greenwich 001A,E02000313,Greenwich 001,E09000011,Greenwich,2129,491,366,506,558,208,1081,243,191,245,305,97,1048,248,175,261,253,111
E01001692,Greenwich 001B,E02000313,Greenwich 001,E09000011,Greenwich,1537,385,256,340,432,124,791,211,139,173,221,47,746,174,117,167,211,77
E01001693,Greenwich 001C,E02000313,Greenwich 001,E09000011,Greenwich,1815,505,287,418,497,108,948,265,139,215,278,51,867,240,148,203,219,57
E01001694,Greenwich 001D,E02000313,Greenwich 001,E09000011,Greenwich,1946,475,331,427,553,160,992,222,183,201,308,78,954,253,148,226,245,82
E01001695,Greenwich 011A,E02000323,Greenwich 011,E09000011,Greenwich,1536,328,300,369,384,155,817,168,163,195,211,80,719,160,137,174,173,75
E01001696,Greenwich 011B,E02000323,Greenwich 011,E09000011,Greenwich,1838,469,326,644,311,88,932,261,160,312,140,59,906,208,166,332,171,29
E01001697,Greenwich 011C,E02000323,Greenwich 011,E09000011,Greenwich,2445,570,475,707,549,144,1226,299,213,376,280,58,1219,271,262,331,269,86
E01001698,Greenwich 015A,E02000327,Greenwich 015,E09000011,Greenwich,1899,512,303,474,470,140,908,254,134,236,225,59,991,258,169,238,245,81
E01001699,Greenwich 015B,E02000327,Greenwich 015,E09000011,Greenwich,1739,340,584,474,294,47,1032,162,427,270,156,17,707,178,157,204,138,30
E01001700,Greenwich 011D,E02000323,Greenwich 011,E09000011,Greenwich,2050,518,326,661,382,163,1059,259,170,363,190,77,991,259,156,298,192,86
E01001701,Greenwich 015C,E02000327,Greenwich 015,E09000011,Greenwich,1922,529,301,597,367,128,992,273,149,299,192,79,930,256,152,298,175,49
E01001702,Greenwich 015D,E02000327,Greenwich 015,E09000011,Greenwich,1580,452,330,288,404,106,717,204,162,138,161,52,863,248,168,150,243,54
E01001703,Greenwich 011E,E02000323,Greenwich 011,E09000011,Greenwich,1955,559,367,485,425,119,952,277,162,234,225,54,1003,282,205,251,200,65
E01001704,Greenwich 011F,E02000323,Greenwich 011,E09000011,Greenwich,1696,354,250,383,455,254,834,211,112,184,223,104,862,143,138,199,232,150
E01001705,Greenwich 005A,E02000317,Greenwich 005,E09000011,Greenwich,2243,626,433,599,461,124,1137,332,211,286,247,61,1106,294,222,313,214,63
E01001706,Greenwich 005B,E02000317,Greenwich 005,E09000011,Greenwich,1260,277,221,300,363,99,625,139,99,165,173,49,635,138,122,135,190,50
E01001708,Greenwich 005C,E02000317,Greenwich 005,E09000011,Greenwich,1732,375,274,427,412,244,885,198,149,220,187,131,847,177,125,207,225,113
E01001709,Greenwich 004B,E02000316,Greenwich 004,E09000011,Greenwich,956,189,213,239,221,94,461,73,103,124,116,45,495,116,110,115,105,49
E01001710,Greenwich 005D,E02000317,Greenwich 005,E09000011,Greenwich,1819,545,297,386,460,131,934,308,139,186,237,64,885,237,158,200,223,67
E01001711,Greenwich 004C,E02000316,Greenwich 004,E09000011,Greenwich,1390,298,248,415,347,82,765,170,130,212,204,49,625,128,118,203,143,33
E01001712,Greenwich 004D,E02000316,Greenwich 004,E09000011,Greenwich,2203,610,355,681,412,145,1137,335,173,311,242,76,1066,275,182,370,170,69
E01001713,Greenwich 005E,E02000317,Greenwich 005,E09000011,Greenwich,876,217,160,181,204,114,443,109,91,97,103,43,433,108,69,84,101,71
E01001714,Hackney 002A,E02000346,Hackney 002,E09000012,Hackney,1762,348,337,540,384,153,883,168,176,253,203,83,879,180,161,287,181,70
E01001715,Hackney 007A,E02000351,Hackney 007,E09000012,Hackney,1460,153,320,684,223,80,726,69,157,342,113,45,734,84,163,342,110,35
E01001716,Hackney 007B,E02000351,Hackney 007,E09000012,Hackney,1796,334,474,542,317,129,905,183,223,289,138,72,891,151,251,253,179,57
E01001717,Hackney 007C,E02000351,Hackney 007,E09000012,Hackney,1228,199,276,318,307,128,580,97,127,166,132,58,648,102,149,152,175,70
E01001718,Hackney 007D,E02000351,Hackney 007,E09000012,Hackney,1921,198,554,764,304,101,1018,99,281,445,140,53,903,99,273,319,164,48
E01001719,Hackney 007E,E02000351,Hackney 007,E09000012,Hackney,1674,345,237,641,296,155,763,151,113,317,112,70,911,194,124,324,184,85
E01001720,Hackney 007F,E02000351,Hackney 007,E09000012,Hackney,1886,226,442,815,315,88,911,105,201,410,158,37,975,121,241,405,157,51
E01001722,Hackney 029A,E02006921,Hackney 029,E09000012,Hackney,2418,716,356,627,506,213,1149,315,170,304,262,98,1269,401,186,323,244,115
E01001723,Hackney 006A,E02000350,Hackney 006,E09000012,Hackney,2080,586,395,588,386,125,1059,312,186,330,179,52,1021,274,209,258,207,73
E01001724,Hackney 006B,E02000350,Hackney 006,E09000012,Hackney,2547,524,525,955,407,136,1282,265,256,498,200,63,1265,259,269,457,207,73
E01001725,Hackney 004A,E02000348,Hackney 004,E09000012,Hackney,1848,651,307,398,356,136,954,351,166,202,176,59,894,300,141,196,180,77
E01001726,Hackney 004B,E02000348,Hackney 004,E09000012,Hackney,1385,395,242,362,319,67,660,174,124,174,156,32,725,221,118,188,163,35
E01001727,Hackney 006C,E02000350,Hackney 006,E09000012,Hackney,1932,669,362,446,321,134,955,320,174,236,174,51,977,349,188,210,147,83
E01001728,Hackney 029B,E02006921,Hackney 029,E09000012,Hackney,2202,944,438,389,268,163,1065,480,200,178,127,80,1137,464,238,211,141,83
E01001729,Hackney 019A,E02000363,Hackney 019,E09000012,Hackney,2201,517,408,644,484,148,1086,265,177,324,235,85,1115,252,231,320,249,63
E01001730,Hackney 019B,E02000363,Hackney 019,E09000012,Hackney,2338,617,372,643,519,187,1209,345,181,307,279,97,1129,272,191,336,240,90
E01001731,Hackney 017A,E02000361,Hackney 017,E09000012,Hackney,3177,604,645,1164,600,164,1597,321,276,591,337,72,1580,283,369,573,263,92
E01001732,Hackney 019C,E02000363,Hackney 019,E09000012,Hackney,2110,573,334,599,459,145,1018,275,163,290,233,57,1092,298,171,309,226,88
E01001733,Hackney 015A,E02000359,Hackney 015,E09000012,Hackney,1853,364,334,696,329,130,899,199,140,350,169,41,954,165,194,346,160,89
E01001734,Hackney 017B,E02000361,Hackney 017,E09000012,Hackney,1958,311,384,682,403,178,931,146,176,343,193,73,1027,165,208,339,210,105
E01001735,Hackney 019D,E02000363,Hackney 019,E09000012,Hackney,1573,273,292,470,322,216,753,127,144,241,142,99,820,146,148,229,180,117
E01001736,Hackney 012A,E02000356,Hackney 012,E09000012,Hackney,1617,237,294,557,415,114,747,136,135,255,177,44,870,101,159,302,238,70
E01001737,Hackney 012B,E02000356,Hackney 012,E09000012,Hackney,1756,357,268,589,426,116,869,197,94,321,206,51,887,160,174,268,220,65
E01001738,Hackney 012C,E02000356,Hackney 012,E09000012,Hackney,1988,357,302,739,443,147,1050,197,124,414,229,86,938,160,178,325,214,61
E01001739,Hackney 012D,E02000356,Hackney 012,E09000012,Hackney,2040,318,343,724,452,203,989,164,173,366,208,78,1051,154,170,358,244,125
E01001740,Hackney 014A,E02000358,Hackney 014,E09000012,Hackney,1451,303,262,412,304,170,707,159,135,210,142,61,744,144,127,202,162,109
E01001741,Hackney 009A,E02000353,Hackney 009,E09000012,Hackney,1561,317,211,503,376,154,742,167,105,241,164,65,819,150,106,262,212,89
E01001742,Hackney 008A,E02000352,Hackney 008,E09000012,Hackney,1945,384,275,650,461,175,912,205,115,295,218,79,1033,179,160,355,243,96
E01001744,Hackney 021B,E02000365,Hackney 021,E09000012,Hackney,2120,371,383,738,422,206,1033,202,181,376,198,76,1087,169,202,362,224,130
E01001745,Hackney 016A,E02000360,Hackney 016,E09000012,Hackney,2261,438,443,748,507,125,1133,224,236,372,248,53,1128,214,207,376,259,72
E01001746,Hackney 016B,E02000360,Hackney 016,E09000012,Hackney,1644,472,263,381,413,115,772,237,130,168,179,58,872,235,133,213,234,57
E01001747,Hackney 014B,E02000358,Hackney 014,E09000012,Hackney,2556,325,598,1046,407,180,1311,172,271,567,221,80,1245,153,327,479,186,100
E01001748,Hackney 020A,E02000364,Hackney 020,E09000012,Hackney,3087,428,694,1249,516,200,1568,214,338,663,255,98,1519,214,356,586,261,102
E01001749,Hackney 020B,E02000364,Hackney 020,E09000012,Hackney,1497,207,262,606,305,117,739,108,125,307,147,52,758,99,137,299,158,65
E01001750,Hackney 021C,E02000365,Hackney 021,E09000012,Hackney,2342,395,435,914,442,156,1160,204,208,444,233,71,1182,191,227,470,209,85
E01001751,Hackney 021D,E02000365,Hackney 021,E09000012,Hackney,1759,235,281,706,362,175,925,120,145,395,183,82,834,115,136,311,179,93
E01001752,Hackney 025A,E02000369,Hackney 025,E09000012,Hackney,3066,455,566,1416,456,173,1646,261,271,844,204,66,1420,194,295,572,252,107
E01001753,Hackney 025B,E02000369,Hackney 025,E09000012,Hackney,1702,449,215,471,432,135,879,226,114,210,261,68,823,223,101,261,171,67
E01001754,Hackney 025C,E02000369,Hackney 025,E09000012,Hackney,3746,613,698,1582,630,223,2005,315,347,934,296,113,1741,298,351,648,334,110
E01001755,Hackney 025D,E02000369,Hackney 025,E09000012,Hackney,1765,367,375,553,345,125,854,180,191,285,147,51,911,187,184,268,198,74
E01001756,Hackney 021E,E02000365,Hackney 021,E09000012,Hackney,2309,270,487,993,377,182,1183,134,219,518,220,92,1126,136,268,475,157,90
E01001757,Hackney 016C,E02000360,Hackney 016,E09000012,Hackney,1790,464,299,386,447,194,816,239,140,176,178,83,974,225,159,210,269,111
E01001758,Hackney 016D,E02000360,Hackney 016,E09000012,Hackney,2577,623,425,846,470,213,1280,306,191,421,247,115,1297,317,234,425,223,98
E01001759,Hackney 016E,E02000360,Hackney 016,E09000012,Hackney,1933,308,392,628,376,229,947,158,215,296,154,124,986,150,177,332,222,105
E01001760,Hackney 017C,E02000361,Hackney 017,E09000012,Hackney,1980,273,445,687,398,177,949,138,179,363,183,86,1031,135,266,324,215,91
E01001761,Hackney 016F,E02000360,Hackney 016,E09000012,Hackney,1850,287,296,684,359,224,935,134,149,378,171,103,915,153,147,306,188,121
E01001762,Hackney 017D,E02000361,Hackney 017,E09000012,Hackney,2079,254,474,864,350,137,1016,113,237,430,164,72,1063,141,237,434,186,65
E01001763,Hackney 020C,E02000364,Hackney 020,E09000012,Hackney,2447,450,394,884,487,232,1220,231,217,421,248,103,1227,219,177,463,239,129
E01001764,Hackney 010A,E02000354,Hackney 010,E09000012,Hackney,2008,374,398,647,412,177,1046,193,198,357,212,86,962,181,200,290,200,91
E01001765,Hackney 010B,E02000354,Hackney 010,E09000012,Hackney,1875,408,309,511,425,222,960,203,151,291,214,101,915,205,158,220,211,121
E01001767,Hackney 010D,E02000354,Hackney 010,E09000012,Hackney,1749,361,286,590,369,143,862,179,140,287,181,75,887,182,146,303,188,68
E01001768,Hackney 006D,E02000350,Hackney 006,E09000012,Hackney,1932,325,368,735,334,170,950,180,169,384,150,67,982,145,199,351,184,103
E01001769,Hackney 006E,E02000350,Hackney 006,E09000012,Hackney,1593,243,299,570,384,97,755,112,140,300,154,49,838,131,159,270,230,48
E01001770,Hackney 010E,E02000354,Hackney 010,E09000012,Hackney,1906,384,332,590,428,172,965,196,168,304,218,79,941,188,164,286,210,93
E01001772,Hackney 024A,E02000368,Hackney 024,E09000012,Hackney,1475,301,252,457,326,139,713,165,139,215,138,56,762,136,113,242,188,83
E01001773,Hackney 025E,E02000369,Hackney 025,E09000012,Hackney,2731,504,494,1175,410,148,1385,281,223,631,173,77,1346,223,271,544,237,71
E01001774,Hackney 024B,E02000368,Hackney 024,E09000012,Hackney,2252,430,555,839,330,98,1096,232,251,415,142,56,1156,198,304,424,188,42
E01001775,Hackney 024C,E02000368,Hackney 024,E09000012,Hackney,1928,393,376,636,371,152,947,191,160,329,189,78,981,202,216,307,182,74
E01001776,Hackney 025F,E02000369,Hackney 025,E09000012,Hackney,1735,266,355,557,374,183,838,141,161,262,191,83,897,125,194,295,183,100
E01001777,Hackney 027B,E02000371,Hackney 027,E09000012,Hackney,2389,424,598,815,449,103,1207,211,256,450,262,28,1182,213,342,365,187,75
E01001779,Hackney 026A,E02000370,Hackney 026,E09000012,Hackney,3409,629,651,1292,714,123,1783,336,308,690,394,55,1626,293,343,602,320,68
E01001780,Hackney 027D,E02000371,Hackney 027,E09000012,Hackney,1900,313,376,618,413,180,1001,152,211,315,243,80,899,161,165,303,170,100
E01001781,Hackney 026B,E02000370,Hackney 026,E09000012,Hackney,1707,313,433,449,373,139,894,157,228,247,192,70,813,156,205,202,181,69
E01001782,Hackney 026C,E02000370,Hackney 026,E09000012,Hackney,3071,413,618,1237,579,224,1714,213,331,713,332,125,1357,200,287,524,247,99
E01001783,Hackney 026D,E02000370,Hackney 026,E09000012,Hackney,1917,416,413,548,405,135,977,207,208,287,215,60,940,209,205,261,190,75
E01001784,Hackney 027E,E02000371,Hackney 027,E09000012,Hackney,2505,358,831,774,371,171,1188,173,337,429,200,49,1317,185,494,345,171,122
E01001785,Hackney 015B,E02000359,Hackney 015,E09000012,Hackney,1572,306,253,497,345,171,715,158,108,234,137,78,857,148,145,263,208,93
E01001786,Hackney 013A,E02000357,Hackney 013,E09000012,Hackney,2118,596,344,565,411,202,988,282,188,257,179,82,1130,314,156,308,232,120
E01001787,Hackney 013B,E02000357,Hackney 013,E09000012,Hackney,1576,368,270,354,309,275,754,193,132,155,144,130,822,175,138,199,165,145
E01001788,Hackney 013C,E02000357,Hackney 013,E09000012,Hackney,1536,350,225,324,438,199,708,168,89,150,201,100,828,182,136,174,237,99
E01001789,Hackney 015C,E02000359,Hackney 015,E09000012,Hackney,1737,345,311,488,429,164,823,166,155,247,195,60,914,179,156,241,234,104
E01001790,Hackney 013D,E02000357,Hackney 013,E09000012,Hackney,1218,337,220,240,299,122,574,160,113,95,126,80,644,177,107,145,173,42
E01001791,Hackney 015D,E02000359,Hackney 015,E09000012,Hackney,1482,319,310,381,339,133,700,167,158,185,139,51,782,152,152,196,200,82
E01001792,Hackney 011A,E02000355,Hackney 011,E09000012,Hackney,2043,406,327,666,441,203,948,195,146,317,199,91,1095,211,181,349,242,112
E01001793,Hackney 011B,E02000355,Hackney 011,E09000012,Hackney,1790,307,311,601,390,181,877,130,136,335,190,86,913,177,175,266,200,95
E01001794,Hackney 011C,E02000355,Hackney 011,E09000012,Hackney,2013,300,370,645,425,273,966,142,167,344,210,103,1047,158,203,301,215,170
E01001795,Hackney 011D,E02000355,Hackney 011,E09000012,Hackney,1450,245,255,538,305,107,713,108,107,291,155,52,737,137,148,247,150,55
E01001796,Hackney 011E,E02000355,Hackney 011,E09000012,Hackney,1872,343,303,653,453,120,1052,192,140,403,259,58,820,151,163,250,194,62
E01001798,Hackney 028A,E02006918,Hackney 028,E09000012,Hackney,1858,469,310,491,411,177,910,225,143,251,213,78,948,244,167,240,198,99
E01001799,Hackney 003A,E02000347,Hackney 003,E09000012,Hackney,1779,696,344,356,253,130,910,364,184,187,119,56,869,332,160,169,134,74
E01001800,Hackney 004C,E02000348,Hackney 004,E09000012,Hackney,1976,738,338,401,335,164,949,373,160,165,148,103,1027,365,178,236,187,61
E01001801,Hackney 008B,E02000352,Hackney 008,E09000012,Hackney,1605,446,272,361,319,207,820,232,147,198,161,82,785,214,125,163,158,125
E01001802,Hackney 003B,E02000347,Hackney 003,E09000012,Hackney,1353,369,226,298,262,198,628,182,101,142,141,62,725,187,125,156,121,136
E01001803,Hackney 008C,E02000352,Hackney 008,E09000012,Hackney,1993,516,313,577,399,188,949,271,149,263,185,81,1044,245,164,314,214,107
E01001804,Hackney 003C,E02000347,Hackney 003,E09000012,Hackney,1657,608,286,352,235,176,799,328,133,168,109,61,858,280,153,184,126,115
E01001805,Hackney 009B,E02000353,Hackney 009,E09000012,Hackney,1271,254,219,414,267,117,593,102,107,193,131,60,678,152,112,221,136,57
E01001806,Hackney 008D,E02000352,Hackney 008,E09000012,Hackney,1542,265,249,487,363,178,715,137,101,248,161,68,827,128,148,239,202,110
E01001807,Hackney 003D,E02000347,Hackney 003,E09000012,Hackney,2048,620,370,524,396,138,1036,302,185,277,202,70,1012,318,185,247,194,68
E01001808,Hackney 001A,E02000345,Hackney 001,E09000012,Hackney,2194,889,423,438,303,141,1114,434,208,245,149,78,1080,455,215,193,154,63
E01001809,Hackney 001B,E02000345,Hackney 001,E09000012,Hackney,2278,869,389,470,340,210,1143,447,188,235,165,108,1135,422,201,235,175,102
E01001811,Hackney 002D,E02000346,Hackney 002,E09000012,Hackney,1576,460,260,420,287,149,763,219,126,189,156,73,813,241,134,231,131,76
E01001812,Hackney 003E,E02000347,Hackney 003,E09000012,Hackney,2042,783,366,396,344,153,1014,371,188,192,186,77,1028,412,178,204,158,76
E01001813,Hackney 002E,E02000346,Hackney 002,E09000012,Hackney,1670,390,297,424,379,180,766,177,143,190,173,83,904,213,154,234,206,97
E01001814,Hackney 001C,E02000345,Hackney 001,E09000012,Hackney,1631,562,291,375,293,110,898,301,165,213,165,54,733,261,126,162,128,56
E01001815,Hackney 024D,E02000368,Hackney 024,E09000012,Hackney,1939,397,304,571,456,211,937,176,157,312,208,84,1002,221,147,259,248,127
E01001816,Hackney 020D,E02000364,Hackney 020,E09000012,Hackney,1655,313,267,510,348,217,791,150,124,267,143,107,864,163,143,243,205,110
E01001819,Hackney 020E,E02000364,Hackney 020,E09000012,Hackney,1740,261,226,471,453,329,848,142,114,222,206,164,892,119,112,249,247,165
E01001820,Hackney 024E,E02000368,Hackney 024,E09000012,Hackney,1491,243,301,414,376,157,731,126,156,223,156,70,760,117,145,191,220,87
E01001821,Hackney 024F,E02000368,Hackney 024,E09000012,Hackney,1456,257,275,430,328,166,724,123,134,216,170,81,732,134,141,214,158,85
E01001822,Hackney 029C,E02006921,Hackney 029,E09000012,Hackney,1794,521,307,413,391,162,920,283,150,211,180,96,874,238,157,202,211,66
E01001823,Hackney 001D,E02000345,Hackney 001,E09000012,Hackney,2034,714,336,506,315,163,1047,355,191,252,154,95,987,359,145,254,161,68
E01001824,Hackney 004D,E02000348,Hackney 004,E09000012,Hackney,2004,808,276,419,325,176,1015,429,137,205,166,78,989,379,139,214,159,98
E01001825,Hackney 001E,E02000345,Hackney 001,E09000012,Hackney,1535,598,277,253,252,155,791,300,158,133,139,61,744,298,119,120,113,94
E01001826,Hackney 004E,E02000348,Hackney 004,E09000012,Hackney,1856,773,338,356,289,100,955,381,195,193,149,37,901,392,143,163,140,63
E01001827,Hackney 029D,E02006921,Hackney 029,E09000012,Hackney,2232,745,358,502,432,195,1137,397,192,261,198,89,1095,348,166,241,234,106
E01001828,Hackney 028B,E02006918,Hackney 028,E09000012,Hackney,2266,653,341,574,491,207,1034,294,165,281,205,89,1232,359,176,293,286,118
E01001829,Hackney 009C,E02000353,Hackney 009,E09000012,Hackney,1812,396,270,552,388,206,843,193,121,284,179,66,969,203,149,268,209,140
E01001830,Hackney 014C,E02000358,Hackney 014,E09000012,Hackney,2063,285,322,766,476,214,1078,153,165,429,243,88,985,132,157,337,233,126
E01001831,Hackney 009D,E02000353,Hackney 009,E09000012,Hackney,1660,199,302,627,354,178,859,115,135,358,176,75,801,84,167,269,178,103
E01001832,Hackney 009E,E02000353,Hackney 009,E09000012,Hackney,1729,219,395,601,384,130,818,110,162,319,169,58,911,109,233,282,215,72
E01001833,Hackney 014D,E02000358,Hackney 014,E09000012,Hackney,2542,487,429,936,518,172,1248,258,211,449,258,72,1294,229,218,487,260,100
E01001834,Hackney 014E,E02000358,Hackney 014,E09000012,Hackney,2016,317,346,841,375,137,998,142,169,447,175,65,1018,175,177,394,200,72
E01001835,Hackney 014F,E02000358,Hackney 014,E09000012,Hackney,1242,160,242,437,306,97,638,92,119,240,145,42,604,68,123,197,161,55
E01001836,Hackney 022A,E02000366,Hackney 022,E09000012,Hackney,2181,433,333,700,519,196,1116,213,150,394,274,85,1065,220,183,306,245,111
E01001837,Hackney 023B,E02000367,Hackney 023,E09000012,Hackney,1583,279,215,593,368,128,780,156,84,320,176,44,803,123,131,273,192,84
E01001838,Hackney 019E,E02000363,Hackney 019,E09000012,Hackney,1734,447,272,448,401,166,883,237,143,223,190,90,851,210,129,225,211,76
E01001839,Hackney 023C,E02000367,Hackney 023,E09000012,Hackney,2896,392,694,1255,472,83,1456,197,306,664,255,34,1440,195,388,591,217,49
E01001840,Hackney 022B,E02000366,Hackney 022,E09000012,Hackney,1722,419,245,457,410,191,831,213,117,220,196,85,891,206,128,237,214,106
E01001841,Hackney 022C,E02000366,Hackney 022,E09000012,Hackney,1592,290,233,434,425,210,780,153,124,219,207,77,812,137,109,215,218,133
E01001842,Hackney 023D,E02000367,Hackney 023,E09000012,Hackney,1547,324,229,493,390,111,767,167,112,250,197,41,780,157,117,243,193,70
E01001843,Hackney 023E,E02000367,Hackney 023,E09000012,Hackney,1330,284,192,367,357,130,625,142,96,180,157,50,705,142,96,187,200,80
E01001844,Hackney 022D,E02000366,Hackney 022,E09000012,Hackney,2208,424,520,674,420,170,1117,228,266,333,197,93,1091,196,254,341,223,77
E01001845,Hackney 022E,E02000366,Hackney 022,E09000012,Hackney,1563,335,272,355,418,183,769,190,139,157,198,85,794,145,133,198,220,98
E01001846,Hackney 018A,E02000362,Hackney 018,E09000012,Hackney,1332,238,193,329,361,211,641,143,97,169,153,79,691,95,96,160,208,132
E01001847,Hackney 018B,E02000362,Hackney 018,E09000012,Hackney,1514,309,308,457,333,107,775,162,160,229,168,56,739,147,148,228,165,51
E01001848,Hackney 018C,E02000362,Hackney 018,E09000012,Hackney,1802,402,318,519,384,179,900,197,179,259,189,76,902,205,139,260,195,103
E01001849,Hackney 018D,E02000362,Hackney 018,E09000012,Hackney,2818,463,628,1125,511,91,1505,254,303,659,243,46,1313,209,325,466,268,45
E01001850,Hackney 019F,E02000363,Hackney 019,E09000012,Hackney,1739,455,325,418,393,148,796,207,153,169,196,71,943,248,172,249,197,77
E01001851,Hammersmith and Fulham 010A,E02000381,Hammersmith and Fulham 010,E09000013,Hammersmith and Fulham,1572,373,251,336,444,168,775,174,125,167,227,82,797,199,126,169,217,86
E01001852,Hammersmith and Fulham 007A,E02000378,Hammersmith and Fulham 007,E09000013,Hammersmith and Fulham,1704,214,356,584,367,183,870,101,173,346,176,74,834,113,183,238,191,109
E01001853,Hammersmith and Fulham 007B,E02000378,Hammersmith and Fulham 007,E09000013,Hammersmith and Fulham,1446,304,257,362,404,119,687,141,113,186,198,49,759,163,144,176,206,70
E01001854,Hammersmith and Fulham 007C,E02000378,Hammersmith and Fulham 007,E09000013,Hammersmith and Fulham,1745,254,359,543,385,204,879,124,168,300,184,103,866,130,191,243,201,101
E01001855,Hammersmith and Fulham 010B,E02000381,Hammersmith and Fulham 010,E09000013,Hammersmith and Fulham,1580,261,288,496,391,144,728,122,152,233,170,51,852,139,136,263,221,93
E01001856,Hammersmith and Fulham 010C,E02000381,Hammersmith and Fulham 010,E09000013,Hammersmith and Fulham,1571,339,303,365,422,142,811,168,167,204,201,71,760,171,136,161,221,71
E01001857,Hammersmith and Fulham 007D,E02000378,Hammersmith and Fulham 007,E09000013,Hammersmith and Fulham,1419,254,274,335,375,181,724,129,132,178,207,78,695,125,142,157,168,103
E01001858,Hammersmith and Fulham 006A,E02000377,Hammersmith and Fulham 006,E09000013,Hammersmith and Fulham,1883,274,574,456,369,210,933,140,293,266,149,85,950,134,281,190,220,125
E01001859,Hammersmith and Fulham 008A,E02000379,Hammersmith and Fulham 008,E09000013,Hammersmith and Fulham,2679,696,458,749,608,168,1209,348,203,334,268,56,1470,348,255,415,340,112
E01001860,Hammersmith and Fulham 006B,E02000377,Hammersmith and Fulham 006,E09000013,Hammersmith and Fulham,1825,335,347,505,482,156,959,159,188,283,265,64,866,176,159,222,217,92
E01001861,Hammersmith and Fulham 006C,E02000377,Hammersmith and Fulham 006,E09000013,Hammersmith and Fulham,1425,312,262,353,324,174,664,161,100,176,141,86,761,151,162,177,183,88
E01001862,Hammersmith and Fulham 005A,E02000376,Hammersmith and Fulham 005,E09000013,Hammersmith and Fulham,1861,357,385,485,458,176,976,211,199,276,225,65,885,146,186,209,233,111
E01001863,Hammersmith and Fulham 006D,E02000377,Hammersmith and Fulham 006,E09000013,Hammersmith and Fulham,1512,278,324,343,396,171,734,156,151,175,184,68,778,122,173,168,212,103
E01001864,Hammersmith and Fulham 006E,E02000377,Hammersmith and Fulham 006,E09000013,Hammersmith and Fulham,1477,301,253,395,350,178,730,132,118,210,182,88,747,169,135,185,168,90
E01001865,Hammersmith and Fulham 008B,E02000379,Hammersmith and Fulham 008,E09000013,Hammersmith and Fulham,1781,376,343,491,403,168,916,179,167,276,237,57,865,197,176,215,166,111
E01001866,Hammersmith and Fulham 012A,E02000383,Hammersmith and Fulham 012,E09000013,Hammersmith and Fulham,1530,207,337,397,366,223,736,111,158,213,160,94,794,96,179,184,206,129
E01001867,Hammersmith and Fulham 012B,E02000383,Hammersmith and Fulham 012,E09000013,Hammersmith and Fulham,1293,171,307,277,257,281,586,68,156,139,135,88,707,103,151,138,122,193
E01001868,Hammersmith and Fulham 012C,E02000383,Hammersmith and Fulham 012,E09000013,Hammersmith and Fulham,1177,171,241,262,327,176,562,95,120,136,150,61,615,76,121,126,177,115
E01001869,Hammersmith and Fulham 010D,E02000381,Hammersmith and Fulham 010,E09000013,Hammersmith and Fulham,1763,330,555,296,359,223,890,169,283,151,195,92,873,161,272,145,164,131
E01001870,Hammersmith and Fulham 012D,E02000383,Hammersmith and Fulham 012,E09000013,Hammersmith and Fulham,1724,138,525,561,352,148,916,79,280,308,190,59,808,59,245,253,162,89
E01001871,Hammersmith and Fulham 012E,E02000383,Hammersmith and Fulham 012,E09000013,Hammersmith and Fulham,1617,184,373,388,430,242,861,101,214,212,234,100,756,83,159,176,196,142
E01001872,Hammersmith and Fulham 012F,E02000383,Hammersmith and Fulham 012,E09000013,Hammersmith and Fulham,1444,180,391,388,330,155,731,82,228,198,156,67,713,98,163,190,174,88
E01001873,Hammersmith and Fulham 010E,E02000381,Hammersmith and Fulham 010,E09000013,Hammersmith and Fulham,1422,289,266,335,365,167,702,160,137,157,169,79,720,129,129,178,196,88
E01001874,Hammersmith and Fulham 001A,E02000372,Hammersmith and Fulham 001,E09000013,Hammersmith and Fulham,2710,284,1080,598,526,222,1283,142,558,327,213,43,1427,142,522,271,313,179
E01001875,Hammersmith and Fulham 001B,E02000372,Hammersmith and Fulham 001,E09000013,Hammersmith and Fulham,1720,358,352,359,424,227,820,182,161,183,183,111,900,176,191,176,241,116
E01001876,Hammersmith and Fulham 001C,E02000372,Hammersmith and Fulham 001,E09000013,Hammersmith and Fulham,2267,508,443,632,506,178,1109,250,232,338,219,70,1158,258,211,294,287,108
E01001877,Hammersmith and Fulham 001D,E02000372,Hammersmith and Fulham 001,E09000013,Hammersmith and Fulham,1310,250,202,340,395,123,581,115,100,164,155,47,729,135,102,176,240,76
E01001878,Hammersmith and Fulham 001E,E02000372,Hammersmith and Fulham 001,E09000013,Hammersmith and Fulham,1577,370,314,308,377,208,750,207,149,146,158,90,827,163,165,162,219,118
E01001879,Hammersmith and Fulham 019A,E02000390,Hammersmith and Fulham 019,E09000013,Hammersmith and Fulham,1435,245,329,371,339,151,728,128,169,208,159,64,707,117,160,163,180,87
E01001880,Hammersmith and Fulham 017A,E02000388,Hammersmith and Fulham 017,E09000013,Hammersmith and Fulham,1518,242,269,410,379,218,755,122,114,229,191,99,763,120,155,181,188,119
E01001881,Hammersmith and Fulham 017B,E02000388,Hammersmith and Fulham 017,E09000013,Hammersmith and Fulham,1860,356,436,530,351,187,898,198,211,271,136,82,962,158,225,259,215,105
E01001882,Hammersmith and Fulham 017C,E02000388,Hammersmith and Fulham 017,E09000013,Hammersmith and Fulham,1721,297,432,526,331,135,884,160,200,288,168,68,837,137,232,238,163,67
E01001883,Hammersmith and Fulham 017D,E02000388,Hammersmith and Fulham 017,E09000013,Hammersmith and Fulham,1696,298,389,469,321,219,842,156,210,218,145,113,854,142,179,251,176,106
E01001884,Hammersmith and Fulham 017E,E02000388,Hammersmith and Fulham 017,E09000013,Hammersmith and Fulham,1857,229,455,475,432,266,937,104,223,273,218,119,920,125,232,202,214,147
E01001885,Hammersmith and Fulham 015A,E02000386,Hammersmith and Fulham 015,E09000013,Hammersmith and Fulham,1199,246,196,220,345,192,551,131,106,106,131,77,648,115,90,114,214,115
E01001886,Hammersmith and Fulham 016A,E02000387,Hammersmith and Fulham 016,E09000013,Hammersmith and Fulham,1396,222,327,365,324,158,649,100,176,181,125,67,747,122,151,184,199,91
E01001887,Hammersmith and Fulham 016B,E02000387,Hammersmith and Fulham 016,E09000013,Hammersmith and Fulham,1434,198,360,338,314,224,755,90,205,190,158,112,679,108,155,148,156,112
E01001888,Hammersmith and Fulham 018A,E02000389,Hammersmith and Fulham 018,E09000013,Hammersmith and Fulham,1580,259,362,389,355,215,828,128,207,208,180,105,752,131,155,181,175,110
E01001889,Hammersmith and Fulham 014A,E02000385,Hammersmith and Fulham 014,E09000013,Hammersmith and Fulham,1342,185,374,341,305,137,706,87,201,208,154,56,636,98,173,133,151,81
E01001890,Hammersmith and Fulham 016C,E02000387,Hammersmith and Fulham 016,E09000013,Hammersmith and Fulham,1828,235,532,531,411,119,956,130,298,290,195,43,872,105,234,241,216,76
E01001891,Hammersmith and Fulham 018B,E02000389,Hammersmith and Fulham 018,E09000013,Hammersmith and Fulham,2397,346,745,625,452,229,1225,168,396,353,221,87,1172,178,349,272,231,142
E01001892,Hammersmith and Fulham 016D,E02000387,Hammersmith and Fulham 016,E09000013,Hammersmith and Fulham,1298,257,323,331,269,118,651,113,187,172,131,48,647,144,136,159,138,70
E01001893,Hammersmith and Fulham 013A,E02000384,Hammersmith and Fulham 013,E09000013,Hammersmith and Fulham,1283,236,266,307,328,146,613,127,131,143,149,63,670,109,135,164,179,83
E01001894,Hammersmith and Fulham 013B,E02000384,Hammersmith and Fulham 013,E09000013,Hammersmith and Fulham,1295,152,296,340,360,147,654,83,149,192,172,58,641,69,147,148,188,89
E01001895,Hammersmith and Fulham 009A,E02000380,Hammersmith and Fulham 009,E09000013,Hammersmith and Fulham,1420,317,266,309,386,142,727,172,146,162,181,66,693,145,120,147,205,76
E01001896,Hammersmith and Fulham 009B,E02000380,Hammersmith and Fulham 009,E09000013,Hammersmith and Fulham,1596,277,402,373,340,204,873,128,288,207,158,92,723,149,114,166,182,112
E01001897,Hammersmith and Fulham 009C,E02000380,Hammersmith and Fulham 009,E09000013,Hammersmith and Fulham,1353,303,212,274,421,143,700,159,117,161,201,62,653,144,95,113,220,81
E01001898,Hammersmith and Fulham 013C,E02000384,Hammersmith and Fulham 013,E09000013,Hammersmith and Fulham,1721,292,319,534,371,205,921,150,167,311,197,96,800,142,152,223,174,109
E01001899,Hammersmith and Fulham 013D,E02000384,Hammersmith and Fulham 013,E09000013,Hammersmith and Fulham,1459,256,256,383,347,217,680,133,112,187,171,77,779,123,144,196,176,140
E01001900,Hammersmith and Fulham 013E,E02000384,Hammersmith and Fulham 013,E09000013,Hammersmith and Fulham,1646,309,359,383,385,210,841,173,178,211,194,85,805,136,181,172,191,125
E01001901,Hammersmith and Fulham 019B,E02000390,Hammersmith and Fulham 019,E09000013,Hammersmith and Fulham,1698,372,325,416,433,152,841,199,142,216,217,67,857,173,183,200,216,85
E01001902,Hammersmith and Fulham 019C,E02000390,Hammersmith and Fulham 019,E09000013,Hammersmith and Fulham,1616,254,432,471,297,162,789,133,187,249,153,67,827,121,245,222,144,95
E01001903,Hammersmith and Fulham 019D,E02000390,Hammersmith and Fulham 019,E09000013,Hammersmith and Fulham,1418,272,323,377,307,139,730,130,191,207,132,70,688,142,132,170,175,69
E01001904,Hammersmith and Fulham 022A,E02000393,Hammersmith and Fulham 022,E09000013,Hammersmith and Fulham,1567,306,308,470,338,145,799,143,150,256,184,66,768,163,158,214,154,79
E01001905,Hammersmith and Fulham 022B,E02000393,Hammersmith and Fulham 022,E09000013,Hammersmith and Fulham,1681,346,352,420,355,208,800,171,162,221,161,85,881,175,190,199,194,123
E01001906,Hammersmith and Fulham 022C,E02000393,Hammersmith and Fulham 022,E09000013,Hammersmith and Fulham,1397,230,311,410,320,126,651,109,133,213,152,44,746,121,178,197,168,82
E01001907,Hammersmith and Fulham 022D,E02000393,Hammersmith and Fulham 022,E09000013,Hammersmith and Fulham,1225,268,184,314,311,148,578,145,72,159,144,58,647,123,112,155,167,90
E01001908,Hammersmith and Fulham 015B,E02000386,Hammersmith and Fulham 015,E09000013,Hammersmith and Fulham,1560,154,414,528,329,135,838,80,218,306,169,65,722,74,196,222,160,70
E01001909,Hammersmith and Fulham 015C,E02000386,Hammersmith and Fulham 015,E09000013,Hammersmith and Fulham,1841,208,521,472,441,199,912,106,273,256,198,79,929,102,248,216,243,120
E01001910,Hammersmith and Fulham 014B,E02000385,Hammersmith and Fulham 014,E09000013,Hammersmith and Fulham,1366,140,320,475,285,146,747,69,160,278,158,82,619,71,160,197,127,64
E01001911,Hammersmith and Fulham 015D,E02000386,Hammersmith and Fulham 015,E09000013,Hammersmith and Fulham,1729,389,379,376,430,155,786,180,189,167,192,58,943,209,190,209,238,97
E01001912,Hammersmith and Fulham 015E,E02000386,Hammersmith and Fulham 015,E09000013,Hammersmith and Fulham,1555,377,378,338,320,142,809,195,229,176,146,63,746,182,149,162,174,79
E01001913,Hammersmith and Fulham 014C,E02000385,Hammersmith and Fulham 014,E09000013,Hammersmith and Fulham,1368,143,465,443,220,97,733,87,240,247,127,32,635,56,225,196,93,65
E01001914,Hammersmith and Fulham 014D,E02000385,Hammersmith and Fulham 014,E09000013,Hammersmith and Fulham,1681,130,502,610,328,111,893,84,226,341,181,61,788,46,276,269,147,50
E01001915,Hammersmith and Fulham 024A,E02000395,Hammersmith and Fulham 024,E09000013,Hammersmith and Fulham,1652,383,306,342,410,211,791,207,124,157,203,100,861,176,182,185,207,111
E01001916,Hammersmith and Fulham 024B,E02000395,Hammersmith and Fulham 024,E09000013,Hammersmith and Fulham,1470,201,191,251,401,426,686,96,92,139,182,177,784,105,99,112,219,249
E01001917,Hammersmith and Fulham 018C,E02000389,Hammersmith and Fulham 018,E09000013,Hammersmith and Fulham,1416,234,249,287,380,266,698,119,120,148,197,114,718,115,129,139,183,152
E01001918,Hammersmith and Fulham 018D,E02000389,Hammersmith and Fulham 018,E09000013,Hammersmith and Fulham,1488,324,256,348,404,156,677,158,104,170,192,53,811,166,152,178,212,103
E01001919,Hammersmith and Fulham 018E,E02000389,Hammersmith and Fulham 018,E09000013,Hammersmith and Fulham,1538,341,235,292,413,257,713,149,110,149,188,117,825,192,125,143,225,140
E01001920,Hammersmith and Fulham 020A,E02000391,Hammersmith and Fulham 020,E09000013,Hammersmith and Fulham,1405,205,269,341,356,234,797,131,143,211,204,108,608,74,126,130,152,126
E01001921,Hammersmith and Fulham 020B,E02000391,Hammersmith and Fulham 020,E09000013,Hammersmith and Fulham,1530,279,286,421,368,176,823,157,157,246,183,80,707,122,129,175,185,96
E01001922,Hammersmith and Fulham 020C,E02000391,Hammersmith and Fulham 020,E09000013,Hammersmith and Fulham,1714,399,293,345,493,184,847,194,147,164,256,86,867,205,146,181,237,98
E01001923,Hammersmith and Fulham 020D,E02000391,Hammersmith and Fulham 020,E09000013,Hammersmith and Fulham,1580,276,309,388,385,222,774,152,157,215,157,93,806,124,152,173,228,129
E01001924,Hammersmith and Fulham 020E,E02000391,Hammersmith and Fulham 020,E09000013,Hammersmith and Fulham,1820,395,399,414,472,140,895,208,188,206,233,60,925,187,211,208,239,80
E01001925,Hammersmith and Fulham 025A,E02000396,Hammersmith and Fulham 025,E09000013,Hammersmith and Fulham,1755,453,298,314,491,199,873,241,148,160,230,94,882,212,150,154,261,105
E01001926,Hammersmith and Fulham 024C,E02000395,Hammersmith and Fulham 024,E09000013,Hammersmith and Fulham,1524,346,266,353,342,217,779,177,138,168,188,108,745,169,128,185,154,109
E01001927,Hammersmith and Fulham 008C,E02000379,Hammersmith and Fulham 008,E09000013,Hammersmith and Fulham,1439,309,228,217,409,276,751,171,126,124,206,124,688,138,102,93,203,152
E01001928,Hammersmith and Fulham 011A,E02000382,Hammersmith and Fulham 011,E09000013,Hammersmith and Fulham,1652,348,313,350,433,208,781,167,144,186,204,80,871,181,169,164,229,128
E01001929,Hammersmith and Fulham 009D,E02000380,Hammersmith and Fulham 009,E09000013,Hammersmith and Fulham,1272,312,156,304,325,175,631,155,80,163,164,69,641,157,76,141,161,106
E01001930,Hammersmith and Fulham 008D,E02000379,Hammersmith and Fulham 008,E09000013,Hammersmith and Fulham,1843,298,255,341,486,463,884,146,108,181,246,203,959,152,147,160,240,260
E01001931,Hammersmith and Fulham 011B,E02000382,Hammersmith and Fulham 011,E09000013,Hammersmith and Fulham,1286,230,231,375,362,88,626,111,129,185,166,35,660,119,102,190,196,53
E01001932,Hammersmith and Fulham 011C,E02000382,Hammersmith and Fulham 011,E09000013,Hammersmith and Fulham,1601,236,348,521,344,152,887,145,201,295,175,71,714,91,147,226,169,81
E01001933,Hammersmith and Fulham 011D,E02000382,Hammersmith and Fulham 011,E09000013,Hammersmith and Fulham,1322,233,214,304,383,188,659,137,100,152,189,81,663,96,114,152,194,107
E01001934,Hammersmith and Fulham 025B,E02000396,Hammersmith and Fulham 025,E09000013,Hammersmith and Fulham,1849,427,308,384,500,230,877,209,162,179,228,99,972,218,146,205,272,131
E01001935,Hammersmith and Fulham 023A,E02000394,Hammersmith and Fulham 023,E09000013,Hammersmith and Fulham,2029,409,445,552,402,221,975,212,188,305,182,88,1054,197,257,247,220,133
E01001937,Hammersmith and Fulham 025C,E02000396,Hammersmith and Fulham 025,E09000013,Hammersmith and Fulham,1906,408,388,450,442,218,962,216,191,238,238,79,944,192,197,212,204,139
E01001938,Hammersmith and Fulham 025D,E02000396,Hammersmith and Fulham 025,E09000013,Hammersmith and Fulham,1572,373,300,325,398,176,765,200,167,147,163,88,807,173,133,178,235,88
E01001939,Hammersmith and Fulham 023C,E02000394,Hammersmith and Fulham 023,E09000013,Hammersmith and Fulham,3009,512,678,736,698,385,1477,269,332,352,349,175,1532,243,346,384,349,210
E01001940,Hammersmith and Fulham 005B,E02000376,Hammersmith and Fulham 005,E09000013,Hammersmith and Fulham,1474,237,301,381,338,217,736,119,158,194,172,93,738,118,143,187,166,124
E01001941,Hammersmith and Fulham 005C,E02000376,Hammersmith and Fulham 005,E09000013,Hammersmith and Fulham,1697,201,437,604,368,87,906,89,225,357,199,36,791,112,212,247,169,51
E01001942,Hammersmith and Fulham 005D,E02000376,Hammersmith and Fulham 005,E09000013,Hammersmith and Fulham,1793,294,347,523,448,181,1017,172,192,316,242,95,776,122,155,207,206,86
E01001943,Hammersmith and Fulham 004A,E02000375,Hammersmith and Fulham 004,E09000013,Hammersmith and Fulham,2169,426,519,578,481,165,1129,175,290,331,254,79,1040,251,229,247,227,86
E01001944,Hammersmith and Fulham 004B,E02000375,Hammersmith and Fulham 004,E09000013,Hammersmith and Fulham,1722,434,263,340,471,214,824,238,117,156,209,104,898,196,146,184,262,110
E01001945,Hammersmith and Fulham 004C,E02000375,Hammersmith and Fulham 004,E09000013,Hammersmith and Fulham,1613,293,306,424,395,195,745,139,123,224,182,77,868,154,183,200,213,118
E01001946,Hammersmith and Fulham 004D,E02000375,Hammersmith and Fulham 004,E09000013,Hammersmith and Fulham,1667,319,371,451,350,176,840,173,186,243,177,61,827,146,185,208,173,115
E01001947,Hammersmith and Fulham 021A,E02000392,Hammersmith and Fulham 021,E09000013,Hammersmith and Fulham,1484,339,308,286,397,154,685,181,146,129,168,61,799,158,162,157,229,93
E01001948,Hammersmith and Fulham 021B,E02000392,Hammersmith and Fulham 021,E09000013,Hammersmith and Fulham,1933,371,377,552,426,207,944,192,179,283,207,83,989,179,198,269,219,124
E01001949,Hammersmith and Fulham 021C,E02000392,Hammersmith and Fulham 021,E09000013,Hammersmith and Fulham,1575,322,363,407,357,126,747,138,164,207,179,59,828,184,199,200,178,67
E01001950,Hammersmith and Fulham 021D,E02000392,Hammersmith and Fulham 021,E09000013,Hammersmith and Fulham,1526,371,304,406,312,133,749,179,138,216,164,52,777,192,166,190,148,81
E01001951,Hammersmith and Fulham 021E,E02000392,Hammersmith and Fulham 021,E09000013,Hammersmith and Fulham,1531,262,337,418,367,147,745,131,159,212,179,64,786,131,178,206,188,83
E01001952,Hammersmith and Fulham 024D,E02000395,Hammersmith and Fulham 024,E09000013,Hammersmith and Fulham,1627,205,486,505,301,130,807,110,226,282,141,48,820,95,260,223,160,82
E01001953,Hammersmith and Fulham 021F,E02000392,Hammersmith and Fulham 021,E09000013,Hammersmith and Fulham,1262,176,362,359,235,130,617,95,165,196,110,51,645,81,197,163,125,79
E01001954,Hammersmith and Fulham 003A,E02000374,Hammersmith and Fulham 003,E09000013,Hammersmith and Fulham,1460,302,252,337,372,197,728,165,111,177,182,93,732,137,141,160,190,104
E01001955,Hammersmith and Fulham 002A,E02000373,Hammersmith and Fulham 002,E09000013,Hammersmith and Fulham,1970,489,382,459,442,198,916,229,203,209,196,79,1054,260,179,250,246,119
E01001956,Hammersmith and Fulham 003B,E02000374,Hammersmith and Fulham 003,E09000013,Hammersmith and Fulham,1572,316,300,296,406,254,771,160,159,154,172,126,801,156,141,142,234,128
E01001957,Hammersmith and Fulham 002B,E02000373,Hammersmith and Fulham 002,E09000013,Hammersmith and Fulham,1567,408,303,272,402,182,749,221,134,134,179,81,818,187,169,138,223,101
E01001958,Hammersmith and Fulham 002C,E02000373,Hammersmith and Fulham 002,E09000013,Hammersmith and Fulham,1548,377,290,335,411,135,720,180,154,162,174,50,828,197,136,173,237,85
E01001959,Hammersmith and Fulham 003C,E02000374,Hammersmith and Fulham 003,E09000013,Hammersmith and Fulham,1872,433,435,355,415,234,846,204,184,178,191,89,1026,229,251,177,224,145
E01001960,Hammersmith and Fulham 003D,E02000374,Hammersmith and Fulham 003,E09000013,Hammersmith and Fulham,1887,340,503,600,322,122,928,159,246,316,150,57,959,181,257,284,172,65
E01001961,Hammersmith and Fulham 002D,E02000373,Hammersmith and Fulham 002,E09000013,Hammersmith and Fulham,1435,417,247,283,361,127,646,200,128,111,162,45,789,217,119,172,199,82
E01001962,Haringey 004A,E02000400,Haringey 004,E09000014,Haringey,1779,512,223,357,461,226,889,263,131,168,225,102,890,249,92,189,236,124
E01001963,Haringey 009A,E02000405,Haringey 009,E09000014,Haringey,1735,461,202,330,493,249,862,249,95,171,231,116,873,212,107,159,262,133
E01001964,Haringey 009B,E02000405,Haringey 009,E09000014,Haringey,1542,303,237,439,393,170,785,173,129,236,174,73,757,130,108,203,219,97
E01001965,Haringey 009C,E02000405,Haringey 009,E09000014,Haringey,1644,431,184,365,492,172,813,222,97,184,228,82,831,209,87,181,264,90
E01001966,Haringey 009D,E02000405,Haringey 009,E09000014,Haringey,1416,297,179,245,412,283,712,151,98,129,206,128,704,146,81,116,206,155
E01001967,Haringey 014A,E02000410,Haringey 014,E09000014,Haringey,1516,322,208,268,440,278,680,135,95,130,197,123,836,187,113,138,243,155
E01001968,Haringey 014B,E02000410,Haringey 014,E09000014,Haringey,1695,354,281,353,489,218,822,172,162,171,214,103,873,182,119,182,275,115
E01001969,Haringey 001A,E02000397,Haringey 001,E09000014,Haringey,2104,464,322,579,487,252,1060,230,173,328,222,107,1044,234,149,251,265,145
E01001970,Haringey 004B,E02000400,Haringey 004,E09000014,Haringey,2069,384,488,539,511,147,1005,204,277,260,217,47,1064,180,211,279,294,100
E01001971,Haringey 001B,E02000397,Haringey 001,E09000014,Haringey,1969,374,398,427,586,184,1056,178,232,227,332,87,913,196,166,200,254,97
E01001972,Haringey 004C,E02000400,Haringey 004,E09000014,Haringey,1674,291,276,438,443,226,839,163,141,208,235,92,835,128,135,230,208,134
E01001973,Haringey 004D,E02000400,Haringey 004,E09000014,Haringey,2548,545,357,671,621,354,1271,293,169,356,307,146,1277,252,188,315,314,208
E01001974,Haringey 001C,E02000397,Haringey 001,E09000014,Haringey,2314,444,366,712,562,230,1187,210,186,381,304,106,1127,234,180,331,258,124
E01001975,Haringey 001D,E02000397,Haringey 001,E09000014,Haringey,2034,375,351,664,480,164,1068,207,187,362,240,72,966,168,164,302,240,92
E01001976,Haringey 011A,E02000407,Haringey 011,E09000014,Haringey,1671,368,270,426,431,176,885,219,144,232,213,77,786,149,126,194,218,99
E01001977,Haringey 011B,E02000407,Haringey 011,E09000014,Haringey,1556,341,246,437,374,158,796,172,122,245,172,85,760,169,124,192,202,73
E01001978,Haringey 011C,E02000407,Haringey 011,E09000014,Haringey,1974,393,367,479,537,198,1027,202,200,271,265,89,947,191,167,208,272,109
E01001979,Haringey 011D,E02000407,Haringey 011,E09000014,Haringey,2423,529,548,576,570,200,1280,274,292,356,278,80,1143,255,256,220,292,120
E01001980,Haringey 018A,E02000414,Haringey 018,E09000014,Haringey,1894,365,343,548,463,175,1077,207,204,330,251,85,817,158,139,218,212,90
E01001981,Haringey 018B,E02000414,Haringey 018,E09000014,Haringey,1770,290,359,485,445,191,951,168,199,282,228,74,819,122,160,203,217,117
E01001982,Haringey 018C,E02000414,Haringey 018,E09000014,Haringey,1843,406,278,498,471,190,1014,236,145,294,238,101,829,170,133,204,233,89
E01001983,Haringey 018D,E02000414,Haringey 018,E09000014,Haringey,1559,367,229,399,409,155,761,193,118,210,192,48,798,174,111,189,217,107
E01001984,Haringey 033A,E02000429,Haringey 033,E09000014,Haringey,1702,332,171,502,438,259,854,151,81,253,252,117,848,181,90,249,186,142
E01001985,Haringey 033B,E02000429,Haringey 033,E09000014,Haringey,1678,342,192,452,478,214,818,173,83,234,232,96,860,169,109,218,246,118
E01001986,Haringey 034A,E02000430,Haringey 034,E09000014,Haringey,1480,279,229,368,432,172,751,159,109,199,214,70,729,120,120,169,218,102
E01001987,Haringey 033C,E02000429,Haringey 033,E09000014,Haringey,1761,352,209,427,523,250,895,198,105,200,285,107,866,154,104,227,238,143
E01001988,Haringey 034B,E02000430,Haringey 034,E09000014,Haringey,1635,270,207,452,498,208,799,119,96,250,236,98,836,151,111,202,262,110
E01001989,Haringey 033D,E02000429,Haringey 033,E09000014,Haringey,1642,310,219,368,480,265,819,151,117,195,240,116,823,159,102,173,240,149
E01001990,Haringey 034C,E02000430,Haringey 034,E09000014,Haringey,1972,248,409,667,462,186,1099,130,224,382,265,98,873,118,185,285,197,88
E01001991,Haringey 017A,E02000413,Haringey 017,E09000014,Haringey,1800,417,285,494,425,179,854,210,121,225,235,63,946,207,164,269,190,116
E01001992,Haringey 017B,E02000413,Haringey 017,E09000014,Haringey,1698,336,223,315,479,345,864,170,121,170,241,162,834,166,102,145,238,183
E01001993,Haringey 017C,E02000413,Haringey 017,E09000014,Haringey,1563,368,157,270,463,305,738,174,88,118,222,136,825,194,69,152,241,169
E01001994,Haringey 030A,E02000426,Haringey 030,E09000014,Haringey,1646,266,271,385,389,335,773,134,101,189,199,150,873,132,170,196,190,185
E01001995,Haringey 017D,E02000413,Haringey 017,E09000014,Haringey,2465,675,376,547,667,200,1150,355,176,252,280,87,1315,320,200,295,387,113
E01001996,Haringey 014C,E02000410,Haringey 014,E09000014,Haringey,1705,400,219,356,528,202,872,223,118,190,243,98,833,177,101,166,285,104
E01001997,Haringey 014D,E02000410,Haringey 014,E09000014,Haringey,1570,302,296,450,387,135,781,157,122,238,195,69,789,145,174,212,192,66
E01001998,Haringey 023A,E02000419,Haringey 023,E09000014,Haringey,2203,339,502,761,409,192,1181,166,276,428,231,80,1022,173,226,333,178,112
E01001999,Haringey 023B,E02000419,Haringey 023,E09000014,Haringey,2249,360,394,826,466,203,1198,193,185,495,262,63,1051,167,209,331,204,140
E01002000,Haringey 031A,E02000427,Haringey 031,E09000014,Haringey,1753,273,338,613,390,139,930,136,160,375,203,56,823,137,178,238,187,83
E01002001,Haringey 031B,E02000427,Haringey 031,E09000014,Haringey,1625,247,377,504,370,127,879,132,193,275,217,62,746,115,184,229,153,65
E01002002,Haringey 031C,E02000427,Haringey 031,E09000014,Haringey,1852,231,439,629,393,160,1035,120,260,346,225,84,817,111,179,283,168,76
E01002003,Haringey 023C,E02000419,Haringey 023,E09000014,Haringey,2612,494,650,798,506,164,1291,223,304,411,276,77,1321,271,346,387,230,87
E01002004,Haringey 023D,E02000419,Haringey 023,E09000014,Haringey,2005,353,396,669,378,209,984,169,173,376,188,78,1021,184,223,293,190,131
E01002005,Haringey 035A,E02000431,Haringey 035,E09000014,Haringey,1479,255,309,547,252,116,715,129,131,286,114,55,764,126,178,261,138,61
E01002006,Haringey 035B,E02000431,Haringey 035,E09000014,Haringey,1490,240,292,451,344,163,708,123,136,224,161,64,782,117,156,227,183,99
E01002007,Haringey 035C,E02000431,Haringey 035,E09000014,Haringey,1510,304,257,337,359,253,723,144,127,153,179,120,787,160,130,184,180,133
E01002008,Haringey 030B,E02000426,Haringey 030,E09000014,Haringey,1378,293,149,195,428,313,607,156,51,76,185,139,771,137,98,119,243,174
E01002009,Haringey 035D,E02000431,Haringey 035,E09000014,Haringey,1512,253,281,328,399,251,763,137,130,185,201,110,749,116,151,143,198,141
E01002010,Haringey 030C,E02000426,Haringey 030,E09000014,Haringey,1528,285,181,293,428,341,703,139,78,139,193,154,825,146,103,154,235,187
E01002011,Haringey 030D,E02000426,Haringey 030,E09000014,Haringey,1556,246,242,457,402,209,791,122,119,233,216,101,765,124,123,224,186,108
E01002013,Haringey 022A,E02000418,Haringey 022,E09000014,Haringey,1332,306,129,344,371,182,635,159,59,175,172,70,697,147,70,169,199,112
E01002014,Haringey 020B,E02000416,Haringey 020,E09000014,Haringey,1634,247,316,506,380,185,886,129,168,284,215,90,748,118,148,222,165,95
E01002015,Haringey 020C,E02000416,Haringey 020,E09000014,Haringey,1354,232,172,294,408,248,672,121,74,161,204,112,682,111,98,133,204,136
E01002016,Haringey 028A,E02000424,Haringey 028,E09000014,Haringey,1709,332,299,467,453,158,828,181,137,230,210,70,881,151,162,237,243,88
E01002017,Haringey 028B,E02000424,Haringey 028,E09000014,Haringey,1780,296,408,504,415,157,972,173,248,282,196,73,808,123,160,222,219,84
E01002018,Haringey 020D,E02000416,Haringey 020,E09000014,Haringey,1395,325,217,302,350,201,652,164,107,142,154,85,743,161,110,160,196,116
E01002019,Haringey 022B,E02000418,Haringey 022,E09000014,Haringey,1333,267,139,272,376,279,640,133,58,132,185,132,693,134,81,140,191,147
E01002020,Haringey 021A,E02000417,Haringey 021,E09000014,Haringey,1540,273,220,379,412,256,774,157,121,192,189,115,766,116,99,187,223,141
E01002021,Haringey 022C,E02000418,Haringey 022,E09000014,Haringey,1296,219,163,203,414,297,627,114,75,105,191,142,669,105,88,98,223,155
E01002022,Haringey 021B,E02000417,Haringey 021,E09000014,Haringey,2135,385,270,589,538,353,1054,193,125,311,267,158,1081,192,145,278,271,195
E01002023,Haringey 021C,E02000417,Haringey 021,E09000014,Haringey,1301,221,160,242,368,310,623,109,86,117,169,142,678,112,74,125,199,168
E01002024,Haringey 022D,E02000418,Haringey 022,E09000014,Haringey,1224,220,157,259,393,195,597,104,67,144,189,93,627,116,90,115,204,102
E01002025,Haringey 021D,E02000417,Haringey 021,E09000014,Haringey,1481,287,229,283,426,256,739,148,130,132,209,120,742,139,99,151,217,136
E01002026,Haringey 016A,E02000412,Haringey 016,E09000014,Haringey,1794,373,338,433,465,185,900,167,173,251,231,78,894,206,165,182,234,107
E01002027,Haringey 010A,E02000406,Haringey 010,E09000014,Haringey,1577,254,343,444,356,180,808,139,195,256,157,61,769,115,148,188,199,119
E01002028,Haringey 010B,E02000406,Haringey 010,E09000014,Haringey,1792,291,389,523,411,178,935,141,216,296,205,77,857,150,173,227,206,101
E01002029,Haringey 016B,E02000412,Haringey 016,E09000014,Haringey,2005,368,506,557,427,147,965,186,236,286,207,50,1040,182,270,271,220,97
E01002030,Haringey 016C,E02000412,Haringey 016,E09000014,Haringey,1772,276,335,582,378,201,936,135,150,356,211,84,836,141,185,226,167,117
E01002031,Haringey 016D,E02000412,Haringey 016,E09000014,Haringey,2189,265,458,766,486,214,1173,129,224,473,259,88,1016,136,234,293,227,126
E01002032,Haringey 010C,E02000406,Haringey 010,E09000014,Haringey,1874,381,337,506,465,185,952,208,174,277,196,97,922,173,163,229,269,88
E01002033,Haringey 010D,E02000406,Haringey 010,E09000014,Haringey,1902,366,357,537,479,163,943,182,180,303,202,76,959,184,177,234,277,87
E01002034,Haringey 037A,E02006794,Haringey 037,E09000014,Haringey,2556,795,381,685,535,160,1270,384,187,355,258,86,1286,411,194,330,277,74
E01002036,Haringey 002A,E02000398,Haringey 002,E09000014,Haringey,1787,446,307,393,467,174,919,234,149,215,243,78,868,212,158,178,224,96
E01002037,Haringey 002B,E02000398,Haringey 002,E09000014,Haringey,2108,490,326,524,571,197,1157,229,157,337,334,100,951,261,169,187,237,97
E01002038,Haringey 037B,E02006794,Haringey 037,E09000014,Haringey,1935,467,327,440,523,178,1018,265,168,222,275,88,917,202,159,218,248,90
E01002039,Haringey 002C,E02000398,Haringey 002,E09000014,Haringey,1637,520,304,313,386,114,756,246,150,127,173,60,881,274,154,186,213,54
E01002040,Haringey 002D,E02000398,Haringey 002,E09000014,Haringey,2305,569,410,503,613,210,1217,325,217,270,310,95,1088,244,193,233,303,115
E01002041,Haringey 037C,E02006794,Haringey 037,E09000014,Haringey,1979,410,340,475,483,271,1033,219,171,261,250,132,946,191,169,214,233,139
E01002042,Haringey 027A,E02000423,Haringey 027,E09000014,Haringey,1645,216,335,543,398,153,860,105,166,292,229,68,785,111,169,251,169,85
E01002043,Haringey 026A,E02000422,Haringey 026,E09000014,Haringey,2193,469,421,692,454,157,1197,255,213,409,243,77,996,214,208,283,211,80
E01002044,Haringey 027B,E02000423,Haringey 027,E09000014,Haringey,1865,314,429,681,308,133,980,161,244,378,147,50,885,153,185,303,161,83
E01002045,Haringey 026B,E02000422,Haringey 026,E09000014,Haringey,2394,493,427,759,509,206,1374,243,267,511,252,101,1020,250,160,248,257,105
E01002046,Haringey 026C,E02000422,Haringey 026,E09000014,Haringey,1898,318,351,449,470,310,959,163,182,265,235,114,939,155,169,184,235,196
E01002047,Haringey 027C,E02000423,Haringey 027,E09000014,Haringey,1754,216,489,593,318,138,897,106,239,335,167,50,857,110,250,258,151,88
E01002048,Haringey 027D,E02000423,Haringey 027,E09000014,Haringey,2183,339,417,707,531,189,1147,156,240,397,282,72,1036,183,177,310,249,117
E01002049,Haringey 026D,E02000422,Haringey 026,E09000014,Haringey,1943,376,368,507,486,206,993,181,209,287,238,78,950,195,159,220,248,128
E01002050,Haringey 029A,E02000425,Haringey 029,E09000014,Haringey,2022,877,350,370,282,143,1059,476,156,208,160,59,963,401,194,162,122,84
E01002051,Haringey 029B,E02000425,Haringey 029,E09000014,Haringey,1877,466,350,483,421,157,986,224,191,276,225,70,891,242,159,207,196,87
E01002052,Haringey 029C,E02000425,Haringey 029,E09000014,Haringey,2258,996,383,424,288,167,1150,506,202,233,133,76,1108,490,181,191,155,91
E01002053,Haringey 032A,E02000428,Haringey 032,E09000014,Haringey,1878,427,388,435,437,191,936,186,220,226,211,93,942,241,168,209,226,98
E01002054,Haringey 032B,E02000428,Haringey 032,E09000014,Haringey,1823,428,334,434,478,149,955,236,181,238,231,69,868,192,153,196,247,80
E01002055,Haringey 029D,E02000425,Haringey 029,E09000014,Haringey,1801,787,298,351,256,109,960,433,164,186,131,46,841,354,134,165,125,63
E01002056,Haringey 032C,E02000428,Haringey 032,E09000014,Haringey,2680,491,746,764,509,170,1386,264,334,439,275,74,1294,227,412,325,234,96
E01002057,Haringey 032D,E02000428,Haringey 032,E09000014,Haringey,1878,251,549,539,372,167,988,140,299,286,195,68,890,111,250,253,177,99
E01002058,Haringey 031D,E02000427,Haringey 031,E09000014,Haringey,1633,244,364,534,350,141,812,137,179,280,177,39,821,107,185,254,173,102
E01002059,Haringey 028C,E02000424,Haringey 028,E09000014,Haringey,1512,277,245,320,467,203,724,139,135,154,224,72,788,138,110,166,243,131
E01002060,Haringey 028D,E02000424,Haringey 028,E09000014,Haringey,1606,301,245,437,434,189,800,156,119,239,196,90,806,145,126,198,238,99
E01002061,Haringey 036A,E02000432,Haringey 036,E09000014,Haringey,1584,238,298,521,347,180,832,123,137,304,179,89,752,115,161,217,168,91
E01002062,Haringey 034D,E02000430,Haringey 034,E09000014,Haringey,1827,301,299,598,443,186,947,166,165,328,209,79,880,135,134,270,234,107
E01002063,Haringey 036B,E02000432,Haringey 036,E09000014,Haringey,1450,218,288,456,351,137,747,121,156,248,167,55,703,97,132,208,184,82
E01002064,Haringey 036C,E02000432,Haringey 036,E09000014,Haringey,1337,198,244,413,359,123,660,95,130,204,170,61,677,103,114,209,189,62
E01002065,Haringey 036D,E02000432,Haringey 036,E09000014,Haringey,1619,216,350,583,333,137,823,104,174,294,191,60,796,112,176,289,142,77
E01002066,Haringey 025A,E02000421,Haringey 025,E09000014,Haringey,2063,469,399,489,539,167,949,202,209,225,235,78,1114,267,190,264,304,89
E01002067,Haringey 024A,E02000420,Haringey 024,E09000014,Haringey,1688,303,277,419,456,233,843,153,140,216,217,117,845,150,137,203,239,116
E01002068,Haringey 025B,E02000421,Haringey 025,E09000014,Haringey,2346,354,512,842,482,156,1242,165,265,500,236,76,1104,189,247,342,246,80
E01002069,Haringey 024B,E02000420,Haringey 024,E09000014,Haringey,2171,317,408,599,583,264,1145,153,190,359,324,119,1026,164,218,240,259,145
E01002070,Haringey 024C,E02000420,Haringey 024,E09000014,Haringey,2586,548,449,856,529,204,1289,255,206,490,256,82,1297,293,243,366,273,122
E01002071,Haringey 025C,E02000421,Haringey 025,E09000014,Haringey,1619,372,301,384,427,135,824,202,164,172,230,56,795,170,137,212,197,79
E01002072,Haringey 025D,E02000421,Haringey 025,E09000014,Haringey,2172,361,610,461,449,291,1081,168,313,259,215,126,1091,193,297,202,234,165
E01002073,Haringey 024D,E02000420,Haringey 024,E09000014,Haringey,1804,374,334,516,409,171,937,210,171,298,190,68,867,164,163,218,219,103
E01002074,Haringey 012A,E02000408,Haringey 012,E09000014,Haringey,2279,592,360,474,618,235,1163,290,199,255,303,116,1116,302,161,219,315,119
E01002075,Haringey 015A,E02000411,Haringey 015,E09000014,Haringey,2236,510,710,422,436,158,1107,241,399,189,219,59,1129,269,311,233,217,99
E01002076,Haringey 015B,E02000411,Haringey 015,E09000014,Haringey,1996,438,485,458,410,205,987,232,272,210,194,79,1009,206,213,248,216,126
E01002077,Haringey 012B,E02000408,Haringey 012,E09000014,Haringey,2286,516,597,511,520,142,1190,297,334,248,250,61,1096,219,263,263,270,81
E01002078,Haringey 015C,E02000411,Haringey 015,E09000014,Haringey,2532,422,535,681,691,203,1321,212,269,369,360,111,1211,210,266,312,331,92
E01002079,Haringey 012C,E02000408,Haringey 012,E09000014,Haringey,1842,354,337,463,516,172,947,179,187,254,255,72,895,175,150,209,261,100
E01002080,Haringey 015D,E02000411,Haringey 015,E09000014,Haringey,3897,637,1337,1078,654,191,2164,347,790,612,329,86,1733,290,547,466,325,105
E01002081,Haringey 012D,E02000408,Haringey 012,E09000014,Haringey,1941,351,543,349,460,238,1030,175,317,201,226,111,911,176,226,148,234,127
E01002082,Haringey 013A,E02000409,Haringey 013,E09000014,Haringey,1167,213,243,226,322,163,561,110,117,111,141,82,606,103,126,115,181,81
E01002083,Haringey 019A,E02000415,Haringey 019,E09000014,Haringey,1444,226,247,447,315,209,715,114,92,258,166,85,729,112,155,189,149,124
E01002084,Haringey 019B,E02000415,Haringey 019,E09000014,Haringey,1767,328,324,483,406,226,877,134,142,261,227,113,890,194,182,222,179,113
E01002085,Haringey 019C,E02000415,Haringey 019,E09000014,Haringey,2260,394,500,691,472,203,1130,213,243,384,220,70,1130,181,257,307,252,133
E01002086,Haringey 013B,E02000409,Haringey 013,E09000014,Haringey,1371,244,265,313,333,216,633,107,149,143,133,101,738,137,116,170,200,115
E01002087,Haringey 019D,E02000415,Haringey 019,E09000014,Haringey,1719,286,330,525,407,171,909,155,151,294,228,81,810,131,179,231,179,90
E01002088,Haringey 013C,E02000409,Haringey 013,E09000014,Haringey,2047,368,396,626,430,227,1068,191,205,340,233,99,979,177,191,286,197,128
E01002089,Haringey 013D,E02000409,Haringey 013,E09000014,Haringey,1467,428,250,245,367,177,696,207,150,107,162,70,771,221,100,138,205,107
E01002090,Haringey 005A,E02000401,Haringey 005,E09000014,Haringey,1500,297,285,318,419,181,738,157,139,174,199,69,762,140,146,144,220,112
E01002091,Haringey 006A,E02000402,Haringey 006,E09000014,Haringey,1849,416,327,375,489,242,881,209,179,182,216,95,968,207,148,193,273,147
E01002092,Haringey 006B,E02000402,Haringey 006,E09000014,Haringey,1629,441,272,419,385,112,787,206,119,210,200,52,842,235,153,209,185,60
E01002093,Haringey 005B,E02000401,Haringey 005,E09000014,Haringey,1737,352,319,360,546,160,844,166,184,177,248,69,893,186,135,183,298,91
E01002094,Haringey 006C,E02000402,Haringey 006,E09000014,Haringey,1555,319,296,329,455,156,736,158,145,159,202,72,819,161,151,170,253,84
E01002095,Haringey 006D,E02000402,Haringey 006,E09000014,Haringey,1550,329,292,358,418,153,753,163,154,177,175,84,797,166,138,181,243,69
E01002096,Haringey 005C,E02000401,Haringey 005,E09000014,Haringey,1610,363,275,337,465,170,786,172,144,182,227,61,824,191,131,155,238,109
E01002097,Haringey 005D,E02000401,Haringey 005,E09000014,Haringey,1578,386,323,333,414,122,762,206,157,172,175,52,816,180,166,161,239,70
E01002098,Haringey 007A,E02000403,Haringey 007,E09000014,Haringey,1441,246,230,459,341,165,730,134,117,252,156,71,711,112,113,207,185,94
E01002099,Haringey 008A,E02000404,Haringey 008,E09000014,Haringey,2127,441,432,517,527,210,1078,220,221,284,259,94,1049,221,211,233,268,116
E01002100,Haringey 008B,E02000404,Haringey 008,E09000014,Haringey,1997,433,330,599,429,206,1012,216,162,366,191,77,985,217,168,233,238,129
E01002101,Haringey 007B,E02000403,Haringey 007,E09000014,Haringey,2161,422,385,690,524,140,1192,222,215,377,315,63,969,200,170,313,209,77
E01002102,Haringey 007C,E02000403,Haringey 007,E09000014,Haringey,1952,358,358,628,400,208,923,184,155,298,191,95,1029,174,203,330,209,113
E01002103,Haringey 008C,E02000404,Haringey 008,E09000014,Haringey,1915,328,406,539,432,210,997,171,216,306,215,89,918,157,190,233,217,121
E01002104,Haringey 008D,E02000404,Haringey 008,E09000014,Haringey,1633,256,285,502,374,216,803,118,143,286,165,91,830,138,142,216,209,125
E01002105,Haringey 007D,E02000403,Haringey 007,E09000014,Haringey,2550,447,536,838,530,199,1335,187,283,496,280,89,1215,260,253,342,250,110
E01002106,Harrow 008A,E02000440,Harrow 008,E09000015,Harrow,2066,421,340,381,546,378,1052,224,180,207,252,189,1014,197,160,174,294,189
E01002107,Harrow 012A,E02000444,Harrow 012,E09000015,Harrow,1775,442,242,349,440,302,894,226,131,172,215,150,881,216,111,177,225,152
E01002108,Harrow 008B,E02000440,Harrow 008,E09000015,Harrow,1807,416,283,375,462,271,901,219,130,188,225,139,906,197,153,187,237,132
E01002109,Harrow 008C,E02000440,Harrow 008,E09000015,Harrow,1840,401,259,330,483,367,961,213,165,158,220,205,879,188,94,172,263,162
E01002110,Harrow 008D,E02000440,Harrow 008,E09000015,Harrow,1665,358,305,315,407,280,796,172,151,154,186,133,869,186,154,161,221,147
E01002111,Harrow 008E,E02000440,Harrow 008,E09000015,Harrow,2327,487,431,463,596,350,1196,240,229,251,307,169,1131,247,202,212,289,181
E01002112,Harrow 001A,E02000433,Harrow 001,E09000015,Harrow,2005,386,310,369,523,417,962,188,159,180,240,195,1043,198,151,189,283,222
E01002113,Harrow 002A,E02000434,Harrow 002,E09000015,Harrow,1531,298,193,275,443,322,760,158,89,123,221,169,771,140,104,152,222,153
E01002114,Harrow 001B,E02000433,Harrow 001,E09000015,Harrow,2091,441,260,401,452,537,991,210,145,202,215,219,1100,231,115,199,237,318
E01002115,Harrow 002B,E02000434,Harrow 002,E09000015,Harrow,1438,259,204,285,403,287,707,134,106,136,200,131,731,125,98,149,203,156
E01002116,Harrow 002C,E02000434,Harrow 002,E09000015,Harrow,1659,279,239,296,390,455,788,122,125,150,175,216,871,157,114,146,215,239
E01002117,Harrow 002D,E02000434,Harrow 002,E09000015,Harrow,3102,712,548,777,675,390,1528,369,262,391,306,200,1574,343,286,386,369,190
E01002118,Harrow 002E,E02000434,Harrow 002,E09000015,Harrow,1895,412,268,469,418,328,962,215,139,242,222,144,933,197,129,227,196,184
E01002119,Harrow 007A,E02000439,Harrow 007,E09000015,Harrow,2301,551,393,569,515,273,1144,296,184,291,256,117,1157,255,209,278,259,156
E01002120,Harrow 007B,E02000439,Harrow 007,E09000015,Harrow,1413,358,235,258,347,215,690,182,119,119,177,93,723,176,116,139,170,122
E01002121,Harrow 007C,E02000439,Harrow 007,E09000015,Harrow,1875,473,257,429,442,274,935,239,128,221,218,129,940,234,129,208,224,145
E01002122,Harrow 007D,E02000439,Harrow 007,E09000015,Harrow,1780,394,272,451,419,244,951,202,138,257,230,124,829,192,134,194,189,120
E01002123,Harrow 007E,E02000439,Harrow 007,E09000015,Harrow,1738,358,357,388,418,217,899,200,197,200,216,86,839,158,160,188,202,131
E01002124,Harrow 010A,E02000442,Harrow 010,E09000015,Harrow,1752,419,322,400,418,193,830,187,153,195,210,85,922,232,169,205,208,108
E01002125,Harrow 010B,E02000442,Harrow 010,E09000015,Harrow,1774,382,326,449,404,213,952,192,187,281,201,91,822,190,139,168,203,122
E01002126,Harrow 023A,E02000455,Harrow 023,E09000015,Harrow,4503,972,892,1617,601,421,2273,518,452,836,302,165,2230,454,440,781,299,256
E01002127,Harrow 023B,E02000455,Harrow 023,E09000015,Harrow,1732,301,286,414,437,294,842,158,136,206,214,128,890,143,150,208,223,166
E01002128,Harrow 020A,E02000452,Harrow 020,E09000015,Harrow,2134,435,389,655,419,236,1085,212,233,315,210,115,1049,223,156,340,209,121
E01002129,Harrow 023C,E02000455,Harrow 023,E09000015,Harrow,3020,665,514,1007,602,232,1598,357,282,551,292,116,1422,308,232,456,310,116
E01002130,Harrow 020B,E02000452,Harrow 020,E09000015,Harrow,2700,704,392,949,491,164,1406,354,211,525,243,73,1294,350,181,424,248,91
E01002131,Harrow 023D,E02000455,Harrow 023,E09000015,Harrow,1549,325,284,359,344,237,759,144,163,173,163,116,790,181,121,186,181,121
E01002132,Harrow 029A,E02000461,Harrow 029,E09000015,Harrow,2338,455,458,575,585,265,1216,193,273,321,301,128,1122,262,185,254,284,137
E01002133,Harrow 027A,E02000459,Harrow 027,E09000015,Harrow,2126,463,400,439,521,303,1036,229,212,210,250,135,1090,234,188,229,271,168
E01002134,Harrow 029B,E02000461,Harrow 029,E09000015,Harrow,1477,277,301,345,326,228,816,138,205,188,177,108,661,139,96,157,149,120
E01002135,Harrow 029C,E02000461,Harrow 029,E09000015,Harrow,2081,427,342,557,466,289,1037,218,173,301,236,109,1044,209,169,256,230,180
E01002136,Harrow 027B,E02000459,Harrow 027,E09000015,Harrow,1829,412,276,390,468,283,928,223,144,201,241,119,901,189,132,189,227,164
E01002137,Harrow 029D,E02000461,Harrow 029,E09000015,Harrow,1832,443,762,254,235,138,1336,350,683,130,112,61,496,93,79,124,123,77
E01002138,Harrow 027C,E02000459,Harrow 027,E09000015,Harrow,1522,307,264,306,436,209,780,156,154,137,237,96,742,151,110,169,199,113
E01002139,Harrow 006A,E02000438,Harrow 006,E09000015,Harrow,1371,264,280,262,363,202,655,133,152,142,152,76,716,131,128,120,211,126
E01002140,Harrow 005A,E02000437,Harrow 005,E09000015,Harrow,1748,372,286,322,465,303,844,170,141,155,228,150,904,202,145,167,237,153
E01002141,Harrow 005B,E02000437,Harrow 005,E09000015,Harrow,1746,390,256,317,414,369,867,204,134,151,206,172,879,186,122,166,208,197
E01002142,Harrow 005C,E02000437,Harrow 005,E09000015,Harrow,1780,361,250,341,480,348,859,171,121,173,233,161,921,190,129,168,247,187
E01002143,Harrow 005D,E02000437,Harrow 005,E09000015,Harrow,1632,376,277,352,427,200,815,191,155,170,180,119,817,185,122,182,247,81
E01002144,Harrow 004A,E02000436,Harrow 004,E09000015,Harrow,1512,225,195,226,449,417,791,122,111,124,222,212,721,103,84,102,227,205
E01002145,Harrow 005E,E02000437,Harrow 005,E09000015,Harrow,1635,275,203,290,444,423,768,151,97,147,204,169,867,124,106,143,240,254
E01002146,Harrow 004B,E02000436,Harrow 004,E09000015,Harrow,1376,247,190,223,388,328,662,131,90,109,188,144,714,116,100,114,200,184
E01002147,Harrow 004C,E02000436,Harrow 004,E09000015,Harrow,1302,179,171,175,364,413,631,96,77,96,168,194,671,83,94,79,196,219
E01002148,Harrow 006B,E02000438,Harrow 006,E09000015,Harrow,1364,237,187,229,423,288,685,110,101,119,205,150,679,127,86,110,218,138
E01002149,Harrow 004D,E02000436,Harrow 004,E09000015,Harrow,1269,218,134,176,364,377,628,113,72,87,167,189,641,105,62,89,197,188
E01002150,Harrow 006C,E02000438,Harrow 006,E09000015,Harrow,2020,456,277,416,459,412,977,241,149,184,219,184,1043,215,128,232,240,228
E01002151,Harrow 006D,E02000438,Harrow 006,E09000015,Harrow,1512,333,254,283,388,254,750,170,153,143,172,112,762,163,101,140,216,142
E01002152,Harrow 006E,E02000438,Harrow 006,E09000015,Harrow,1571,253,208,258,414,438,753,133,101,123,205,191,818,120,107,135,209,247
E01002153,Harrow 019A,E02000451,Harrow 019,E09000015,Harrow,1751,337,246,350,451,367,858,155,114,186,214,189,893,182,132,164,237,178
E01002154,Harrow 015A,E02000447,Harrow 015,E09000015,Harrow,2437,577,363,538,590,369,1208,307,185,256,295,165,1229,270,178,282,295,204
E01002155,Harrow 019B,E02000451,Harrow 019,E09000015,Harrow,1648,340,194,304,449,361,835,191,104,148,233,159,813,149,90,156,216,202
E01002156,Harrow 015B,E02000447,Harrow 015,E09000015,Harrow,1411,267,181,221,405,337,685,141,93,102,193,156,726,126,88,119,212,181
E01002157,Harrow 019C,E02000451,Harrow 019,E09000015,Harrow,1798,365,317,410,418,288,885,158,170,204,211,142,913,207,147,206,207,146
E01002158,Harrow 019D,E02000451,Harrow 019,E09000015,Harrow,1316,227,199,205,407,278,653,113,100,107,198,135,663,114,99,98,209,143
E01002159,Harrow 021A,E02000453,Harrow 021,E09000015,Harrow,1898,363,282,439,502,312,973,177,160,223,260,153,925,186,122,216,242,159
E01002160,Harrow 021B,E02000453,Harrow 021,E09000015,Harrow,2501,589,422,706,556,228,1281,303,221,373,280,104,1220,286,201,333,276,124
E01002161,Harrow 021C,E02000453,Harrow 021,E09000015,Harrow,2132,458,386,468,497,323,1062,239,209,250,208,156,1070,219,177,218,289,167
E01002162,Harrow 015C,E02000447,Harrow 015,E09000015,Harrow,1968,452,291,486,482,257,973,220,148,256,233,116,995,232,143,230,249,141
E01002163,Harrow 015D,E02000447,Harrow 015,E09000015,Harrow,1593,332,246,294,424,297,800,184,124,141,203,148,793,148,122,153,221,149
E01002164,Harrow 021D,E02000453,Harrow 021,E09000015,Harrow,1910,440,293,456,450,271,953,251,157,197,234,114,957,189,136,259,216,157
E01002165,Harrow 017A,E02000449,Harrow 017,E09000015,Harrow,1837,371,317,496,404,249,982,211,165,284,205,117,855,160,152,212,199,132
E01002166,Harrow 017B,E02000449,Harrow 017,E09000015,Harrow,1670,353,279,363,428,247,866,183,149,197,229,108,804,170,130,166,199,139
E01002167,Harrow 017C,E02000449,Harrow 017,E09000015,Harrow,1639,325,309,354,421,230,810,148,175,189,196,102,829,177,134,165,225,128
E01002168,Harrow 017D,E02000449,Harrow 017,E09000015,Harrow,1557,324,290,326,430,187,757,157,156,170,197,77,800,167,134,156,233,110
E01002169,Harrow 017E,E02000449,Harrow 017,E09000015,Harrow,1604,288,293,379,381,263,845,164,168,212,181,120,759,124,125,167,200,143
E01002170,Harrow 033A,E02006882,Harrow 033,E09000015,Harrow,1333,274,211,273,352,223,654,134,102,136,170,112,679,140,109,137,182,111
E01002171,Harrow 033B,E02006882,Harrow 033,E09000015,Harrow,1758,368,307,399,374,310,886,179,149,217,195,146,872,189,158,182,179,164
E01002172,Harrow 033C,E02006882,Harrow 033,E09000015,Harrow,1603,377,226,358,389,253,767,197,111,169,190,100,836,180,115,189,199,153
E01002173,Harrow 033D,E02006882,Harrow 033,E09000015,Harrow,1806,323,298,388,429,368,876,154,168,199,200,155,930,169,130,189,229,213
E01002174,Harrow 033E,E02006882,Harrow 033,E09000015,Harrow,1597,287,215,338,415,342,809,150,113,182,206,158,788,137,102,156,209,184
E01002175,Harrow 033F,E02006882,Harrow 033,E09000015,Harrow,1456,270,233,328,348,277,745,128,109,213,167,128,711,142,124,115,181,149
E01002176,Harrow 033G,E02006882,Harrow 033,E09000015,Harrow,1717,297,278,443,390,309,859,138,106,267,192,156,858,159,172,176,198,153
E01002177,Harrow 033H,E02006882,Harrow 033,E09000015,Harrow,1409,274,234,276,394,231,751,152,135,153,208,103,658,122,99,123,186,128
E01002178,Harrow 033I,E02006882,Harrow 033,E09000015,Harrow,1567,272,314,265,471,245,761,131,159,151,213,107,806,141,155,114,258,138
E01002179,Harrow 013A,E02000445,Harrow 013,E09000015,Harrow,2775,679,483,770,568,275,1428,364,293,393,277,101,1347,315,190,377,291,174
E01002180,Harrow 013B,E02000445,Harrow 013,E09000015,Harrow,2422,569,408,567,608,270,1297,293,235,317,310,142,1125,276,173,250,298,128
E01002181,Harrow 020C,E02000452,Harrow 020,E09000015,Harrow,1981,449,282,529,466,255,1020,219,153,273,249,126,961,230,129,256,217,129
E01002182,Harrow 020D,E02000452,Harrow 020,E09000015,Harrow,2116,471,315,605,488,237,1140,257,175,317,278,113,976,214,140,288,210,124
E01002183,Harrow 013C,E02000445,Harrow 013,E09000015,Harrow,2235,498,354,502,511,370,1161,252,199,279,262,169,1074,246,155,223,249,201
E01002184,Harrow 013D,E02000445,Harrow 013,E09000015,Harrow,1993,465,338,436,509,245,1042,252,177,225,275,113,951,213,161,211,234,132
E01002185,Harrow 009A,E02000441,Harrow 009,E09000015,Harrow,1683,364,301,337,469,212,763,189,142,147,204,81,920,175,159,190,265,131
E01002186,Harrow 009B,E02000441,Harrow 009,E09000015,Harrow,1746,373,195,445,430,303,875,209,99,220,216,131,871,164,96,225,214,172
E01002187,Harrow 009C,E02000441,Harrow 009,E09000015,Harrow,1959,392,237,410,457,463,930,194,107,209,198,222,1029,198,130,201,259,241
E01002188,Harrow 016A,E02000448,Harrow 016,E09000015,Harrow,1557,237,201,199,502,418,747,121,114,110,221,181,810,116,87,89,281,237
E01002189,Harrow 016B,E02000448,Harrow 016,E09000015,Harrow,1745,335,220,372,447,371,890,195,134,198,215,148,855,140,86,174,232,223
E01002190,Harrow 009D,E02000441,Harrow 009,E09000015,Harrow,1560,312,152,229,420,447,749,153,85,103,190,218,811,159,67,126,230,229
E01002191,Harrow 022A,E02000454,Harrow 022,E09000015,Harrow,1934,430,297,394,500,313,940,212,149,191,247,141,994,218,148,203,253,172
E01002192,Harrow 016C,E02000448,Harrow 016,E09000015,Harrow,1614,341,141,280,420,432,790,167,71,148,212,192,824,174,70,132,208,240
E01002193,Harrow 016D,E02000448,Harrow 016,E09000015,Harrow,1914,482,240,461,440,291,921,246,114,226,212,123,993,236,126,235,228,168
E01002194,Harrow 022B,E02000454,Harrow 022,E09000015,Harrow,1706,419,171,292,441,383,821,204,104,123,203,187,885,215,67,169,238,196
E01002195,Harrow 022C,E02000454,Harrow 022,E09000015,Harrow,1649,361,231,305,435,317,814,181,129,155,212,137,835,180,102,150,223,180
E01002196,Harrow 022D,E02000454,Harrow 022,E09000015,Harrow,1676,392,169,295,474,346,816,201,87,137,215,176,860,191,82,158,259,170
E01002197,Harrow 012B,E02000444,Harrow 012,E09000015,Harrow,1358,242,209,261,338,308,641,110,109,126,166,130,717,132,100,135,172,178
E01002198,Harrow 010C,E02000442,Harrow 010,E09000015,Harrow,1926,396,379,463,443,245,1030,202,210,262,226,130,896,194,169,201,217,115
E01002199,Harrow 012C,E02000444,Harrow 012,E09000015,Harrow,1528,332,264,308,364,260,786,177,140,152,188,129,742,155,124,156,176,131
E01002200,Harrow 010D,E02000442,Harrow 010,E09000015,Harrow,1737,363,320,393,447,214,904,186,174,236,204,104,833,177,146,157,243,110
E01002201,Harrow 012D,E02000444,Harrow 012,E09000015,Harrow,1697,320,285,337,442,313,872,180,145,186,206,155,825,140,140,151,236,158
E01002202,Harrow 012E,E02000444,Harrow 012,E09000015,Harrow,2425,653,387,704,437,244,1262,339,202,363,257,101,1163,314,185,341,180,143
E01002203,Harrow 010E,E02000442,Harrow 010,E09000015,Harrow,1891,445,310,448,478,210,948,218,144,233,255,98,943,227,166,215,223,112
E01002204,Harrow 032A,E02006795,Harrow 032,E09000015,Harrow,1831,417,283,546,399,186,947,231,134,292,208,82,884,186,149,254,191,104
E01002206,Harrow 032B,E02006795,Harrow 032,E09000015,Harrow,1310,251,195,264,385,215,692,128,98,148,209,109,618,123,97,116,176,106
E01002207,Harrow 032C,E02006795,Harrow 032,E09000015,Harrow,1652,325,274,326,468,259,850,166,146,170,241,127,802,159,128,156,227,132
E01002208,Harrow 025A,E02000457,Harrow 025,E09000015,Harrow,1237,222,159,185,353,318,625,115,91,84,179,156,612,107,68,101,174,162
E01002209,Harrow 025B,E02000457,Harrow 025,E09000015,Harrow,1761,337,259,410,474,281,898,170,146,227,228,127,863,167,113,183,246,154
E01002210,Harrow 032D,E02006795,Harrow 032,E09000015,Harrow,1619,329,251,348,420,271,828,174,135,175,202,142,791,155,116,173,218,129
E01002211,Harrow 028A,E02000460,Harrow 028,E09000015,Harrow,1403,303,279,319,318,184,732,160,165,173,147,87,671,143,114,146,171,97
E01002212,Harrow 028B,E02000460,Harrow 028,E09000015,Harrow,1819,464,302,433,419,201,918,222,156,208,245,87,901,242,146,225,174,114
E01002213,Harrow 027D,E02000459,Harrow 027,E09000015,Harrow,3809,941,652,1105,737,374,1915,518,319,549,362,167,1894,423,333,556,375,207
E01002214,Harrow 031A,E02000463,Harrow 031,E09000015,Harrow,1831,470,308,398,438,217,928,237,171,191,218,111,903,233,137,207,220,106
E01002215,Harrow 031B,E02000463,Harrow 031,E09000015,Harrow,1641,370,254,321,430,266,765,170,143,149,193,110,876,200,111,172,237,156
E01002216,Harrow 028C,E02000460,Harrow 028,E09000015,Harrow,1731,456,240,376,421,238,871,221,137,188,217,108,860,235,103,188,204,130
E01002217,Harrow 028D,E02000460,Harrow 028,E09000015,Harrow,1994,506,382,502,456,148,959,270,199,265,174,51,1035,236,183,237,282,97
E01002218,Harrow 030A,E02000462,Harrow 030,E09000015,Harrow,1795,402,247,390,471,285,906,200,145,200,228,133,889,202,102,190,243,152
E01002219,Harrow 030B,E02000462,Harrow 030,E09000015,Harrow,1798,371,281,454,442,250,896,175,146,233,230,112,902,196,135,221,212,138
E01002220,Harrow 031C,E02000463,Harrow 031,E09000015,Harrow,1584,340,303,264,469,208,833,188,166,150,224,105,751,152,137,114,245,103
E01002221,Harrow 030C,E02000462,Harrow 030,E09000015,Harrow,1627,296,300,401,405,225,841,160,142,231,205,103,786,136,158,170,200,122
E01002222,Harrow 030D,E02000462,Harrow 030,E09000015,Harrow,1620,376,267,297,466,214,809,193,121,161,241,93,811,183,146,136,225,121
E01002223,Harrow 031D,E02000463,Harrow 031,E09000015,Harrow,1689,385,256,329,495,224,857,209,127,160,241,120,832,176,129,169,254,104
E01002224,Harrow 031E,E02000463,Harrow 031,E09000015,Harrow,1436,328,279,268,391,170,700,172,152,121,177,78,736,156,127,147,214,92
E01002225,Harrow 001C,E02000433,Harrow 001,E09000015,Harrow,1823,242,172,218,435,756,783,104,92,92,195,300,1040,138,80,126,240,456
E01002226,Harrow 001D,E02000433,Harrow 001,E09000015,Harrow,2272,405,348,462,524,533,1076,192,187,218,250,229,1196,213,161,244,274,304
E01002227,Harrow 003A,E02000435,Harrow 003,E09000015,Harrow,1838,378,308,307,474,371,930,204,168,167,212,179,908,174,140,140,262,192
E01002228,Harrow 003B,E02000435,Harrow 003,E09000015,Harrow,2303,481,392,538,507,385,1143,256,203,300,230,154,1160,225,189,238,277,231
E01002229,Harrow 003C,E02000435,Harrow 003,E09000015,Harrow,1860,386,221,417,381,455,865,184,105,177,196,203,995,202,116,240,185,252
E01002230,Harrow 003D,E02000435,Harrow 003,E09000015,Harrow,1814,327,288,318,454,427,938,156,169,169,217,227,876,171,119,149,237,200
E01002231,Harrow 013E,E02000445,Harrow 013,E09000015,Harrow,1998,490,368,455,470,215,997,254,206,224,210,103,1001,236,162,231,260,112
E01002232,Harrow 011A,E02000443,Harrow 011,E09000015,Harrow,2044,455,340,453,432,364,1031,227,190,246,212,156,1013,228,150,207,220,208
E01002233,Harrow 011B,E02000443,Harrow 011,E09000015,Harrow,2349,567,385,568,562,267,1158,259,211,298,282,108,1191,308,174,270,280,159
E01002234,Harrow 011C,E02000443,Harrow 011,E09000015,Harrow,1694,426,368,342,393,165,848,223,185,171,194,75,846,203,183,171,199,90
E01002235,Harrow 011D,E02000443,Harrow 011,E09000015,Harrow,1974,517,312,401,467,277,955,256,159,217,205,118,1019,261,153,184,262,159
E01002236,Harrow 011E,E02000443,Harrow 011,E09000015,Harrow,2268,540,415,593,499,221,1121,249,205,316,239,112,1147,291,210,277,260,109
E01002237,Harrow 024A,E02000456,Harrow 024,E09000015,Harrow,1790,357,322,511,444,156,925,190,172,268,217,78,865,167,150,243,227,78
E01002238,Harrow 024B,E02000456,Harrow 024,E09000015,Harrow,1929,464,316,437,480,232,993,231,172,222,248,120,936,233,144,215,232,112
E01002239,Harrow 025C,E02000457,Harrow 025,E09000015,Harrow,1898,341,287,429,465,376,946,179,146,224,226,171,952,162,141,205,239,205
E01002240,Harrow 024C,E02000456,Harrow 024,E09000015,Harrow,1792,346,311,352,486,297,889,183,150,186,234,136,903,163,161,166,252,161
E01002241,Harrow 025D,E02000457,Harrow 025,E09000015,Harrow,1822,398,293,385,500,246,912,191,153,191,254,123,910,207,140,194,246,123
E01002242,Harrow 024D,E02000456,Harrow 024,E09000015,Harrow,1824,376,281,338,464,365,916,200,152,173,226,165,908,176,129,165,238,200
E01002243,Havering 013A,E02000476,Havering 013,E09000016,Havering,2075,471,356,514,468,266,969,228,166,223,248,104,1106,243,190,291,220,162
E01002244,Havering 011A,E02000474,Havering 011,E09000016,Havering,1925,443,317,513,432,220,933,207,173,228,225,100,992,236,144,285,207,120
E01002245,Havering 011B,E02000474,Havering 011,E09000016,Havering,1698,381,273,405,366,273,819,211,138,198,170,102,879,170,135,207,196,171
E01002246,Havering 017A,E02000480,Havering 017,E09000016,Havering,1889,294,311,298,436,550,844,142,172,138,203,189,1045,152,139,160,233,361
E01002247,Havering 017B,E02000480,Havering 017,E09000016,Havering,2324,580,467,612,501,164,1097,282,227,280,232,76,1227,298,240,332,269,88
E01002248,Havering 017C,E02000480,Havering 017,E09000016,Havering,1678,442,280,393,347,216,846,234,143,187,185,97,832,208,137,206,162,119
E01002249,Havering 017D,E02000480,Havering 017,E09000016,Havering,4133,1094,811,1364,643,221,1989,568,366,642,303,110,2144,526,445,722,340,111
E01002250,Havering 017E,E02000480,Havering 017,E09000016,Havering,1893,419,394,437,464,179,895,203,167,195,235,95,998,216,227,242,229,84
E01002251,Havering 017F,E02000480,Havering 017,E09000016,Havering,1497,342,264,313,375,203,724,188,122,150,158,106,773,154,142,163,217,97
E01002252,Havering 018A,E02000481,Havering 018,E09000016,Havering,1610,290,247,276,383,414,750,155,119,125,180,171,860,135,128,151,203,243
E01002253,Havering 019A,E02000482,Havering 019,E09000016,Havering,1584,266,198,289,407,424,804,151,91,160,189,213,780,115,107,129,218,211
E01002254,Havering 019B,E02000482,Havering 019,E09000016,Havering,1588,295,221,232,435,405,768,156,126,108,213,165,820,139,95,124,222,240
E01002255,Havering 022A,E02000485,Havering 022,E09000016,Havering,1602,327,218,340,409,308,759,162,106,168,185,138,843,165,112,172,224,170
E01002256,Havering 018B,E02000481,Havering 018,E09000016,Havering,1535,286,210,288,401,350,742,140,100,156,191,155,793,146,110,132,210,195
E01002257,Havering 019C,E02000482,Havering 019,E09000016,Havering,1746,314,249,232,491,460,854,153,150,107,248,196,892,161,99,125,243,264
E01002258,Havering 018C,E02000481,Havering 018,E09000016,Havering,1804,370,285,328,438,383,861,182,163,144,214,158,943,188,122,184,224,225
E01002259,Havering 018D,E02000481,Havering 018,E09000016,Havering,1504,308,236,288,386,286,695,166,108,142,170,109,809,142,128,146,216,177
E01002260,Havering 026A,E02000489,Havering 026,E09000016,Havering,1891,406,294,417,450,324,923,216,156,178,220,153,968,190,138,239,230,171
E01002261,Havering 026B,E02000489,Havering 026,E09000016,Havering,1716,374,278,359,465,240,823,186,146,170,233,88,893,188,132,189,232,152
E01002262,Havering 026C,E02000489,Havering 026,E09000016,Havering,1799,348,289,390,489,283,850,167,144,191,239,109,949,181,145,199,250,174
E01002263,Havering 026D,E02000489,Havering 026,E09000016,Havering,1651,341,212,339,418,341,818,186,101,167,212,152,833,155,111,172,206,189
E01002264,Havering 026E,E02000489,Havering 026,E09000016,Havering,1659,407,278,338,376,260,734,189,125,139,188,93,925,218,153,199,188,167
E01002265,Havering 025A,E02000488,Havering 025,E09000016,Havering,1376,235,197,294,369,281,657,118,109,151,160,119,719,117,88,143,209,162
E01002266,Havering 027A,E02000490,Havering 027,E09000016,Havering,1413,264,219,257,362,311,688,140,117,125,177,129,725,124,102,132,185,182
E01002267,Havering 027B,E02000490,Havering 027,E09000016,Havering,1567,305,273,326,334,329,736,166,150,151,146,123,831,139,123,175,188,206
E01002268,Havering 010A,E02000473,Havering 010,E09000016,Havering,1404,286,253,255,372,238,671,141,130,122,173,105,733,145,123,133,199,133
E01002269,Havering 010B,E02000473,Havering 010,E09000016,Havering,1805,393,295,322,457,338,847,190,154,151,213,139,958,203,141,171,244,199
E01002270,Havering 015A,E02000478,Havering 015,E09000016,Havering,1648,221,258,256,442,471,785,121,126,130,210,198,863,100,132,126,232,273
E01002271,Havering 015B,E02000478,Havering 015,E09000016,Havering,1540,253,236,224,417,410,746,117,137,110,205,177,794,136,99,114,212,233
E01002272,Havering 014A,E02000477,Havering 014,E09000016,Havering,1236,234,178,261,323,240,560,89,75,136,164,96,676,145,103,125,159,144
E01002273,Havering 015C,E02000478,Havering 015,E09000016,Havering,1268,198,185,193,354,338,593,89,94,91,172,147,675,109,91,102,182,191
E01002274,Havering 014B,E02000477,Havering 014,E09000016,Havering,1631,270,274,282,447,358,803,133,136,152,220,162,828,137,138,130,227,196
E01002275,Havering 015D,E02000478,Havering 015,E09000016,Havering,1326,189,211,165,370,391,658,99,118,90,176,175,668,90,93,75,194,216
E01002276,Havering 001A,E02000464,Havering 001,E09000016,Havering,2229,487,395,447,511,389,1035,228,185,199,244,179,1194,259,210,248,267,210
E01002277,Havering 002A,E02000465,Havering 002,E09000016,Havering,1584,342,246,354,416,226,776,177,124,174,202,99,808,165,122,180,214,127
E01002278,Havering 001B,E02000464,Havering 001,E09000016,Havering,1685,415,344,357,365,204,815,215,190,142,175,93,870,200,154,215,190,111
E01002279,Havering 002B,E02000465,Havering 002,E09000016,Havering,1732,436,265,383,436,212,837,212,142,179,206,98,895,224,123,204,230,114
E01002280,Havering 004A,E02000467,Havering 004,E09000016,Havering,1855,517,396,396,402,144,863,262,190,166,176,69,992,255,206,230,226,75
E01002281,Havering 002C,E02000465,Havering 002,E09000016,Havering,2611,807,358,815,465,166,1263,434,154,352,240,83,1348,373,204,463,225,83
E01002282,Havering 004B,E02000467,Havering 004,E09000016,Havering,2029,641,384,441,387,176,976,337,162,184,200,93,1053,304,222,257,187,83
E01002283,Havering 002D,E02000465,Havering 002,E09000016,Havering,1679,421,304,347,378,229,838,232,167,142,186,111,841,189,137,205,192,118
E01002284,Havering 004C,E02000467,Havering 004,E09000016,Havering,2039,494,368,482,501,194,966,262,177,208,248,71,1073,232,191,274,253,123
E01002285,Havering 025B,E02000488,Havering 025,E09000016,Havering,1282,245,167,246,328,296,626,112,88,115,162,149,656,133,79,131,166,147
E01002286,Havering 025C,E02000488,Havering 025,E09000016,Havering,1592,280,237,253,457,365,782,132,121,122,226,181,810,148,116,131,231,184
E01002287,Havering 023A,E02000486,Havering 023,E09000016,Havering,1536,286,229,278,411,332,721,127,123,132,184,155,815,159,106,146,227,177
E01002288,Havering 025D,E02000488,Havering 025,E09000016,Havering,1534,275,201,300,431,327,761,146,110,139,208,158,773,129,91,161,223,169
E01002289,Havering 022B,E02000485,Havering 022,E09000016,Havering,1710,331,271,358,472,278,813,161,144,187,208,113,897,170,127,171,264,165
E01002290,Havering 025E,E02000488,Havering 025,E09000016,Havering,1428,214,188,212,403,411,697,119,96,102,208,172,731,95,92,110,195,239
E01002291,Havering 023B,E02000486,Havering 023,E09000016,Havering,1647,208,234,332,434,439,825,119,107,166,231,202,822,89,127,166,203,237
E01002292,Havering 022C,E02000485,Havering 022,E09000016,Havering,1645,347,223,344,431,300,772,183,109,158,196,126,873,164,114,186,235,174
E01002293,Havering 007A,E02000470,Havering 007,E09000016,Havering,2785,505,495,968,538,279,1411,284,204,527,280,116,1374,221,291,441,258,163
E01002294,Havering 007B,E02000470,Havering 007,E09000016,Havering,1485,248,215,254,395,373,724,110,125,126,185,178,761,138,90,128,210,195
E01002295,Havering 010C,E02000473,Havering 010,E09000016,Havering,1925,366,313,492,407,347,912,183,161,217,201,150,1013,183,152,275,206,197
E01002296,Havering 007C,E02000470,Havering 007,E09000016,Havering,1736,298,263,286,460,429,833,130,136,160,221,186,903,168,127,126,239,243
E01002297,Havering 004D,E02000467,Havering 004,E09000016,Havering,1683,382,329,381,393,198,889,214,163,201,209,102,794,168,166,180,184,96
E01002298,Havering 007D,E02000470,Havering 007,E09000016,Havering,1577,285,240,309,434,309,766,158,115,150,211,132,811,127,125,159,223,177
E01002299,Havering 002E,E02000465,Havering 002,E09000016,Havering,1999,470,328,463,513,225,953,232,149,224,244,104,1046,238,179,239,269,121
E01002300,Havering 007E,E02000470,Havering 007,E09000016,Havering,1927,358,285,414,460,410,953,196,138,217,219,183,974,162,147,197,241,227
E01002301,Havering 003A,E02000466,Havering 003,E09000016,Havering,1675,326,238,304,426,381,794,166,112,141,196,179,881,160,126,163,230,202
E01002302,Havering 005A,E02000468,Havering 005,E09000016,Havering,1702,370,302,332,444,254,774,180,140,148,198,108,928,190,162,184,246,146
E01002303,Havering 003B,E02000466,Havering 003,E09000016,Havering,2155,506,404,430,481,334,987,254,204,199,191,139,1168,252,200,231,290,195
E01002304,Havering 003C,E02000466,Havering 003,E09000016,Havering,1659,274,306,269,402,408,798,146,144,132,180,196,861,128,162,137,222,212
E01002305,Havering 005B,E02000468,Havering 005,E09000016,Havering,1666,367,260,368,366,305,786,185,124,172,160,145,880,182,136,196,206,160
E01002306,Havering 003D,E02000466,Havering 003,E09000016,Havering,1799,509,314,395,390,191,850,259,150,164,186,91,949,250,164,231,204,100
E01002307,Havering 003E,E02000466,Havering 003,E09000016,Havering,1884,474,384,365,459,202,903,255,192,163,211,82,981,219,192,202,248,120
E01002308,Havering 005C,E02000468,Havering 005,E09000016,Havering,1807,372,313,350,413,359,841,187,145,174,203,132,966,185,168,176,210,227
E01002309,Havering 006A,E02000469,Havering 006,E09000016,Havering,1870,452,263,399,461,295,931,254,143,172,224,138,939,198,120,227,237,157
E01002310,Havering 006B,E02000469,Havering 006,E09000016,Havering,1789,362,331,355,437,304,834,182,154,159,220,119,955,180,177,196,217,185
E01002311,Havering 006C,E02000469,Havering 006,E09000016,Havering,1872,487,312,390,431,252,896,243,156,181,205,111,976,244,156,209,226,141
E01002312,Havering 001C,E02000464,Havering 001,E09000016,Havering,1683,359,240,333,365,386,799,173,126,146,182,172,884,186,114,187,183,214
E01002313,Havering 001D,E02000464,Havering 001,E09000016,Havering,2271,590,374,553,498,256,1037,293,179,230,233,102,1234,297,195,323,265,154
E01002314,Havering 004E,E02000467,Havering 004,E09000016,Havering,1859,528,313,442,367,209,894,295,167,187,165,80,965,233,146,255,202,129
E01002315,Havering 006D,E02000469,Havering 006,E09000016,Havering,1832,492,297,413,406,224,869,233,145,192,191,108,963,259,152,221,215,116
E01002316,Havering 004F,E02000467,Havering 004,E09000016,Havering,2072,579,317,451,469,256,996,308,140,204,231,113,1076,271,177,247,238,143
E01002317,Havering 014C,E02000477,Havering 014,E09000016,Havering,1601,269,281,273,444,334,781,148,143,142,196,152,820,121,138,131,248,182
E01002318,Havering 014D,E02000477,Havering 014,E09000016,Havering,1591,284,245,261,429,372,766,141,140,112,205,168,825,143,105,149,224,204
E01002319,Havering 016A,E02000479,Havering 016,E09000016,Havering,1791,388,310,374,442,277,851,185,143,194,215,114,940,203,167,180,227,163
E01002320,Havering 021A,E02000484,Havering 021,E09000016,Havering,1481,238,262,235,498,248,694,113,123,110,240,108,787,125,139,125,258,140
E01002321,Havering 021B,E02000484,Havering 021,E09000016,Havering,1762,296,295,298,522,351,881,146,156,137,272,170,881,150,139,161,250,181
E01002322,Havering 021C,E02000484,Havering 021,E09000016,Havering,1930,348,374,353,539,316,948,169,203,177,248,151,982,179,171,176,291,165
E01002323,Havering 021D,E02000484,Havering 021,E09000016,Havering,1663,292,306,296,495,274,817,155,141,153,239,129,846,137,165,143,256,145
E01002324,Havering 021E,E02000484,Havering 021,E09000016,Havering,1465,228,234,259,403,341,734,120,133,125,208,148,731,108,101,134,195,193
E01002325,Havering 011C,E02000474,Havering 011,E09000016,Havering,1956,440,332,426,393,365,821,201,158,166,169,127,1135,239,174,260,224,238
E01002326,Havering 005D,E02000468,Havering 005,E09000016,Havering,1685,369,266,348,415,287,791,188,123,166,187,127,894,181,143,182,228,160
E01002327,Havering 009A,E02000472,Havering 009,E09000016,Havering,1499,290,227,314,370,298,654,130,104,146,164,110,845,160,123,168,206,188
E01002328,Havering 009B,E02000472,Havering 009,E09000016,Havering,1784,382,281,390,455,276,875,187,172,171,214,131,909,195,109,219,241,145
E01002329,Havering 011D,E02000474,Havering 011,E09000016,Havering,1738,317,305,366,420,330,861,170,158,158,220,155,877,147,147,208,200,175
E01002330,Havering 011E,E02000474,Havering 011,E09000016,Havering,1959,443,343,411,471,291,982,237,185,194,236,130,977,206,158,217,235,161
E01002331,Havering 005E,E02000468,Havering 005,E09000016,Havering,1544,292,239,298,416,299,748,139,128,125,209,147,796,153,111,173,207,152
E01002332,Havering 009C,E02000472,Havering 009,E09000016,Havering,1683,336,204,384,378,381,772,173,97,169,179,154,911,163,107,215,199,227
E01002333,Havering 008A,E02000471,Havering 008,E09000016,Havering,1333,209,194,202,370,358,628,109,94,100,181,144,705,100,100,102,189,214
E01002334,Havering 008B,E02000471,Havering 008,E09000016,Havering,1678,234,224,244,487,489,817,113,118,125,242,219,861,121,106,119,245,270
E01002335,Havering 009D,E02000472,Havering 009,E09000016,Havering,1591,342,239,311,343,356,758,188,114,158,149,149,833,154,125,153,194,207
E01002336,Havering 008C,E02000471,Havering 008,E09000016,Havering,1643,305,246,303,403,386,802,161,127,161,186,167,841,144,119,142,217,219
E01002337,Havering 012A,E02000475,Havering 012,E09000016,Havering,1323,187,205,178,348,405,624,82,119,82,172,169,699,105,86,96,176,236
E01002338,Havering 009E,E02000472,Havering 009,E09000016,Havering,1363,290,210,285,339,239,681,146,117,152,166,100,682,144,93,133,173,139
E01002339,Havering 008D,E02000471,Havering 008,E09000016,Havering,1590,272,237,222,455,404,773,146,119,98,225,185,817,126,118,124,230,219
E01002340,Havering 009F,E02000472,Havering 009,E09000016,Havering,1432,272,218,285,406,251,720,164,103,142,207,104,712,108,115,143,199,147
E01002341,Havering 008E,E02000471,Havering 008,E09000016,Havering,1300,243,160,218,363,316,629,133,79,125,156,136,671,110,81,93,207,180
E01002342,Havering 030A,E02000493,Havering 030,E09000016,Havering,1747,426,299,352,435,235,880,232,165,159,220,104,867,194,134,193,215,131
E01002343,Havering 029A,E02000492,Havering 029,E09000016,Havering,1673,296,272,271,437,397,847,147,146,146,222,186,826,149,126,125,215,211
E01002344,Havering 029B,E02000492,Havering 029,E09000016,Havering,1867,429,280,363,465,330,898,203,134,177,253,131,969,226,146,186,212,199
E01002345,Havering 030B,E02000493,Havering 030,E09000016,Havering,1950,521,346,506,390,187,915,273,149,229,183,81,1035,248,197,277,207,106
E01002346,Havering 030C,E02000493,Havering 030,E09000016,Havering,1544,361,262,331,401,189,745,184,124,145,211,81,799,177,138,186,190,108
E01002347,Havering 030D,E02000493,Havering 030,E09000016,Havering,1640,353,279,345,393,270,760,175,137,168,171,109,880,178,142,177,222,161
E01002348,Havering 029C,E02000492,Havering 029,E09000016,Havering,1465,219,205,233,411,397,713,110,114,122,202,165,752,109,91,111,209,232
E01002349,Havering 029D,E02000492,Havering 029,E09000016,Havering,1498,235,238,241,433,351,727,133,115,107,200,172,771,102,123,134,233,179
E01002350,Havering 016B,E02000479,Havering 016,E09000016,Havering,1834,356,398,481,388,211,932,179,226,263,186,78,902,177,172,218,202,133
E01002351,Havering 016C,E02000479,Havering 016,E09000016,Havering,1778,421,276,449,442,190,813,199,129,207,197,81,965,222,147,242,245,109
E01002352,Havering 016D,E02000479,Havering 016,E09000016,Havering,1926,400,343,503,441,239,924,205,180,241,211,87,1002,195,163,262,230,152
E01002353,Havering 013B,E02000476,Havering 013,E09000016,Havering,2165,379,411,471,499,405,1092,206,201,229,263,193,1073,173,210,242,236,212
E01002354,Havering 012B,E02000475,Havering 012,E09000016,Havering,1357,247,179,257,362,312,653,117,94,127,181,134,704,130,85,130,181,178
E01002355,Havering 014E,E02000477,Havering 014,E09000016,Havering,1457,297,197,291,407,265,715,143,108,146,192,126,742,154,89,145,215,139
E01002356,Havering 013C,E02000476,Havering 013,E09000016,Havering,2366,526,527,681,429,203,1183,292,253,345,219,74,1183,234,274,336,210,129
E01002358,Havering 016E,E02000479,Havering 016,E09000016,Havering,2303,472,449,698,478,206,1094,243,195,323,231,102,1209,229,254,375,247,104
E01002359,Havering 020A,E02000483,Havering 020,E09000016,Havering,1280,216,191,214,374,285,626,105,100,96,201,124,654,111,91,118,173,161
E01002360,Havering 020B,E02000483,Havering 020,E09000016,Havering,1445,176,199,213,373,484,651,85,116,105,183,162,794,91,83,108,190,322
E01002361,Havering 020C,E02000483,Havering 020,E09000016,Havering,2052,382,369,505,456,340,988,195,179,236,245,133,1064,187,190,269,211,207
E01002362,Havering 022D,E02000485,Havering 022,E09000016,Havering,1518,261,223,318,416,300,742,138,116,157,202,129,776,123,107,161,214,171
E01002363,Havering 020D,E02000483,Havering 020,E09000016,Havering,1561,296,227,296,420,322,732,160,112,139,200,121,829,136,115,157,220,201
E01002364,Havering 023C,E02000486,Havering 023,E09000016,Havering,1437,174,199,249,394,421,669,93,99,123,189,165,768,81,100,126,205,256
E01002365,Havering 023D,E02000486,Havering 023,E09000016,Havering,1359,234,246,264,380,235,698,127,143,132,186,110,661,107,103,132,194,125
E01002366,Havering 023E,E02000486,Havering 023,E09000016,Havering,1435,246,253,277,421,238,728,143,129,144,209,103,707,103,124,133,212,135
E01002367,Havering 020E,E02000483,Havering 020,E09000016,Havering,1732,313,300,367,449,303,851,154,139,206,218,134,881,159,161,161,231,169
E01002368,Havering 028A,E02000491,Havering 028,E09000016,Havering,2120,537,411,471,504,197,1079,306,193,236,254,90,1041,231,218,235,250,107
E01002369,Havering 028B,E02000491,Havering 028,E09000016,Havering,2028,446,364,378,490,350,974,214,190,175,236,159,1054,232,174,203,254,191
E01002370,Havering 028C,E02000491,Havering 028,E09000016,Havering,2266,547,384,508,551,276,1143,292,202,243,272,134,1123,255,182,265,279,142
E01002371,Havering 028D,E02000491,Havering 028,E09000016,Havering,1697,355,263,322,419,338,819,189,133,144,207,146,878,166,130,178,212,192
E01002372,Havering 027C,E02000490,Havering 027,E09000016,Havering,1736,366,292,279,457,342,827,190,160,132,211,134,909,176,132,147,246,208
E01002373,Havering 027D,E02000490,Havering 027,E09000016,Havering,1715,414,235,350,402,314,835,218,113,179,174,151,880,196,122,171,228,163
E01002374,Havering 027E,E02000490,Havering 027,E09000016,Havering,1640,357,283,327,420,253,793,185,133,144,222,109,847,172,150,183,198,144
E01002375,Havering 028E,E02000491,Havering 028,E09000016,Havering,1837,426,253,443,433,282,889,217,124,205,227,116,948,209,129,238,206,166
E01002376,Havering 012C,E02000475,Havering 012,E09000016,Havering,1387,230,179,232,425,321,693,113,107,116,206,151,694,117,72,116,219,170
E01002377,Havering 010D,E02000473,Havering 010,E09000016,Havering,1746,365,276,399,411,295,842,162,149,196,206,129,904,203,127,203,205,166
E01002378,Havering 010E,E02000473,Havering 010,E09000016,Havering,1688,360,268,349,457,254,825,180,138,173,216,118,863,180,130,176,241,136
E01002379,Havering 012D,E02000475,Havering 012,E09000016,Havering,1695,305,274,368,429,319,833,155,131,186,237,124,862,150,143,182,192,195
E01002380,Havering 012E,E02000475,Havering 012,E09000016,Havering,2457,486,459,650,490,372,1201,253,242,312,253,141,1256,233,217,338,237,231
E01002381,Havering 012F,E02000475,Havering 012,E09000016,Havering,1701,305,276,350,418,352,796,147,142,161,189,157,905,158,134,189,229,195
E01002382,Havering 014F,E02000477,Havering 014,E09000016,Havering,1909,369,282,534,422,302,942,187,123,288,226,118,967,182,159,246,196,184
E01002383,Havering 010F,E02000473,Havering 010,E09000016,Havering,1712,318,268,368,437,321,870,170,168,177,218,137,842,148,100,191,219,184
E01002384,Havering 019D,E02000482,Havering 019,E09000016,Havering,1620,277,204,298,448,393,809,160,106,146,227,170,811,117,98,152,221,223
E01002385,Havering 024A,E02000487,Havering 024,E09000016,Havering,1642,254,252,270,459,407,825,137,166,149,210,163,817,117,86,121,249,244
E01002386,Havering 022E,E02000485,Havering 022,E09000016,Havering,2155,405,377,479,502,392,1045,198,166,267,258,156,1110,207,211,212,244,236
E01002387,Havering 024B,E02000487,Havering 024,E09000016,Havering,1614,284,221,195,497,417,773,136,110,96,240,191,841,148,111,99,257,226
E01002388,Havering 024C,E02000487,Havering 024,E09000016,Havering,1639,276,215,260,484,404,744,139,95,115,227,168,895,137,120,145,257,236
E01002389,Havering 024D,E02000487,Havering 024,E09000016,Havering,1469,198,185,182,428,476,698,105,83,90,205,215,771,93,102,92,223,261
E01002390,Havering 024E,E02000487,Havering 024,E09000016,Havering,1425,263,182,218,428,334,685,124,105,102,203,151,740,139,77,116,225,183
E01002391,Havering 018E,E02000481,Havering 018,E09000016,Havering,1696,263,229,263,468,473,806,139,137,127,216,187,890,124,92,136,252,286
E01002392,Hillingdon 020A,E02000513,Hillingdon 020,E09000017,Hillingdon,1800,540,308,394,413,145,876,292,150,161,192,81,924,248,158,233,221,64
E01002393,Hillingdon 020B,E02000513,Hillingdon 020,E09000017,Hillingdon,2202,575,384,506,533,204,1072,278,188,254,258,94,1130,297,196,252,275,110
E01002394,Hillingdon 021A,E02000514,Hillingdon 021,E09000017,Hillingdon,1734,429,307,426,384,188,931,233,178,225,211,84,803,196,129,201,173,104
E01002395,Hillingdon 021B,E02000514,Hillingdon 021,E09000017,Hillingdon,1481,304,227,399,390,161,814,158,121,231,203,101,667,146,106,168,187,60
E01002396,Hillingdon 026A,E02000519,Hillingdon 026,E09000017,Hillingdon,1887,435,329,395,433,295,986,223,175,206,233,149,901,212,154,189,200,146
E01002397,Hillingdon 021C,E02000514,Hillingdon 021,E09000017,Hillingdon,2093,552,343,525,490,183,1099,271,184,260,281,103,994,281,159,265,209,80
E01002398,Hillingdon 021D,E02000514,Hillingdon 021,E09000017,Hillingdon,1898,409,331,514,465,179,1097,266,179,300,261,91,801,143,152,214,204,88
E01002399,Hillingdon 021E,E02000514,Hillingdon 021,E09000017,Hillingdon,1666,378,259,374,410,245,857,180,148,180,232,117,809,198,111,194,178,128
E01002400,Hillingdon 024A,E02000517,Hillingdon 024,E09000017,Hillingdon,1809,449,288,409,441,222,918,224,173,212,203,106,891,225,115,197,238,116
E01002401,Hillingdon 024B,E02000517,Hillingdon 024,E09000017,Hillingdon,2328,642,394,605,474,213,1152,333,195,297,241,86,1176,309,199,308,233,127
E01002402,Hillingdon 024C,E02000517,Hillingdon 024,E09000017,Hillingdon,1637,371,300,369,411,186,808,187,152,184,194,91,829,184,148,185,217,95
E01002403,Hillingdon 024D,E02000517,Hillingdon 024,E09000017,Hillingdon,2357,685,418,553,498,203,1119,323,209,268,235,84,1238,362,209,285,263,119
E01002404,Hillingdon 024E,E02000517,Hillingdon 024,E09000017,Hillingdon,2084,574,330,504,477,199,1042,304,188,226,229,95,1042,270,142,278,248,104
E01002405,Hillingdon 027A,E02000520,Hillingdon 027,E09000017,Hillingdon,2098,473,376,494,526,229,1109,266,187,262,280,114,989,207,189,232,246,115
E01002406,Hillingdon 027B,E02000520,Hillingdon 027,E09000017,Hillingdon,3063,789,621,759,635,259,1587,416,310,384,360,117,1476,373,311,375,275,142
E01002407,Hillingdon 030A,E02000523,Hillingdon 030,E09000017,Hillingdon,3861,971,707,1204,711,268,1958,475,329,652,369,133,1903,496,378,552,342,135
E01002408,Hillingdon 019A,E02000512,Hillingdon 019,E09000017,Hillingdon,1641,370,304,380,415,172,876,216,180,203,201,76,765,154,124,177,214,96
E01002409,Hillingdon 019B,E02000512,Hillingdon 019,E09000017,Hillingdon,2061,444,373,463,476,305,1065,244,218,252,231,120,996,200,155,211,245,185
E01002410,Hillingdon 017A,E02000510,Hillingdon 017,E09000017,Hillingdon,1880,399,329,408,454,290,975,213,186,207,239,130,905,186,143,201,215,160
E01002411,Hillingdon 022A,E02000515,Hillingdon 022,E09000017,Hillingdon,1950,404,528,423,367,228,1043,215,307,228,176,117,907,189,221,195,191,111
E01002412,Hillingdon 017B,E02000510,Hillingdon 017,E09000017,Hillingdon,2561,416,705,548,592,300,1376,220,450,282,285,139,1185,196,255,266,307,161
E01002413,Hillingdon 022B,E02000515,Hillingdon 022,E09000017,Hillingdon,1596,419,315,335,335,192,803,239,158,156,178,72,793,180,157,179,157,120
E01002414,Hillingdon 015A,E02000508,Hillingdon 015,E09000017,Hillingdon,3818,223,2739,377,294,185,2311,136,1716,211,183,65,1507,87,1023,166,111,120
E01002415,Hillingdon 010A,E02000503,Hillingdon 010,E09000017,Hillingdon,1668,385,199,385,454,245,834,213,97,177,231,116,834,172,102,208,223,129
E01002416,Hillingdon 008A,E02000501,Hillingdon 008,E09000017,Hillingdon,1715,373,238,370,451,283,847,177,119,182,233,136,868,196,119,188,218,147
E01002417,Hillingdon 008B,E02000501,Hillingdon 008,E09000017,Hillingdon,1749,310,216,382,445,396,838,162,115,181,217,163,911,148,101,201,228,233
E01002418,Hillingdon 006A,E02000499,Hillingdon 006,E09000017,Hillingdon,1748,353,259,333,517,286,844,186,135,167,222,134,904,167,124,166,295,152
E01002419,Hillingdon 006B,E02000499,Hillingdon 006,E09000017,Hillingdon,1609,348,197,342,435,287,780,181,94,169,210,126,829,167,103,173,225,161
E01002420,Hillingdon 008C,E02000501,Hillingdon 008,E09000017,Hillingdon,1633,347,197,382,443,264,773,174,108,183,193,115,860,173,89,199,250,149
E01002421,Hillingdon 008D,E02000501,Hillingdon 008,E09000017,Hillingdon,1682,335,205,381,416,345,834,155,121,202,199,157,848,180,84,179,217,188
E01002422,Hillingdon 018A,E02000511,Hillingdon 018,E09000017,Hillingdon,1535,338,259,324,393,221,778,167,151,161,198,101,757,171,108,163,195,120
E01002423,Hillingdon 018B,E02000511,Hillingdon 018,E09000017,Hillingdon,1757,375,287,342,513,240,922,220,157,170,264,111,835,155,130,172,249,129
E01002424,Hillingdon 018C,E02000511,Hillingdon 018,E09000017,Hillingdon,1750,411,297,359,449,234,877,213,148,162,231,123,873,198,149,197,218,111
E01002425,Hillingdon 018D,E02000511,Hillingdon 018,E09000017,Hillingdon,1901,482,500,351,403,165,993,269,276,152,217,79,908,213,224,199,186,86
E01002426,Hillingdon 021F,E02000514,Hillingdon 021,E09000017,Hillingdon,1970,546,240,429,499,256,971,280,123,192,261,115,999,266,117,237,238,141
E01002427,Hillingdon 018E,E02000511,Hillingdon 018,E09000017,Hillingdon,1613,311,256,357,401,288,785,153,135,187,189,121,828,158,121,170,212,167
E01002428,Hillingdon 018F,E02000511,Hillingdon 018,E09000017,Hillingdon,1548,309,312,326,385,216,815,185,185,185,174,86,733,124,127,141,211,130
E01002429,Hillingdon 019C,E02000512,Hillingdon 019,E09000017,Hillingdon,1508,369,313,289,381,156,784,218,174,142,181,69,724,151,139,147,200,87
E01002430,Hillingdon 007A,E02000500,Hillingdon 007,E09000017,Hillingdon,1375,220,209,155,478,313,648,100,105,76,222,145,727,120,104,79,256,168
E01002431,Hillingdon 006C,E02000499,Hillingdon 006,E09000017,Hillingdon,1327,247,178,227,378,297,637,130,96,96,183,132,690,117,82,131,195,165
E01002432,Hillingdon 006D,E02000499,Hillingdon 006,E09000017,Hillingdon,1535,269,201,344,410,311,743,140,86,176,206,135,792,129,115,168,204,176
E01002433,Hillingdon 004A,E02000497,Hillingdon 004,E09000017,Hillingdon,2506,532,375,642,588,369,1180,256,181,311,276,156,1326,276,194,331,312,213
E01002434,Hillingdon 007B,E02000500,Hillingdon 007,E09000017,Hillingdon,1307,202,189,168,400,348,620,101,98,77,187,157,687,101,91,91,213,191
E01002435,Hillingdon 007C,E02000500,Hillingdon 007,E09000017,Hillingdon,1484,286,195,227,416,360,726,139,97,115,193,182,758,147,98,112,223,178
E01002436,Hillingdon 004B,E02000497,Hillingdon 004,E09000017,Hillingdon,1706,367,205,337,446,351,817,184,99,158,212,164,889,183,106,179,234,187
E01002437,Hillingdon 006E,E02000499,Hillingdon 006,E09000017,Hillingdon,1386,171,163,155,377,520,704,100,101,66,180,257,682,71,62,89,197,263
E01002438,Hillingdon 003A,E02000496,Hillingdon 003,E09000017,Hillingdon,1383,232,156,229,464,302,664,124,70,106,227,137,719,108,86,123,237,165
E01002439,Hillingdon 003B,E02000496,Hillingdon 003,E09000017,Hillingdon,1605,345,220,327,403,310,777,190,101,154,184,148,828,155,119,173,219,162
E01002440,Hillingdon 003C,E02000496,Hillingdon 003,E09000017,Hillingdon,1485,285,223,292,404,281,734,132,136,150,186,130,751,153,87,142,218,151
E01002441,Hillingdon 003D,E02000496,Hillingdon 003,E09000017,Hillingdon,1560,285,223,296,402,354,752,152,109,144,183,164,808,133,114,152,219,190
E01002442,Hillingdon 003E,E02000496,Hillingdon 003,E09000017,Hillingdon,1525,307,232,307,430,249,756,157,115,155,211,118,769,150,117,152,219,131
E01002443,Hillingdon 032A,E02000525,Hillingdon 032,E09000017,Hillingdon,2008,446,344,583,468,167,1048,219,176,306,272,75,960,227,168,277,196,92
E01002444,Hillingdon 031A,E02000524,Hillingdon 031,E09000017,Hillingdon,2296,352,392,699,590,263,1422,194,255,482,370,121,874,158,137,217,220,142
E01002445,Hillingdon 029A,E02000522,Hillingdon 029,E09000017,Hillingdon,1820,528,310,468,341,173,888,278,158,220,157,75,932,250,152,248,184,98
E01002446,Hillingdon 031B,E02000524,Hillingdon 031,E09000017,Hillingdon,1946,423,323,481,504,215,1042,211,180,260,296,95,904,212,143,221,208,120
E01002447,Hillingdon 031C,E02000524,Hillingdon 031,E09000017,Hillingdon,2363,473,433,691,593,173,1308,255,249,350,347,107,1055,218,184,341,246,66
E01002448,Hillingdon 032B,E02000525,Hillingdon 032,E09000017,Hillingdon,2399,563,363,661,518,294,1249,258,194,353,279,165,1150,305,169,308,239,129
E01002449,Hillingdon 032C,E02000525,Hillingdon 032,E09000017,Hillingdon,2379,498,371,715,607,188,1282,259,193,379,343,108,1097,239,178,336,264,80
E01002450,Hillingdon 014A,E02000507,Hillingdon 014,E09000017,Hillingdon,1548,372,232,358,405,181,761,186,105,177,203,90,787,186,127,181,202,91
E01002451,Hillingdon 014B,E02000507,Hillingdon 014,E09000017,Hillingdon,1491,327,238,301,384,241,735,171,140,135,171,118,756,156,98,166,213,123
E01002452,Hillingdon 014C,E02000507,Hillingdon 014,E09000017,Hillingdon,1521,327,248,350,390,206,782,169,137,182,184,110,739,158,111,168,206,96
E01002453,Hillingdon 014D,E02000507,Hillingdon 014,E09000017,Hillingdon,1797,417,307,389,443,241,890,198,192,180,221,99,907,219,115,209,222,142
E01002454,Hillingdon 014E,E02000507,Hillingdon 014,E09000017,Hillingdon,1909,538,300,407,364,300,909,252,159,193,179,126,1000,286,141,214,185,174
E01002455,Hillingdon 019D,E02000512,Hillingdon 019,E09000017,Hillingdon,1919,461,322,442,432,262,977,252,174,210,211,130,942,209,148,232,221,132
E01002456,Hillingdon 017C,E02000510,Hillingdon 017,E09000017,Hillingdon,1777,427,269,379,407,295,836,207,141,174,202,112,941,220,128,205,205,183
E01002457,Hillingdon 019E,E02000512,Hillingdon 019,E09000017,Hillingdon,1689,424,346,363,388,168,816,206,185,175,175,75,873,218,161,188,213,93
E01002458,Hillingdon 011A,E02000504,Hillingdon 011,E09000017,Hillingdon,1376,264,160,213,403,336,662,129,86,109,185,153,714,135,74,104,218,183
E01002459,Hillingdon 011B,E02000504,Hillingdon 011,E09000017,Hillingdon,1599,279,174,243,478,425,761,136,93,115,233,184,838,143,81,128,245,241
E01002460,Hillingdon 011C,E02000504,Hillingdon 011,E09000017,Hillingdon,1317,234,169,271,316,327,676,125,100,142,156,153,641,109,69,129,160,174
E01002461,Hillingdon 013A,E02000506,Hillingdon 013,E09000017,Hillingdon,1531,260,249,283,422,317,738,151,106,125,201,155,793,109,143,158,221,162
E01002462,Hillingdon 011D,E02000504,Hillingdon 011,E09000017,Hillingdon,1475,363,184,300,381,247,723,185,87,142,185,124,752,178,97,158,196,123
E01002463,Hillingdon 013B,E02000506,Hillingdon 013,E09000017,Hillingdon,1514,242,222,203,476,371,749,114,124,103,233,175,765,128,98,100,243,196
E01002464,Hillingdon 011E,E02000504,Hillingdon 011,E09000017,Hillingdon,1590,333,189,349,491,228,778,171,108,166,237,96,812,162,81,183,254,132
E01002465,Hillingdon 009A,E02000502,Hillingdon 009,E09000017,Hillingdon,1643,378,247,432,375,211,758,171,105,213,182,87,885,207,142,219,193,124
E01002466,Hillingdon 010B,E02000503,Hillingdon 010,E09000017,Hillingdon,1652,348,217,356,456,275,795,179,101,187,202,126,857,169,116,169,254,149
E01002467,Hillingdon 009B,E02000502,Hillingdon 009,E09000017,Hillingdon,1481,318,158,277,365,363,738,161,101,131,189,156,743,157,57,146,176,207
E01002468,Hillingdon 010C,E02000503,Hillingdon 010,E09000017,Hillingdon,1691,349,238,378,479,247,826,187,118,185,209,127,865,162,120,193,270,120
E01002469,Hillingdon 010D,E02000503,Hillingdon 010,E09000017,Hillingdon,1670,310,240,304,509,307,826,153,116,155,252,150,844,157,124,149,257,157
E01002470,Hillingdon 007D,E02000500,Hillingdon 007,E09000017,Hillingdon,1878,362,269,430,444,373,967,189,146,213,234,185,911,173,123,217,210,188
E01002471,Hillingdon 008E,E02000501,Hillingdon 008,E09000017,Hillingdon,1603,362,174,363,442,262,784,194,92,181,209,108,819,168,82,182,233,154
E01002472,Hillingdon 002A,E02000495,Hillingdon 002,E09000017,Hillingdon,1763,312,262,425,393,371,866,181,134,201,199,151,897,131,128,224,194,220
E01002473,Hillingdon 001A,E02000494,Hillingdon 001,E09000017,Hillingdon,1602,238,189,214,517,444,778,99,99,106,253,221,824,139,90,108,264,223
E01002474,Hillingdon 002B,E02000495,Hillingdon 002,E09000017,Hillingdon,1697,328,208,350,458,353,775,143,98,169,219,146,922,185,110,181,239,207
E01002475,Hillingdon 001B,E02000494,Hillingdon 001,E09000017,Hillingdon,1500,274,150,342,388,346,697,122,70,141,209,155,803,152,80,201,179,191
E01002476,Hillingdon 001C,E02000494,Hillingdon 001,E09000017,Hillingdon,1598,301,146,302,423,426,787,161,75,145,200,206,811,140,71,157,223,220
E01002477,Hillingdon 001D,E02000494,Hillingdon 001,E09000017,Hillingdon,1405,298,145,289,359,314,692,174,68,130,179,141,713,124,77,159,180,173
E01002478,Hillingdon 002C,E02000495,Hillingdon 002,E09000017,Hillingdon,1698,351,191,365,403,388,809,186,83,178,195,167,889,165,108,187,208,221
E01002479,Hillingdon 004C,E02000497,Hillingdon 004,E09000017,Hillingdon,1667,336,234,327,481,289,783,167,124,160,236,96,884,169,110,167,245,193
E01002480,Hillingdon 004D,E02000497,Hillingdon 004,E09000017,Hillingdon,1776,376,176,362,487,375,853,203,79,166,236,169,923,173,97,196,251,206
E01002481,Hillingdon 004E,E02000497,Hillingdon 004,E09000017,Hillingdon,1607,295,235,289,499,289,795,144,121,146,239,145,812,151,114,143,260,144
E01002482,Hillingdon 001E,E02000494,Hillingdon 001,E09000017,Hillingdon,1611,289,190,272,476,384,744,129,83,135,220,177,867,160,107,137,256,207
E01002483,Hillingdon 002D,E02000495,Hillingdon 002,E09000017,Hillingdon,2046,453,295,492,477,329,971,223,132,256,223,137,1075,230,163,236,254,192
E01002484,Hillingdon 002E,E02000495,Hillingdon 002,E09000017,Hillingdon,1378,276,166,329,361,246,675,146,87,167,169,106,703,130,79,162,192,140
E01002485,Hillingdon 002F,E02000495,Hillingdon 002,E09000017,Hillingdon,2027,469,300,537,421,300,987,222,134,279,199,153,1040,247,166,258,222,147
E01002486,Hillingdon 028A,E02000521,Hillingdon 028,E09000017,Hillingdon,2379,605,447,582,529,216,1202,306,231,280,287,98,1177,299,216,302,242,118
E01002487,Hillingdon 028B,E02000521,Hillingdon 028,E09000017,Hillingdon,2024,468,346,508,497,205,1076,259,192,265,274,86,948,209,154,243,223,119
E01002488,Hillingdon 030B,E02000523,Hillingdon 030,E09000017,Hillingdon,1869,447,336,424,463,199,1020,250,191,232,246,101,849,197,145,192,217,98
E01002489,Hillingdon 030C,E02000523,Hillingdon 030,E09000017,Hillingdon,2183,473,375,578,514,243,1193,268,212,326,283,104,990,205,163,252,231,139
E01002490,Hillingdon 030D,E02000523,Hillingdon 030,E09000017,Hillingdon,2386,539,446,642,518,241,1290,262,253,376,279,120,1096,277,193,266,239,121
E01002491,Hillingdon 032D,E02000525,Hillingdon 032,E09000017,Hillingdon,1742,457,281,399,428,177,886,251,150,209,199,77,856,206,131,190,229,100
E01002492,Hillingdon 030E,E02000523,Hillingdon 030,E09000017,Hillingdon,1882,430,304,472,476,200,1011,241,176,247,246,101,871,189,128,225,230,99
E01002493,Hillingdon 032E,E02000525,Hillingdon 032,E09000017,Hillingdon,1968,590,287,471,455,165,936,281,144,219,209,83,1032,309,143,252,246,82
E01002494,Hillingdon 009C,E02000502,Hillingdon 009,E09000017,Hillingdon,1769,428,258,427,442,214,877,214,126,216,211,110,892,214,132,211,231,104
E01002495,Hillingdon 010E,E02000503,Hillingdon 010,E09000017,Hillingdon,2327,433,575,691,414,214,1285,223,377,391,217,77,1042,210,198,300,197,137
E01002496,Hillingdon 033A,E02006796,Hillingdon 033,E09000017,Hillingdon,1891,407,300,495,442,247,963,229,155,245,229,105,928,178,145,250,213,142
E01002497,Hillingdon 033B,E02006796,Hillingdon 033,E09000017,Hillingdon,2453,590,390,712,444,317,1178,298,181,315,236,148,1275,292,209,397,208,169
E01002498,Hillingdon 033C,E02006796,Hillingdon 033,E09000017,Hillingdon,1310,264,184,246,374,242,652,145,97,131,168,111,658,119,87,115,206,131
E01002499,Hillingdon 033D,E02006796,Hillingdon 033,E09000017,Hillingdon,1845,375,288,470,439,273,954,198,163,251,232,110,891,177,125,219,207,163
E01002501,Hillingdon 026B,E02000519,Hillingdon 026,E09000017,Hillingdon,1763,355,337,419,430,222,919,189,194,228,201,107,844,166,143,191,229,115
E01002502,Hillingdon 026C,E02000519,Hillingdon 026,E09000017,Hillingdon,1761,435,338,395,396,197,910,232,187,197,201,93,851,203,151,198,195,104
E01002503,Hillingdon 027C,E02000520,Hillingdon 027,E09000017,Hillingdon,1949,443,374,503,442,187,991,217,211,244,222,97,958,226,163,259,220,90
E01002504,Hillingdon 027D,E02000520,Hillingdon 027,E09000017,Hillingdon,2929,827,389,780,642,291,1454,432,198,371,328,125,1475,395,191,409,314,166
E01002505,Hillingdon 026D,E02000519,Hillingdon 026,E09000017,Hillingdon,1820,479,261,448,465,167,895,253,133,198,249,62,925,226,128,250,216,105
E01002506,Hillingdon 027E,E02000520,Hillingdon 027,E09000017,Hillingdon,2365,602,359,650,571,183,1253,334,184,335,316,84,1112,268,175,315,255,99
E01002507,Hillingdon 027F,E02000520,Hillingdon 027,E09000017,Hillingdon,2053,495,355,560,460,183,1062,255,195,308,220,84,991,240,160,252,240,99
E01002508,Hillingdon 026E,E02000519,Hillingdon 026,E09000017,Hillingdon,2206,524,407,478,496,301,1201,316,246,252,238,149,1005,208,161,226,258,152
E01002509,Hillingdon 017D,E02000510,Hillingdon 017,E09000017,Hillingdon,1437,282,228,265,370,292,688,136,96,131,178,147,749,146,132,134,192,145
E01002511,Hillingdon 017E,E02000510,Hillingdon 017,E09000017,Hillingdon,1515,329,244,303,388,251,715,155,120,150,187,103,800,174,124,153,201,148
E01002512,Hillingdon 013C,E02000506,Hillingdon 013,E09000017,Hillingdon,1900,351,274,341,541,393,918,166,138,156,281,177,982,185,136,185,260,216
E01002513,Hillingdon 013D,E02000506,Hillingdon 013,E09000017,Hillingdon,1378,227,179,225,402,345,665,113,83,106,211,152,713,114,96,119,191,193
E01002514,Hillingdon 015C,E02000508,Hillingdon 015,E09000017,Hillingdon,2176,444,414,528,526,264,1146,269,202,285,281,109,1030,175,212,243,245,155
E01002515,Hillingdon 015D,E02000508,Hillingdon 015,E09000017,Hillingdon,2581,644,456,711,507,263,1239,314,197,341,246,141,1342,330,259,370,261,122
E01002516,Hillingdon 013E,E02000506,Hillingdon 013,E09000017,Hillingdon,1522,284,213,262,433,330,785,161,125,127,223,149,737,123,88,135,210,181
E01002518,Hillingdon 022C,E02000515,Hillingdon 022,E09000017,Hillingdon,1429,237,339,273,371,209,718,117,188,145,168,100,711,120,151,128,203,109
E01002519,Hillingdon 022D,E02000515,Hillingdon 022,E09000017,Hillingdon,1603,249,266,428,387,273,846,139,139,224,210,134,757,110,127,204,177,139
E01002520,Hillingdon 016B,E02000509,Hillingdon 016,E09000017,Hillingdon,1864,456,418,478,371,141,938,236,209,239,182,72,926,220,209,239,189,69
E01002521,Hillingdon 016C,E02000509,Hillingdon 016,E09000017,Hillingdon,2101,406,400,659,378,258,1049,187,165,361,198,138,1052,219,235,298,180,120
E01002523,Hillingdon 016D,E02000509,Hillingdon 016,E09000017,Hillingdon,1775,336,524,430,338,147,893,177,236,239,169,72,882,159,288,191,169,75
E01002525,Hillingdon 029B,E02000522,Hillingdon 029,E09000017,Hillingdon,1813,405,245,462,422,279,947,229,128,220,230,140,866,176,117,242,192,139
E01002526,Hillingdon 028C,E02000521,Hillingdon 028,E09000017,Hillingdon,2910,771,448,884,555,252,1440,387,227,454,247,125,1470,384,221,430,308,127
E01002527,Hillingdon 031D,E02000524,Hillingdon 031,E09000017,Hillingdon,1764,418,290,390,365,301,871,236,134,215,180,106,893,182,156,175,185,195
E01002528,Hillingdon 028D,E02000521,Hillingdon 028,E09000017,Hillingdon,1823,463,300,411,443,206,871,227,144,197,207,96,952,236,156,214,236,110
E01002529,Hillingdon 029C,E02000522,Hillingdon 029,E09000017,Hillingdon,2669,720,455,812,459,223,1324,342,230,416,232,104,1345,378,225,396,227,119
E01002530,Hillingdon 029D,E02000522,Hillingdon 029,E09000017,Hillingdon,1821,480,350,407,417,167,877,264,148,187,190,88,944,216,202,220,227,79
E01002531,Hillingdon 029E,E02000522,Hillingdon 029,E09000017,Hillingdon,1695,295,233,398,453,316,889,159,117,223,235,155,806,136,116,175,218,161
E01002532,Hillingdon 028E,E02000521,Hillingdon 028,E09000017,Hillingdon,4573,1356,828,1468,733,188,2258,704,393,731,342,88,2315,652,435,737,391,100
E01002533,Hillingdon 005A,E02000498,Hillingdon 005,E09000017,Hillingdon,1413,261,242,328,370,212,679,148,119,163,151,98,734,113,123,165,219,114
E01002534,Hillingdon 005B,E02000498,Hillingdon 005,E09000017,Hillingdon,1451,307,184,259,364,337,723,152,106,122,176,167,728,155,78,137,188,170
E01002535,Hillingdon 007E,E02000500,Hillingdon 007,E09000017,Hillingdon,2146,326,320,557,516,427,1096,167,151,302,279,197,1050,159,169,255,237,230
E01002536,Hillingdon 009D,E02000502,Hillingdon 009,E09000017,Hillingdon,1536,341,254,442,309,190,761,172,126,217,160,86,775,169,128,225,149,104
E01002537,Hillingdon 009E,E02000502,Hillingdon 009,E09000017,Hillingdon,2389,572,303,653,433,428,1155,285,143,310,219,198,1234,287,160,343,214,230
E01002538,Hillingdon 005C,E02000498,Hillingdon 005,E09000017,Hillingdon,1604,280,185,308,437,394,751,130,98,145,198,180,853,150,87,163,239,214
E01002539,Hillingdon 005D,E02000498,Hillingdon 005,E09000017,Hillingdon,1683,312,202,276,471,422,819,167,114,131,218,189,864,145,88,145,253,233
E01002540,Hillingdon 020C,E02000513,Hillingdon 020,E09000017,Hillingdon,1899,518,310,511,388,172,905,240,151,253,197,64,994,278,159,258,191,108
E01002541,Hillingdon 023A,E02000516,Hillingdon 023,E09000017,Hillingdon,2018,408,310,553,528,219,1032,209,172,283,261,107,986,199,138,270,267,112
E01002542,Hillingdon 020D,E02000513,Hillingdon 020,E09000017,Hillingdon,2246,693,375,586,419,173,1125,317,207,297,237,67,1121,376,168,289,182,106
E01002543,Hillingdon 020E,E02000513,Hillingdon 020,E09000017,Hillingdon,1984,581,311,442,464,186,942,279,153,196,214,100,1042,302,158,246,250,86
E01002544,Hillingdon 023B,E02000516,Hillingdon 023,E09000017,Hillingdon,1886,429,299,496,467,195,986,230,155,251,259,91,900,199,144,245,208,104
E01002545,Hillingdon 023C,E02000516,Hillingdon 023,E09000017,Hillingdon,1576,472,245,377,354,128,760,248,120,175,145,72,816,224,125,202,209,56
E01002546,Hillingdon 023D,E02000516,Hillingdon 023,E09000017,Hillingdon,1826,441,278,457,470,180,971,228,165,225,260,93,855,213,113,232,210,87
E01002547,Hillingdon 023E,E02000516,Hillingdon 023,E09000017,Hillingdon,1750,444,296,384,449,177,869,215,140,197,225,92,881,229,156,187,224,85
E01002548,Hillingdon 025A,E02000518,Hillingdon 025,E09000017,Hillingdon,1657,407,265,369,379,237,805,189,129,185,192,110,852,218,136,184,187,127
E01002549,Hillingdon 025B,E02000518,Hillingdon 025,E09000017,Hillingdon,1803,348,333,419,432,271,902,174,174,209,215,130,901,174,159,210,217,141
E01002550,Hillingdon 022E,E02000515,Hillingdon 022,E09000017,Hillingdon,1958,502,378,530,427,121,1016,267,214,251,222,62,942,235,164,279,205,59
E01002551,Hillingdon 025C,E02000518,Hillingdon 025,E09000017,Hillingdon,2040,425,375,489,516,235,993,212,205,256,238,82,1047,213,170,233,278,153
E01002552,Hillingdon 025D,E02000518,Hillingdon 025,E09000017,Hillingdon,1669,370,318,373,422,186,845,193,151,189,209,103,824,177,167,184,213,83
E01002553,Hillingdon 025E,E02000518,Hillingdon 025,E09000017,Hillingdon,1690,345,359,384,396,206,790,164,170,184,184,88,900,181,189,200,212,118
E01002554,Hillingdon 022F,E02000515,Hillingdon 022,E09000017,Hillingdon,3967,980,812,1237,734,204,1990,501,365,627,388,109,1977,479,447,610,346,95
E01002555,Hounslow 022A,E02000547,Hounslow 022,E09000018,Hounslow,1968,392,308,468,478,322,1023,202,161,277,234,149,945,190,147,191,244,173
E01002556,Hounslow 022B,E02000547,Hounslow 022,E09000018,Hounslow,1685,384,263,384,425,229,861,213,132,192,218,106,824,171,131,192,207,123
E01002557,Hounslow 023A,E02000548,Hounslow 023,E09000018,Hounslow,1871,423,338,426,434,250,941,208,183,216,228,106,930,215,155,210,206,144
E01002558,Hounslow 023B,E02000548,Hounslow 023,E09000018,Hounslow,2313,622,398,545,495,253,1142,291,218,285,234,114,1171,331,180,260,261,139
E01002559,Hounslow 023C,E02000548,Hounslow 023,E09000018,Hounslow,2539,642,455,640,559,243,1276,323,223,324,291,115,1263,319,232,316,268,128
E01002560,Hounslow 023D,E02000548,Hounslow 023,E09000018,Hounslow,1776,392,315,314,435,320,859,193,178,156,207,125,917,199,137,158,228,195
E01002561,Hounslow 023E,E02000548,Hounslow 023,E09000018,Hounslow,1393,375,267,288,351,112,682,173,143,140,168,58,711,202,124,148,183,54
E01002562,Hounslow 003A,E02000528,Hounslow 003,E09000018,Hounslow,1421,308,256,308,352,197,732,146,156,148,179,103,689,162,100,160,173,94
E01002563,Hounslow 006A,E02000531,Hounslow 006,E09000018,Hounslow,1634,316,306,375,375,262,811,157,156,192,183,123,823,159,150,183,192,139
E01002564,Hounslow 003B,E02000528,Hounslow 003,E09000018,Hounslow,1740,382,265,418,454,221,843,197,128,193,232,93,897,185,137,225,222,128
E01002565,Hounslow 006B,E02000531,Hounslow 006,E09000018,Hounslow,3057,511,943,731,568,304,1548,239,453,398,311,147,1509,272,490,333,257,157
E01002566,Hounslow 003C,E02000528,Hounslow 003,E09000018,Hounslow,3101,727,473,835,761,305,1522,359,249,390,369,155,1579,368,224,445,392,150
E01002567,Hounslow 006C,E02000531,Hounslow 006,E09000018,Hounslow,1712,320,229,458,452,253,884,160,124,245,238,117,828,160,105,213,214,136
E01002568,Hounslow 003D,E02000528,Hounslow 003,E09000018,Hounslow,3439,738,653,1020,675,353,1677,373,335,504,309,156,1762,365,318,516,366,197
E01002569,Hounslow 001A,E02000526,Hounslow 001,E09000018,Hounslow,2023,404,301,496,497,325,978,195,161,237,250,135,1045,209,140,259,247,190
E01002570,Hounslow 001B,E02000526,Hounslow 001,E09000018,Hounslow,1628,261,275,417,468,207,817,138,133,205,245,96,811,123,142,212,223,111
E01002571,Hounslow 007A,E02000532,Hounslow 007,E09000018,Hounslow,1292,218,180,228,430,236,661,97,94,111,233,126,631,121,86,117,197,110
E01002572,Hounslow 007B,E02000532,Hounslow 007,E09000018,Hounslow,1557,358,289,301,397,212,766,185,146,137,207,91,791,173,143,164,190,121
E01002573,Hounslow 001C,E02000526,Hounslow 001,E09000018,Hounslow,1513,271,229,238,518,257,757,141,125,119,251,121,756,130,104,119,267,136
E01002574,Hounslow 001D,E02000526,Hounslow 001,E09000018,Hounslow,1533,294,262,312,456,209,748,145,112,151,236,104,785,149,150,161,220,105
E01002575,Hounslow 001E,E02000526,Hounslow 001,E09000018,Hounslow,1686,320,289,369,475,233,816,153,143,191,236,93,870,167,146,178,239,140
E01002576,Hounslow 008A,E02000533,Hounslow 008,E09000018,Hounslow,1635,321,311,314,458,231,824,160,183,151,215,115,811,161,128,163,243,116
E01002577,Hounslow 007C,E02000532,Hounslow 007,E09000018,Hounslow,1557,282,279,338,434,224,798,138,158,189,206,107,759,144,121,149,228,117
E01002578,Hounslow 007D,E02000532,Hounslow 007,E09000018,Hounslow,1417,294,210,245,397,271,690,120,106,134,200,130,727,174,104,111,197,141
E01002579,Hounslow 008B,E02000533,Hounslow 008,E09000018,Hounslow,1730,335,181,300,504,410,843,170,90,138,245,200,887,165,91,162,259,210
E01002580,Hounslow 008C,E02000533,Hounslow 008,E09000018,Hounslow,1430,249,241,398,348,194,751,135,119,206,200,91,679,114,122,192,148,103
E01002581,Hounslow 008D,E02000533,Hounslow 008,E09000018,Hounslow,1855,321,307,510,493,224,960,163,161,264,272,100,895,158,146,246,221,124
E01002582,Hounslow 008E,E02000533,Hounslow 008,E09000018,Hounslow,1637,401,268,334,420,214,800,205,129,169,205,92,837,196,139,165,215,122
E01002583,Hounslow 013A,E02000538,Hounslow 013,E09000018,Hounslow,1710,321,337,376,439,237,873,150,168,198,237,120,837,171,169,178,202,117
E01002584,Hounslow 013B,E02000538,Hounslow 013,E09000018,Hounslow,2094,473,363,538,501,219,1105,239,221,278,260,107,989,234,142,260,241,112
E01002585,Hounslow 013C,E02000538,Hounslow 013,E09000018,Hounslow,1840,378,385,406,455,216,975,211,196,225,227,116,865,167,189,181,228,100
E01002586,Hounslow 013D,E02000538,Hounslow 013,E09000018,Hounslow,1818,340,322,470,418,268,959,149,168,277,244,121,859,191,154,193,174,147
E01002587,Hounslow 016A,E02000541,Hounslow 016,E09000018,Hounslow,2166,489,365,573,443,296,1120,237,187,315,249,132,1046,252,178,258,194,164
E01002588,Hounslow 016B,E02000541,Hounslow 016,E09000018,Hounslow,1830,491,303,385,489,162,896,263,143,170,238,82,934,228,160,215,251,80
E01002589,Hounslow 013E,E02000538,Hounslow 013,E09000018,Hounslow,2309,632,395,561,508,213,1156,318,218,280,248,92,1153,314,177,281,260,121
E01002590,Hounslow 022C,E02000547,Hounslow 022,E09000018,Hounslow,2110,482,334,467,531,296,1103,282,187,236,265,133,1007,200,147,231,266,163
E01002591,Hounslow 024A,E02000549,Hounslow 024,E09000018,Hounslow,1798,367,344,373,497,217,899,173,184,201,256,85,899,194,160,172,241,132
E01002592,Hounslow 022D,E02000547,Hounslow 022,E09000018,Hounslow,2190,503,352,536,504,295,1098,260,181,272,256,129,1092,243,171,264,248,166
E01002593,Hounslow 024B,E02000549,Hounslow 024,E09000018,Hounslow,2151,395,343,484,558,371,1090,190,171,274,287,168,1061,205,172,210,271,203
E01002594,Hounslow 024C,E02000549,Hounslow 024,E09000018,Hounslow,2066,486,342,461,493,284,1042,235,184,238,267,118,1024,251,158,223,226,166
E01002595,Hounslow 022E,E02000547,Hounslow 022,E09000018,Hounslow,2077,428,415,416,566,252,1043,222,214,203,289,115,1034,206,201,213,277,137
E01002596,Hounslow 027A,E02000552,Hounslow 027,E09000018,Hounslow,1902,473,405,522,401,101,979,256,212,261,204,46,923,217,193,261,197,55
E01002598,Hounslow 025B,E02000550,Hounslow 025,E09000018,Hounslow,2083,480,386,480,521,216,1088,244,222,245,258,119,995,236,164,235,263,97
E01002599,Hounslow 025C,E02000550,Hounslow 025,E09000018,Hounslow,1569,375,251,347,425,171,798,195,126,173,218,86,771,180,125,174,207,85
E01002600,Hounslow 025D,E02000550,Hounslow 025,E09000018,Hounslow,1503,345,266,325,382,185,788,190,143,186,180,89,715,155,123,139,202,96
E01002601,Hounslow 027B,E02000552,Hounslow 027,E09000018,Hounslow,1979,475,587,423,373,121,1138,237,448,196,197,60,841,238,139,227,176,61
E01002602,Hounslow 027C,E02000552,Hounslow 027,E09000018,Hounslow,1420,302,224,333,392,169,726,141,115,181,213,76,694,161,109,152,179,93
E01002603,Hounslow 025E,E02000550,Hounslow 025,E09000018,Hounslow,1966,491,373,427,485,190,943,230,203,203,224,83,1023,261,170,224,261,107
E01002604,Hounslow 026A,E02000551,Hounslow 026,E09000018,Hounslow,1604,457,355,315,353,124,812,228,197,147,176,64,792,229,158,168,177,60
E01002605,Hounslow 026B,E02000551,Hounslow 026,E09000018,Hounslow,2048,548,335,476,435,254,1020,289,164,229,226,112,1028,259,171,247,209,142
E01002606,Hounslow 026C,E02000551,Hounslow 026,E09000018,Hounslow,1658,378,279,344,432,225,841,185,153,188,198,117,817,193,126,156,234,108
E01002607,Hounslow 026D,E02000551,Hounslow 026,E09000018,Hounslow,2085,517,364,522,472,210,1040,268,175,256,237,104,1045,249,189,266,235,106
E01002608,Hounslow 028A,E02000553,Hounslow 028,E09000018,Hounslow,1930,512,300,426,462,230,946,256,162,214,217,97,984,256,138,212,245,133
E01002609,Hounslow 028B,E02000553,Hounslow 028,E09000018,Hounslow,1826,388,277,418,464,279,950,207,149,230,228,136,876,181,128,188,236,143
E01002610,Hounslow 028C,E02000553,Hounslow 028,E09000018,Hounslow,1740,469,295,352,393,231,860,246,141,165,208,100,880,223,154,187,185,131
E01002611,Hounslow 024D,E02000549,Hounslow 024,E09000018,Hounslow,1794,412,320,384,443,235,911,201,175,208,221,106,883,211,145,176,222,129
E01002612,Hounslow 024E,E02000549,Hounslow 024,E09000018,Hounslow,1924,436,318,446,464,260,964,250,153,215,245,101,960,186,165,231,219,159
E01002613,Hounslow 024F,E02000549,Hounslow 024,E09000018,Hounslow,1801,411,322,366,469,233,926,192,196,186,246,106,875,219,126,180,223,127
E01002614,Hounslow 027D,E02000552,Hounslow 027,E09000018,Hounslow,2058,511,298,575,445,229,1051,233,163,300,257,98,1007,278,135,275,188,131
E01002615,Hounslow 026E,E02000551,Hounslow 026,E09000018,Hounslow,1651,392,297,379,383,200,850,192,182,184,190,102,801,200,115,195,193,98
E01002616,Hounslow 027E,E02000552,Hounslow 027,E09000018,Hounslow,1589,386,253,347,395,208,822,216,123,175,210,98,767,170,130,172,185,110
E01002617,Hounslow 028D,E02000553,Hounslow 028,E09000018,Hounslow,1598,346,245,357,384,266,796,179,123,182,188,124,802,167,122,175,196,142
E01002618,Hounslow 011A,E02000536,Hounslow 011,E09000018,Hounslow,1693,300,298,374,464,257,863,154,177,197,208,127,830,146,121,177,256,130
E01002619,Hounslow 010A,E02000535,Hounslow 010,E09000018,Hounslow,1902,365,313,450,473,301,1000,171,199,261,227,142,902,194,114,189,246,159
E01002620,Hounslow 004A,E02000529,Hounslow 004,E09000018,Hounslow,2494,740,358,632,509,255,1243,373,156,321,266,127,1251,367,202,311,243,128
E01002621,Hounslow 011B,E02000536,Hounslow 011,E09000018,Hounslow,1789,397,285,462,425,220,900,209,163,241,192,95,889,188,122,221,233,125
E01002622,Hounslow 010B,E02000535,Hounslow 010,E09000018,Hounslow,1790,354,284,490,437,225,976,187,146,294,235,114,814,167,138,196,202,111
E01002623,Hounslow 011C,E02000536,Hounslow 011,E09000018,Hounslow,1769,348,293,447,428,253,914,182,159,247,221,105,855,166,134,200,207,148
E01002624,Hounslow 017A,E02000542,Hounslow 017,E09000018,Hounslow,1680,338,274,474,403,191,892,173,134,262,223,100,788,165,140,212,180,91
E01002625,Hounslow 004B,E02000529,Hounslow 004,E09000018,Hounslow,1673,337,305,336,442,253,856,173,165,171,228,119,817,164,140,165,214,134
E01002626,Hounslow 004C,E02000529,Hounslow 004,E09000018,Hounslow,1570,329,273,352,365,251,822,174,140,188,195,125,748,155,133,164,170,126
E01002627,Hounslow 004D,E02000529,Hounslow 004,E09000018,Hounslow,1744,459,313,403,400,169,884,224,174,227,187,72,860,235,139,176,213,97
E01002628,Hounslow 011D,E02000536,Hounslow 011,E09000018,Hounslow,1977,405,374,476,449,273,1013,216,173,272,215,137,964,189,201,204,234,136
E01002629,Hounslow 011E,E02000536,Hounslow 011,E09000018,Hounslow,2329,507,419,585,514,304,1238,279,230,328,257,144,1091,228,189,257,257,160
E01002630,Hounslow 012A,E02000537,Hounslow 012,E09000018,Hounslow,1950,400,290,587,445,228,1010,193,151,325,244,97,940,207,139,262,201,131
E01002631,Hounslow 004E,E02000529,Hounslow 004,E09000018,Hounslow,1515,334,254,333,379,215,836,194,145,184,204,109,679,140,109,149,175,106
E01002632,Hounslow 010C,E02000535,Hounslow 010,E09000018,Hounslow,1780,364,285,351,471,309,955,212,155,185,259,144,825,152,130,166,212,165
E01002633,Hounslow 005A,E02000530,Hounslow 005,E09000018,Hounslow,1917,525,352,413,426,201,932,244,193,204,197,94,985,281,159,209,229,107
E01002634,Hounslow 005B,E02000530,Hounslow 005,E09000018,Hounslow,1730,519,327,333,399,152,854,287,177,134,186,70,876,232,150,199,213,82
E01002635,Hounslow 010D,E02000535,Hounslow 010,E09000018,Hounslow,1824,364,309,455,438,258,943,168,182,252,218,123,881,196,127,203,220,135
E01002636,Hounslow 010E,E02000535,Hounslow 010,E09000018,Hounslow,2011,388,338,453,529,303,1026,218,189,233,255,131,985,170,149,220,274,172
E01002637,Hounslow 005C,E02000530,Hounslow 005,E09000018,Hounslow,1678,439,258,370,416,195,892,220,141,203,236,92,786,219,117,167,180,103
E01002638,Hounslow 005D,E02000530,Hounslow 005,E09000018,Hounslow,2028,545,368,428,456,231,960,246,188,214,214,98,1068,299,180,214,242,133
E01002639,Hounslow 012B,E02000537,Hounslow 012,E09000018,Hounslow,1801,329,300,479,428,265,960,173,161,296,222,108,841,156,139,183,206,157
E01002640,Hounslow 012C,E02000537,Hounslow 012,E09000018,Hounslow,1917,343,327,615,430,202,1068,166,193,396,232,81,849,177,134,219,198,121
E01002641,Hounslow 018A,E02000543,Hounslow 018,E09000018,Hounslow,2446,496,319,790,550,291,1266,253,154,462,273,124,1180,243,165,328,277,167
E01002642,Hounslow 015A,E02000540,Hounslow 015,E09000018,Hounslow,3226,867,485,996,619,259,1738,460,231,588,345,114,1488,407,254,408,274,145
E01002643,Hounslow 015B,E02000540,Hounslow 015,E09000018,Hounslow,2669,601,373,678,602,415,1334,304,182,375,299,174,1335,297,191,303,303,241
E01002645,Hounslow 015C,E02000540,Hounslow 015,E09000018,Hounslow,2396,451,404,694,581,266,1341,239,216,436,306,144,1055,212,188,258,275,122
E01002646,Hounslow 017B,E02000542,Hounslow 017,E09000018,Hounslow,2326,701,346,592,462,225,1191,349,185,304,245,108,1135,352,161,288,217,117
E01002647,Hounslow 021A,E02000546,Hounslow 021,E09000018,Hounslow,2227,598,324,514,580,211,1140,332,157,259,273,119,1087,266,167,255,307,92
E01002648,Hounslow 018C,E02000543,Hounslow 018,E09000018,Hounslow,3091,772,528,886,651,254,1680,445,277,499,338,121,1411,327,251,387,313,133
E01002649,Hounslow 018D,E02000543,Hounslow 018,E09000018,Hounslow,2105,519,324,575,524,163,1106,260,140,309,307,90,999,259,184,266,217,73
E01002650,Hounslow 021B,E02000546,Hounslow 021,E09000018,Hounslow,2484,696,385,649,525,229,1297,384,191,364,244,114,1187,312,194,285,281,115
E01002651,Hounslow 021C,E02000546,Hounslow 021,E09000018,Hounslow,1824,408,314,458,409,235,954,207,162,259,217,109,870,201,152,199,192,126
E01002652,Hounslow 021D,E02000546,Hounslow 021,E09000018,Hounslow,1754,307,304,437,438,268,928,170,162,236,223,137,826,137,142,201,215,131
E01002653,Hounslow 019A,E02000544,Hounslow 019,E09000018,Hounslow,1724,263,340,395,455,271,921,147,205,209,223,137,803,116,135,186,232,134
E01002654,Hounslow 019B,E02000544,Hounslow 019,E09000018,Hounslow,1797,357,289,396,469,286,915,184,152,197,237,145,882,173,137,199,232,141
E01002655,Hounslow 019C,E02000544,Hounslow 019,E09000018,Hounslow,1827,327,297,408,477,318,940,158,154,220,263,145,887,169,143,188,214,173
E01002656,Hounslow 019D,E02000544,Hounslow 019,E09000018,Hounslow,1224,230,184,272,325,213,582,120,95,129,149,89,642,110,89,143,176,124
E01002657,Hounslow 018E,E02000543,Hounslow 018,E09000018,Hounslow,1835,360,301,432,482,260,946,169,159,233,262,123,889,191,142,199,220,137
E01002658,Hounslow 015D,E02000540,Hounslow 015,E09000018,Hounslow,1308,291,189,294,343,191,663,137,106,161,178,81,645,154,83,133,165,110
E01002659,Hounslow 019E,E02000544,Hounslow 019,E09000018,Hounslow,1497,320,228,351,371,227,739,177,117,157,189,99,758,143,111,194,182,128
E01002660,Hounslow 016C,E02000541,Hounslow 016,E09000018,Hounslow,1969,368,324,520,543,214,1050,186,166,306,289,103,919,182,158,214,254,111
E01002661,Hounslow 016D,E02000541,Hounslow 016,E09000018,Hounslow,1950,354,291,553,491,261,1067,187,163,330,255,132,883,167,128,223,236,129
E01002662,Hounslow 017C,E02000542,Hounslow 017,E09000018,Hounslow,2658,405,431,929,604,289,1467,193,213,607,323,131,1191,212,218,322,281,158
E01002663,Hounslow 017D,E02000542,Hounslow 017,E09000018,Hounslow,2287,510,358,645,473,301,1179,272,198,358,229,122,1108,238,160,287,244,179
E01002664,Hounslow 017E,E02000542,Hounslow 017,E09000018,Hounslow,2881,795,381,749,610,346,1474,401,167,397,362,147,1407,394,214,352,248,199
E01002665,Hounslow 016E,E02000541,Hounslow 016,E09000018,Hounslow,1704,388,272,403,436,205,899,205,145,226,228,95,805,183,127,177,208,110
E01002666,Hounslow 021E,E02000546,Hounslow 021,E09000018,Hounslow,1558,266,345,383,356,208,877,130,246,230,185,86,681,136,99,153,171,122
E01002667,Hounslow 020A,E02000545,Hounslow 020,E09000018,Hounslow,1929,396,251,451,499,332,937,196,111,217,252,161,992,200,140,234,247,171
E01002668,Hounslow 014A,E02000539,Hounslow 014,E09000018,Hounslow,2004,486,271,512,476,259,911,251,136,224,215,85,1093,235,135,288,261,174
E01002669,Hounslow 014B,E02000539,Hounslow 014,E09000018,Hounslow,1711,401,270,406,468,166,798,177,147,184,213,77,913,224,123,222,255,89
E01002670,Hounslow 020B,E02000545,Hounslow 020,E09000018,Hounslow,1999,480,295,472,491,261,979,249,163,215,254,98,1020,231,132,257,237,163
E01002671,Hounslow 020C,E02000545,Hounslow 020,E09000018,Hounslow,1603,368,227,347,405,256,726,180,112,144,184,106,877,188,115,203,221,150
E01002672,Hounslow 020D,E02000545,Hounslow 020,E09000018,Hounslow,1641,317,369,407,365,183,817,164,187,197,182,87,824,153,182,210,183,96
E01002673,Hounslow 020E,E02000545,Hounslow 020,E09000018,Hounslow,1621,518,247,337,373,146,775,289,131,143,163,49,846,229,116,194,210,97
E01002674,Hounslow 012D,E02000537,Hounslow 012,E09000018,Hounslow,1896,422,233,558,409,274,977,225,129,279,226,118,919,197,104,279,183,156
E01002675,Hounslow 009A,E02000534,Hounslow 009,E09000018,Hounslow,2516,578,450,627,557,304,1288,299,223,336,293,137,1228,279,227,291,264,167
E01002676,Hounslow 012E,E02000537,Hounslow 012,E09000018,Hounslow,1584,221,240,381,386,356,825,119,128,221,200,157,759,102,112,160,186,199
E01002677,Hounslow 015E,E02000540,Hounslow 015,E09000018,Hounslow,1912,401,274,589,477,171,987,207,124,320,243,93,925,194,150,269,234,78
E01002678,Hounslow 009B,E02000534,Hounslow 009,E09000018,Hounslow,1814,347,270,466,446,285,968,162,156,264,242,144,846,185,114,202,204,141
E01002679,Hounslow 009C,E02000534,Hounslow 009,E09000018,Hounslow,1675,302,274,454,383,262,882,159,148,245,215,115,793,143,126,209,168,147
E01002680,Hounslow 009D,E02000534,Hounslow 009,E09000018,Hounslow,1914,357,369,499,478,211,1036,193,230,278,243,92,878,164,139,221,235,119
E01002681,Hounslow 014C,E02000539,Hounslow 014,E09000018,Hounslow,1967,394,381,490,512,190,957,206,177,250,230,94,1010,188,204,240,282,96
E01002682,Hounslow 014D,E02000539,Hounslow 014,E09000018,Hounslow,2412,556,400,689,491,276,1194,276,219,344,241,114,1218,280,181,345,250,162
E01002683,Hounslow 014E,E02000539,Hounslow 014,E09000018,Hounslow,2880,690,377,838,688,287,1387,321,192,409,352,113,1493,369,185,429,336,174
E01002684,Hounslow 006D,E02000531,Hounslow 006,E09000018,Hounslow,2748,525,441,768,647,367,1353,287,226,374,298,168,1395,238,215,394,349,199
E01002686,Hounslow 006E,E02000531,Hounslow 006,E09000018,Hounslow,1536,352,273,304,426,181,728,171,138,150,187,82,808,181,135,154,239,99
E01002687,Hounslow 029A,E02006792,Hounslow 029,E09000018,Hounslow,1671,282,263,493,446,187,835,110,161,253,231,80,836,172,102,240,215,107
E01002689,Hounslow 007E,E02000532,Hounslow 007,E09000018,Hounslow,1588,302,212,327,457,290,781,164,109,151,214,143,807,138,103,176,243,147
E01002690,Hounslow 007F,E02000532,Hounslow 007,E09000018,Hounslow,1444,259,266,278,428,213,747,156,130,146,212,103,697,103,136,132,216,110
E01002691,Hounslow 029B,E02006792,Hounslow 029,E09000018,Hounslow,1598,204,405,392,379,218,836,91,234,211,192,108,762,113,171,181,187,110
E01002692,Hounslow 029C,E02006792,Hounslow 029,E09000018,Hounslow,2103,379,385,632,483,224,1087,213,181,330,267,96,1016,166,204,302,216,128
E01002693,Hounslow 029D,E02006792,Hounslow 029,E09000018,Hounslow,1817,324,241,473,391,388,909,160,112,263,209,165,908,164,129,210,182,223
E01002694,Islington 019A,E02000572,Islington 019,E09000019,Islington,1613,370,393,376,289,185,745,189,168,181,117,90,868,181,225,195,172,95
E01002695,Islington 021A,E02000574,Islington 021,E09000019,Islington,1896,238,521,667,286,184,944,94,243,397,138,72,952,144,278,270,148,112
E01002696,Islington 020A,E02000573,Islington 020,E09000019,Islington,2180,303,456,741,442,238,1143,157,217,433,237,99,1037,146,239,308,205,139
E01002697,Islington 019B,E02000572,Islington 019,E09000019,Islington,2474,393,1098,396,379,208,1151,194,472,207,179,99,1323,199,626,189,200,109
E01002698,Islington 017A,E02000570,Islington 017,E09000019,Islington,2494,404,588,885,461,156,1319,220,318,508,211,62,1175,184,270,377,250,94
E01002699,Islington 017B,E02000570,Islington 017,E09000019,Islington,1729,192,385,538,388,226,924,103,210,314,178,119,805,89,175,224,210,107
E01002700,Islington 017C,E02000570,Islington 017,E09000019,Islington,1657,260,320,398,430,249,873,130,174,222,228,119,784,130,146,176,202,130
E01002701,Islington 023A,E02000576,Islington 023,E09000019,Islington,1904,238,651,480,322,213,976,133,290,299,156,98,928,105,361,181,166,115
E01002702,Islington 023B,E02000576,Islington 023,E09000019,Islington,2653,463,985,729,354,122,1336,220,480,407,178,51,1317,243,505,322,176,71
E01002703,Islington 023C,E02000576,Islington 023,E09000019,Islington,2760,516,858,737,463,186,1469,251,432,435,256,95,1291,265,426,302,207,91
E01002704,Islington 023D,E02000576,Islington 023,E09000019,Islington,2669,410,846,684,508,221,1431,201,463,380,281,106,1238,209,383,304,227,115
E01002706,Islington 023E,E02000576,Islington 023,E09000019,Islington,2605,482,867,609,453,194,1274,235,401,334,235,69,1331,247,466,275,218,125
E01002707,Islington 022B,E02000575,Islington 022,E09000019,Islington,2491,289,908,812,353,129,1348,172,436,490,205,45,1143,117,472,322,148,84
E01002708,Islington 015A,E02000568,Islington 015,E09000019,Islington,2605,372,986,668,384,195,1300,197,494,326,197,86,1305,175,492,342,187,109
E01002709,Islington 019C,E02000572,Islington 019,E09000019,Islington,1757,224,652,398,276,207,875,113,321,220,145,76,882,111,331,178,131,131
E01002710,Islington 019D,E02000572,Islington 019,E09000019,Islington,1683,327,452,393,359,152,791,139,225,198,165,64,892,188,227,195,194,88
E01002711,Islington 021B,E02000574,Islington 021,E09000019,Islington,2766,304,1115,689,536,122,1464,143,588,403,262,68,1302,161,527,286,274,54
E01002712,Islington 015B,E02000568,Islington 015,E09000019,Islington,2129,293,769,626,310,131,1380,154,540,437,178,71,749,139,229,189,132,60
E01002713,Islington 015C,E02000568,Islington 015,E09000019,Islington,2004,323,544,444,370,323,1056,180,303,232,207,134,948,143,241,212,163,189
E01002714,Islington 017D,E02000570,Islington 017,E09000019,Islington,1955,268,539,542,434,172,1056,144,290,301,231,90,899,124,249,241,203,82
E01002715,Islington 019E,E02000572,Islington 019,E09000019,Islington,1790,351,527,410,327,175,877,172,262,194,164,85,913,179,265,216,163,90
E01002716,Islington 014A,E02000567,Islington 014,E09000019,Islington,2524,478,611,701,467,267,1190,253,280,333,204,120,1334,225,331,368,263,147
E01002717,Islington 016A,E02000569,Islington 016,E09000019,Islington,1411,200,314,413,311,173,726,103,149,231,153,90,685,97,165,182,158,83
E01002718,Islington 014B,E02000567,Islington 014,E09000019,Islington,1854,226,429,628,389,182,1011,127,226,377,200,81,843,99,203,251,189,101
E01002719,Islington 016B,E02000569,Islington 016,E09000019,Islington,1712,277,364,500,297,274,851,157,150,274,131,139,861,120,214,226,166,135
E01002720,Islington 016C,E02000569,Islington 016,E09000019,Islington,2342,517,554,578,503,190,1119,272,255,284,224,84,1223,245,299,294,279,106
E01002721,Islington 014C,E02000567,Islington 014,E09000019,Islington,1836,278,352,614,425,167,906,132,166,335,184,89,930,146,186,279,241,78
E01002722,Islington 018A,E02000571,Islington 018,E09000019,Islington,1440,222,298,410,334,176,713,110,149,209,172,73,727,112,149,201,162,103
E01002723,Islington 022C,E02000575,Islington 022,E09000019,Islington,2075,271,890,466,313,135,1066,149,441,254,168,54,1009,122,449,212,145,81
E01002724,Islington 022D,E02000575,Islington 022,E09000019,Islington,2741,161,1225,728,488,139,1478,70,593,433,293,89,1263,91,632,295,195,50
E01002725,Islington 022E,E02000575,Islington 022,E09000019,Islington,1840,264,735,407,306,128,1006,130,420,236,156,64,834,134,315,171,150,64
E01002726,Islington 022F,E02000575,Islington 022,E09000019,Islington,1742,266,465,491,377,143,942,164,217,288,201,72,800,102,248,203,176,71
E01002727,Islington 021C,E02000574,Islington 021,E09000019,Islington,1696,240,312,568,412,164,894,119,149,328,224,74,802,121,163,240,188,90
E01002728,Islington 021D,E02000574,Islington 021,E09000019,Islington,2000,204,1093,343,281,79,958,81,467,193,174,43,1042,123,626,150,107,36
E01002729,Islington 021E,E02000574,Islington 021,E09000019,Islington,1726,209,385,457,444,231,862,105,179,248,225,105,864,104,206,209,219,126
E01002730,Islington 007A,E02000560,Islington 007,E09000019,Islington,2283,270,852,615,371,175,1183,144,391,366,196,86,1100,126,461,249,175,89
E01002731,Islington 007B,E02000560,Islington 007,E09000019,Islington,3657,466,1253,1160,575,203,1923,255,613,677,302,76,1734,211,640,483,273,127
E01002732,Islington 005A,E02000558,Islington 005,E09000019,Islington,1996,284,533,517,468,194,1104,165,294,298,265,82,892,119,239,219,203,112
E01002733,Islington 007C,E02000560,Islington 007,E09000019,Islington,1703,243,502,497,302,159,861,126,234,271,149,81,842,117,268,226,153,78
E01002734,Islington 005B,E02000558,Islington 005,E09000019,Islington,2792,618,1078,535,432,129,1314,308,467,270,215,54,1478,310,611,265,217,75
E01002735,Islington 003A,E02000556,Islington 003,E09000019,Islington,2559,305,982,635,474,163,1102,139,337,326,230,70,1457,166,645,309,244,93
E01002736,Islington 005C,E02000558,Islington 005,E09000019,Islington,1672,366,339,307,352,308,833,191,165,153,209,115,839,175,174,154,143,193
E01002737,Islington 005D,E02000558,Islington 005,E09000019,Islington,1997,490,535,455,368,149,986,257,274,232,171,52,1011,233,261,223,197,97
E01002738,Islington 009A,E02000562,Islington 009,E09000019,Islington,2247,391,478,639,496,243,1120,197,230,350,245,98,1127,194,248,289,251,145
E01002739,Islington 013A,E02000566,Islington 013,E09000019,Islington,2115,394,479,512,472,258,1010,180,219,275,234,102,1105,214,260,237,238,156
E01002740,Islington 013B,E02000566,Islington 013,E09000019,Islington,2577,460,551,854,512,200,1332,242,252,482,265,91,1245,218,299,372,247,109
E01002741,Islington 009B,E02000562,Islington 009,E09000019,Islington,1720,377,398,444,333,168,862,199,204,236,153,70,858,178,194,208,180,98
E01002742,Islington 006A,E02000559,Islington 006,E09000019,Islington,1769,308,380,527,356,198,900,164,191,284,164,97,869,144,189,243,192,101
E01002743,Islington 009C,E02000562,Islington 009,E09000019,Islington,1914,383,404,547,352,228,979,199,221,277,176,106,935,184,183,270,176,122
E01002744,Islington 009D,E02000562,Islington 009,E09000019,Islington,1575,205,298,539,350,183,827,122,139,299,186,81,748,83,159,240,164,102
E01002745,Islington 013C,E02000566,Islington 013,E09000019,Islington,1593,244,361,429,352,207,788,140,174,209,163,102,805,104,187,220,189,105
E01002747,Islington 006B,E02000559,Islington 006,E09000019,Islington,1949,367,588,464,363,167,1038,183,368,253,168,66,911,184,220,211,195,101
E01002748,Islington 006C,E02000559,Islington 006,E09000019,Islington,1694,364,387,451,357,135,829,191,162,246,161,69,865,173,225,205,196,66
E01002749,Islington 006D,E02000559,Islington 006,E09000019,Islington,1705,382,504,401,288,130,807,171,259,191,130,56,898,211,245,210,158,74
E01002751,Islington 005E,E02000558,Islington 005,E09000019,Islington,2164,501,489,548,431,195,1113,252,237,297,244,83,1051,249,252,251,187,112
E01002752,Islington 009E,E02000562,Islington 009,E09000019,Islington,1625,298,351,463,367,146,790,141,171,241,164,73,835,157,180,222,203,73
E01002753,Islington 002A,E02000555,Islington 002,E09000019,Islington,1553,213,432,360,361,187,757,117,204,194,168,74,796,96,228,166,193,113
E01002754,Islington 002B,E02000555,Islington 002,E09000019,Islington,1604,300,391,399,390,124,761,129,183,210,174,65,843,171,208,189,216,59
E01002755,Islington 001A,E02000554,Islington 001,E09000019,Islington,1445,282,288,345,357,173,736,157,150,182,164,83,709,125,138,163,193,90
E01002756,Islington 001B,E02000554,Islington 001,E09000019,Islington,1383,247,286,363,348,139,706,147,138,186,175,60,677,100,148,177,173,79
E01002757,Islington 002C,E02000555,Islington 002,E09000019,Islington,1534,336,355,305,365,173,711,168,170,145,163,65,823,168,185,160,202,108
E01002758,Islington 001C,E02000554,Islington 001,E09000019,Islington,1811,458,413,441,370,129,901,231,194,229,196,51,910,227,219,212,174,78
E01002759,Islington 002D,E02000555,Islington 002,E09000019,Islington,1569,230,386,325,384,244,749,115,196,167,173,98,820,115,190,158,211,146
E01002760,Islington 002E,E02000555,Islington 002,E09000019,Islington,1873,451,423,449,382,168,891,237,195,210,198,51,982,214,228,239,184,117
E01002762,Islington 011C,E02000564,Islington 011,E09000019,Islington,2228,236,774,648,379,191,1174,128,383,382,197,84,1054,108,391,266,182,107
E01002763,Islington 007D,E02000560,Islington 007,E09000019,Islington,1779,203,695,388,308,185,949,94,361,215,173,106,830,109,334,173,135,79
E01002764,Islington 010A,E02000563,Islington 010,E09000019,Islington,2014,355,600,500,362,197,1011,211,276,282,169,73,1003,144,324,218,193,124
E01002765,Islington 015D,E02000568,Islington 015,E09000019,Islington,4291,535,2216,882,466,192,1886,279,838,481,210,78,2405,256,1378,401,256,114
E01002766,Islington 015E,E02000568,Islington 015,E09000019,Islington,2554,426,878,577,461,212,1269,213,426,329,207,94,1285,213,452,248,254,118
E01002767,Islington 011D,E02000564,Islington 011,E09000019,Islington,2324,362,693,575,468,226,1067,185,294,289,210,89,1257,177,399,286,258,137
E01002768,Islington 004A,E02000557,Islington 004,E09000019,Islington,1740,253,333,473,424,257,858,161,140,258,190,109,882,92,193,215,234,148
E01002769,Islington 008A,E02000561,Islington 008,E09000019,Islington,2492,366,989,486,436,215,1236,186,476,251,206,117,1256,180,513,235,230,98
E01002770,Islington 004B,E02000557,Islington 004,E09000019,Islington,1849,250,514,524,355,206,907,113,245,284,182,83,942,137,269,240,173,123
E01002771,Islington 004C,E02000557,Islington 004,E09000019,Islington,1509,231,377,368,376,157,674,106,153,171,175,69,835,125,224,197,201,88
E01002772,Islington 002F,E02000555,Islington 002,E09000019,Islington,1960,260,633,515,381,171,1000,144,308,303,171,74,960,116,325,212,210,97
E01002773,Islington 004D,E02000557,Islington 004,E09000019,Islington,1461,250,315,327,312,257,754,139,172,174,159,110,707,111,143,153,153,147
E01002774,Islington 004E,E02000557,Islington 004,E09000019,Islington,2353,419,571,662,479,222,1183,194,317,353,219,100,1170,225,254,309,260,122
E01002775,Islington 014D,E02000567,Islington 014,E09000019,Islington,1615,245,415,546,317,92,809,114,197,296,160,42,806,131,218,250,157,50
E01002776,Islington 014E,E02000567,Islington 014,E09000019,Islington,2172,408,520,660,397,187,1062,196,274,309,199,84,1110,212,246,351,198,103
E01002777,Islington 012A,E02000565,Islington 012,E09000019,Islington,1800,222,416,603,369,190,905,100,208,326,186,85,895,122,208,277,183,105
E01002778,Islington 012B,E02000565,Islington 012,E09000019,Islington,1980,436,548,493,354,149,927,217,256,236,155,63,1053,219,292,257,199,86
E01002779,Islington 012C,E02000565,Islington 012,E09000019,Islington,2182,341,770,626,336,109,1091,180,356,338,161,56,1091,161,414,288,175,53
E01002780,Islington 014F,E02000567,Islington 014,E09000019,Islington,1723,293,352,554,363,161,836,147,162,301,156,70,887,146,190,253,207,91
E01002781,Islington 012D,E02000565,Islington 012,E09000019,Islington,1553,306,358,396,351,142,767,153,189,201,162,62,786,153,169,195,189,80
E01002782,Islington 012E,E02000565,Islington 012,E09000019,Islington,1697,411,416,383,371,116,808,207,200,193,161,47,889,204,216,190,210,69
E01002783,Islington 010B,E02000563,Islington 010,E09000019,Islington,1768,325,458,428,380,177,946,174,236,234,200,102,822,151,222,194,180,75
E01002784,Islington 010C,E02000563,Islington 010,E09000019,Islington,1858,310,471,478,408,191,988,179,250,248,225,86,870,131,221,230,183,105
E01002785,Islington 008B,E02000561,Islington 008,E09000019,Islington,2045,410,428,495,459,253,1061,226,228,273,228,106,984,184,200,222,231,147
E01002786,Islington 010D,E02000563,Islington 010,E09000019,Islington,1655,251,491,468,311,134,851,128,268,259,137,59,804,123,223,209,174,75
E01002787,Islington 010E,E02000563,Islington 010,E09000019,Islington,1485,239,440,415,273,118,804,118,229,260,145,52,681,121,211,155,128,66
E01002788,Islington 008C,E02000561,Islington 008,E09000019,Islington,2123,295,441,673,484,230,1140,163,243,345,280,109,983,132,198,328,204,121
E01002789,Islington 008D,E02000561,Islington 008,E09000019,Islington,2123,382,443,515,517,266,1044,208,218,252,237,129,1079,174,225,263,280,137
E01002790,Islington 016D,E02000569,Islington 016,E09000019,Islington,1592,298,332,366,390,206,784,137,170,199,177,101,808,161,162,167,213,105
E01002791,Islington 016E,E02000569,Islington 016,E09000019,Islington,2248,363,476,760,404,245,1132,178,209,412,207,126,1116,185,267,348,197,119
E01002792,Islington 017E,E02000570,Islington 017,E09000019,Islington,2242,357,529,747,412,197,1140,178,250,418,206,88,1102,179,279,329,206,109
E01002793,Islington 016F,E02000569,Islington 016,E09000019,Islington,2193,281,567,723,426,196,1173,173,289,400,207,104,1020,108,278,323,219,92
E01002794,Islington 020B,E02000573,Islington 020,E09000019,Islington,2140,216,590,645,442,247,1146,92,304,395,239,116,994,124,286,250,203,131
E01002795,Islington 013D,E02000566,Islington 013,E09000019,Islington,2244,290,600,756,414,184,1114,166,273,390,196,89,1130,124,327,366,218,95
E01002796,Islington 013E,E02000566,Islington 013,E09000019,Islington,1243,179,289,360,267,148,634,96,139,198,134,67,609,83,150,162,133,81
E01002797,Islington 018B,E02000571,Islington 018,E09000019,Islington,2175,320,611,678,348,218,1124,154,339,388,151,92,1051,166,272,290,197,126
E01002798,Islington 018C,E02000571,Islington 018,E09000019,Islington,2083,307,457,659,455,205,1084,140,226,391,229,98,999,167,231,268,226,107
E01002799,Islington 018D,E02000571,Islington 018,E09000019,Islington,2122,393,493,655,380,201,1058,211,237,351,168,91,1064,182,256,304,212,110
E01002800,Islington 018E,E02000571,Islington 018,E09000019,Islington,1698,324,460,361,387,166,812,171,228,164,168,81,886,153,232,197,219,85
E01002801,Islington 020C,E02000573,Islington 020,E09000019,Islington,1838,248,426,573,387,204,960,117,225,316,185,117,878,131,201,257,202,87
E01002802,Islington 020D,E02000573,Islington 020,E09000019,Islington,1622,243,383,522,343,131,860,116,208,306,163,67,762,127,175,216,180,64
E01002803,Islington 020E,E02000573,Islington 020,E09000019,Islington,3251,472,1085,921,561,212,1745,240,565,524,310,106,1506,232,520,397,251,106
E01002804,Islington 001D,E02000554,Islington 001,E09000019,Islington,1945,388,473,465,410,209,953,209,214,230,190,110,992,179,259,235,220,99
E01002805,Islington 003B,E02000556,Islington 003,E09000019,Islington,1736,193,548,537,329,129,932,100,308,295,170,59,804,93,240,242,159,70
E01002806,Islington 003C,E02000556,Islington 003,E09000019,Islington,1727,280,440,455,373,179,877,161,208,244,181,83,850,119,232,211,192,96
E01002807,Islington 001E,E02000554,Islington 001,E09000019,Islington,1978,291,680,502,362,143,945,147,295,260,192,51,1033,144,385,242,170,92
E01002808,Islington 003D,E02000556,Islington 003,E09000019,Islington,2174,349,627,581,414,203,1102,201,295,316,199,91,1072,148,332,265,215,112
E01002809,Islington 003E,E02000556,Islington 003,E09000019,Islington,1713,275,502,419,389,128,883,136,260,252,190,45,830,139,242,167,199,83
E01002810,Islington 003F,E02000556,Islington 003,E09000019,Islington,1760,393,359,447,402,159,887,222,168,229,195,73,873,171,191,218,207,86
E01002811,Islington 001F,E02000554,Islington 001,E09000019,Islington,1641,387,347,369,360,178,782,193,162,181,173,73,859,194,185,188,187,105
E01002812,Kensington and Chelsea 013A,E02000589,Kensington and Chelsea 013,E09000020,Kensington and Chelsea,1982,327,526,499,390,240,1047,179,319,274,167,108,935,148,207,225,223,132
E01002813,Kensington and Chelsea 011A,E02000587,Kensington and Chelsea 011,E09000020,Kensington and Chelsea,1632,308,226,317,452,329,811,155,121,165,216,154,821,153,105,152,236,175
E01002814,Kensington and Chelsea 015A,E02000591,Kensington and Chelsea 015,E09000020,Kensington and Chelsea,2400,460,471,571,629,269,1225,250,245,326,302,102,1175,210,226,245,327,167
E01002815,Kensington and Chelsea 011B,E02000587,Kensington and Chelsea 011,E09000020,Kensington and Chelsea,1340,169,314,378,299,180,652,73,165,203,142,69,688,96,149,175,157,111
E01002816,Kensington and Chelsea 011C,E02000587,Kensington and Chelsea 011,E09000020,Kensington and Chelsea,1467,260,246,393,333,235,719,128,143,197,149,102,748,132,103,196,184,133
E01002817,Kensington and Chelsea 011D,E02000587,Kensington and Chelsea 011,E09000020,Kensington and Chelsea,1499,261,199,303,407,329,729,118,98,160,196,157,770,143,101,143,211,172
E01002818,Kensington and Chelsea 012A,E02000588,Kensington and Chelsea 012,E09000020,Kensington and Chelsea,1884,217,396,505,459,307,1057,106,243,307,268,133,827,111,153,198,191,174
E01002819,Kensington and Chelsea 012B,E02000588,Kensington and Chelsea 012,E09000020,Kensington and Chelsea,1511,229,294,365,335,288,847,129,166,207,179,166,664,100,128,158,156,122
E01002820,Kensington and Chelsea 016A,E02000592,Kensington and Chelsea 016,E09000020,Kensington and Chelsea,1364,247,242,402,305,168,670,109,107,212,155,87,694,138,135,190,150,81
E01002821,Kensington and Chelsea 014A,E02000590,Kensington and Chelsea 014,E09000020,Kensington and Chelsea,1549,293,274,361,400,221,807,163,144,176,240,84,742,130,130,185,160,137
E01002822,Kensington and Chelsea 016B,E02000592,Kensington and Chelsea 016,E09000020,Kensington and Chelsea,1208,250,123,248,343,244,610,121,62,133,170,124,598,129,61,115,173,120
E01002823,Kensington and Chelsea 014B,E02000590,Kensington and Chelsea 014,E09000020,Kensington and Chelsea,1448,214,205,280,445,304,732,115,115,147,205,150,716,99,90,133,240,154
E01002824,Kensington and Chelsea 008A,E02000584,Kensington and Chelsea 008,E09000020,Kensington and Chelsea,1330,233,203,300,355,239,637,101,102,145,166,123,693,132,101,155,189,116
E01002825,Kensington and Chelsea 008B,E02000584,Kensington and Chelsea 008,E09000020,Kensington and Chelsea,2207,519,287,460,549,392,955,226,108,214,245,162,1252,293,179,246,304,230
E01002826,Kensington and Chelsea 008C,E02000584,Kensington and Chelsea 008,E09000020,Kensington and Chelsea,1610,308,266,440,357,239,795,164,144,220,162,105,815,144,122,220,195,134
E01002827,Kensington and Chelsea 008D,E02000584,Kensington and Chelsea 008,E09000020,Kensington and Chelsea,1850,400,216,491,458,285,881,192,88,255,206,140,969,208,128,236,252,145
E01002828,Kensington and Chelsea 008E,E02000584,Kensington and Chelsea 008,E09000020,Kensington and Chelsea,1394,276,178,308,375,257,677,126,78,164,193,116,717,150,100,144,182,141
E01002829,Kensington and Chelsea 004A,E02000580,Kensington and Chelsea 004,E09000020,Kensington and Chelsea,1301,188,173,346,387,207,671,112,88,194,186,91,630,76,85,152,201,116
E01002830,Kensington and Chelsea 004B,E02000580,Kensington and Chelsea 004,E09000020,Kensington and Chelsea,1621,233,212,420,435,321,846,135,128,210,215,158,775,98,84,210,220,163
E01002831,Kensington and Chelsea 004C,E02000580,Kensington and Chelsea 004,E09000020,Kensington and Chelsea,1737,310,274,430,470,253,852,152,123,245,241,91,885,158,151,185,229,162
E01002832,Kensington and Chelsea 004D,E02000580,Kensington and Chelsea 004,E09000020,Kensington and Chelsea,1537,260,226,440,388,223,758,142,117,234,173,92,779,118,109,206,215,131
E01002833,Kensington and Chelsea 007A,E02000583,Kensington and Chelsea 007,E09000020,Kensington and Chelsea,1391,238,191,416,373,173,673,133,95,203,169,73,718,105,96,213,204,100
E01002834,Kensington and Chelsea 013B,E02000589,Kensington and Chelsea 013,E09000020,Kensington and Chelsea,1542,277,285,415,389,176,808,133,164,215,216,80,734,144,121,200,173,96
E01002835,Kensington and Chelsea 016C,E02000592,Kensington and Chelsea 016,E09000020,Kensington and Chelsea,1666,287,369,446,346,218,841,144,191,248,153,105,825,143,178,198,193,113
E01002836,Kensington and Chelsea 016D,E02000592,Kensington and Chelsea 016,E09000020,Kensington and Chelsea,1464,228,285,444,358,149,751,127,145,260,162,57,713,101,140,184,196,92
E01002837,Kensington and Chelsea 016E,E02000592,Kensington and Chelsea 016,E09000020,Kensington and Chelsea,1360,241,201,340,360,218,710,131,97,193,199,90,650,110,104,147,161,128
E01002838,Kensington and Chelsea 020A,E02000596,Kensington and Chelsea 020,E09000020,Kensington and Chelsea,1290,220,260,335,306,169,641,106,122,185,149,79,649,114,138,150,157,90
E01002839,Kensington and Chelsea 013C,E02000589,Kensington and Chelsea 013,E09000020,Kensington and Chelsea,1486,186,344,417,344,195,808,91,207,234,185,91,678,95,137,183,159,104
E01002840,Kensington and Chelsea 021A,E02000597,Kensington and Chelsea 021,E09000020,Kensington and Chelsea,1228,205,136,237,314,336,588,120,74,124,147,123,640,85,62,113,167,213
E01002841,Kensington and Chelsea 021B,E02000597,Kensington and Chelsea 021,E09000020,Kensington and Chelsea,1282,173,191,351,363,204,666,88,99,203,184,92,616,85,92,148,179,112
E01002842,Kensington and Chelsea 021C,E02000597,Kensington and Chelsea 021,E09000020,Kensington and Chelsea,1002,202,136,201,258,205,473,105,68,107,110,83,529,97,68,94,148,122
E01002843,Kensington and Chelsea 021D,E02000597,Kensington and Chelsea 021,E09000020,Kensington and Chelsea,1364,232,184,278,400,270,652,111,81,156,173,131,712,121,103,122,227,139
E01002844,Kensington and Chelsea 019A,E02000595,Kensington and Chelsea 019,E09000020,Kensington and Chelsea,1405,201,228,274,377,325,683,112,118,128,180,145,722,89,110,146,197,180
E01002845,Kensington and Chelsea 019B,E02000595,Kensington and Chelsea 019,E09000020,Kensington and Chelsea,1450,200,250,329,381,290,801,109,167,190,208,127,649,91,83,139,173,163
E01002846,Kensington and Chelsea 017A,E02000593,Kensington and Chelsea 017,E09000020,Kensington and Chelsea,1312,150,316,362,314,170,702,80,167,219,149,87,610,70,149,143,165,83
E01002847,Kensington and Chelsea 015B,E02000591,Kensington and Chelsea 015,E09000020,Kensington and Chelsea,1602,204,462,465,340,131,841,81,244,267,192,57,761,123,218,198,148,74
E01002848,Kensington and Chelsea 015C,E02000591,Kensington and Chelsea 015,E09000020,Kensington and Chelsea,1476,224,336,409,326,181,774,92,186,249,149,98,702,132,150,160,177,83
E01002849,Kensington and Chelsea 017B,E02000593,Kensington and Chelsea 017,E09000020,Kensington and Chelsea,1602,263,340,416,357,226,817,132,175,216,186,108,785,131,165,200,171,118
E01002850,Kensington and Chelsea 013D,E02000589,Kensington and Chelsea 013,E09000020,Kensington and Chelsea,1471,178,431,375,329,158,759,111,205,206,169,68,712,67,226,169,160,90
E01002851,Kensington and Chelsea 015D,E02000591,Kensington and Chelsea 015,E09000020,Kensington and Chelsea,1527,133,265,392,392,345,755,73,128,210,200,144,772,60,137,182,192,201
E01002852,Kensington and Chelsea 001A,E02000577,Kensington and Chelsea 001,E09000020,Kensington and Chelsea,2011,355,468,485,447,256,997,203,197,252,226,119,1014,152,271,233,221,137
E01002853,Kensington and Chelsea 001B,E02000577,Kensington and Chelsea 001,E09000020,Kensington and Chelsea,993,184,194,228,262,125,489,92,111,119,111,56,504,92,83,109,151,69
E01002854,Kensington and Chelsea 001C,E02000577,Kensington and Chelsea 001,E09000020,Kensington and Chelsea,1032,206,169,191,267,199,519,105,75,107,137,95,513,101,94,84,130,104
E01002855,Kensington and Chelsea 001D,E02000577,Kensington and Chelsea 001,E09000020,Kensington and Chelsea,1524,283,214,359,450,218,819,161,108,209,227,114,705,122,106,150,223,104
E01002856,Kensington and Chelsea 004E,E02000580,Kensington and Chelsea 004,E09000020,Kensington and Chelsea,1557,210,288,439,433,187,770,93,150,253,176,98,787,117,138,186,257,89
E01002857,Kensington and Chelsea 001E,E02000577,Kensington and Chelsea 001,E09000020,Kensington and Chelsea,1131,195,171,209,375,181,589,103,91,109,205,81,542,92,80,100,170,100
E01002858,Kensington and Chelsea 014C,E02000590,Kensington and Chelsea 014,E09000020,Kensington and Chelsea,1350,152,278,282,339,299,612,85,115,145,138,129,738,67,163,137,201,170
E01002859,Kensington and Chelsea 012C,E02000588,Kensington and Chelsea 012,E09000020,Kensington and Chelsea,1627,252,280,337,522,236,887,150,167,179,291,100,740,102,113,158,231,136
E01002860,Kensington and Chelsea 012D,E02000588,Kensington and Chelsea 012,E09000020,Kensington and Chelsea,1512,191,250,308,469,294,743,92,121,157,223,150,769,99,129,151,246,144
E01002861,Kensington and Chelsea 014D,E02000590,Kensington and Chelsea 014,E09000020,Kensington and Chelsea,1258,153,177,284,371,273,607,85,75,154,169,124,651,68,102,130,202,149
E01002862,Kensington and Chelsea 014E,E02000590,Kensington and Chelsea 014,E09000020,Kensington and Chelsea,1274,93,298,233,364,286,602,42,152,122,172,114,672,51,146,111,192,172
E01002863,Kensington and Chelsea 012E,E02000588,Kensington and Chelsea 012,E09000020,Kensington and Chelsea,1378,185,146,304,457,286,742,95,89,186,228,144,636,90,57,118,229,142
E01002864,Kensington and Chelsea 009A,E02000585,Kensington and Chelsea 009,E09000020,Kensington and Chelsea,1515,296,185,216,477,341,690,132,90,100,223,145,825,164,95,116,254,196
E01002865,Kensington and Chelsea 011E,E02000587,Kensington and Chelsea 011,E09000020,Kensington and Chelsea,1689,453,181,354,492,209,849,227,98,179,248,97,840,226,83,175,244,112
E01002866,Kensington and Chelsea 009B,E02000585,Kensington and Chelsea 009,E09000020,Kensington and Chelsea,1659,251,299,453,462,194,855,159,159,255,201,81,804,92,140,198,261,113
E01002867,Kensington and Chelsea 009C,E02000585,Kensington and Chelsea 009,E09000020,Kensington and Chelsea,1825,321,340,474,485,205,914,172,175,245,244,78,911,149,165,229,241,127
E01002868,Kensington and Chelsea 009D,E02000585,Kensington and Chelsea 009,E09000020,Kensington and Chelsea,1605,286,164,327,432,396,827,161,88,193,184,201,778,125,76,134,248,195
E01002869,Kensington and Chelsea 009E,E02000585,Kensington and Chelsea 009,E09000020,Kensington and Chelsea,1541,313,193,390,367,278,741,139,102,202,178,120,800,174,91,188,189,158
E01002870,Kensington and Chelsea 005A,E02000581,Kensington and Chelsea 005,E09000020,Kensington and Chelsea,1435,227,231,296,405,276,734,124,125,168,188,129,701,103,106,128,217,147
E01002871,Kensington and Chelsea 007B,E02000583,Kensington and Chelsea 007,E09000020,Kensington and Chelsea,1671,319,213,372,495,272,825,161,94,214,230,126,846,158,119,158,265,146
E01002872,Kensington and Chelsea 005B,E02000581,Kensington and Chelsea 005,E09000020,Kensington and Chelsea,1332,248,144,217,376,347,608,133,73,114,145,143,724,115,71,103,231,204
E01002873,Kensington and Chelsea 007C,E02000583,Kensington and Chelsea 007,E09000020,Kensington and Chelsea,1261,189,158,313,370,231,631,102,78,168,176,107,630,87,80,145,194,124
E01002874,Kensington and Chelsea 007D,E02000583,Kensington and Chelsea 007,E09000020,Kensington and Chelsea,1267,201,246,315,328,177,632,99,136,163,163,71,635,102,110,152,165,106
E01002875,Kensington and Chelsea 007E,E02000583,Kensington and Chelsea 007,E09000020,Kensington and Chelsea,1362,263,161,228,382,328,618,120,66,109,167,156,744,143,95,119,215,172
E01002876,Kensington and Chelsea 003A,E02000579,Kensington and Chelsea 003,E09000020,Kensington and Chelsea,1646,368,199,343,424,312,809,187,102,179,209,132,837,181,97,164,215,180
E01002877,Kensington and Chelsea 003B,E02000579,Kensington and Chelsea 003,E09000020,Kensington and Chelsea,1623,391,268,304,482,178,742,180,129,155,211,67,881,211,139,149,271,111
E01002878,Kensington and Chelsea 003C,E02000579,Kensington and Chelsea 003,E09000020,Kensington and Chelsea,1556,231,237,426,404,258,758,101,133,231,201,92,798,130,104,195,203,166
E01002879,Kensington and Chelsea 005C,E02000581,Kensington and Chelsea 005,E09000020,Kensington and Chelsea,1278,217,246,261,299,255,608,119,119,122,145,103,670,98,127,139,154,152
E01002880,Kensington and Chelsea 005D,E02000581,Kensington and Chelsea 005,E09000020,Kensington and Chelsea,976,220,166,181,258,151,470,101,90,94,125,60,506,119,76,87,133,91
E01002881,Kensington and Chelsea 005E,E02000581,Kensington and Chelsea 005,E09000020,Kensington and Chelsea,1159,240,179,234,316,190,596,129,99,124,167,77,563,111,80,110,149,113
E01002882,Kensington and Chelsea 006A,E02000582,Kensington and Chelsea 006,E09000020,Kensington and Chelsea,1369,260,145,323,343,298,636,111,65,172,152,136,733,149,80,151,191,162
E01002883,Kensington and Chelsea 006B,E02000582,Kensington and Chelsea 006,E09000020,Kensington and Chelsea,1767,291,278,430,417,351,841,137,139,234,192,139,926,154,139,196,225,212
E01002884,Kensington and Chelsea 006C,E02000582,Kensington and Chelsea 006,E09000020,Kensington and Chelsea,1359,153,317,390,297,202,701,71,185,232,134,79,658,82,132,158,163,123
E01002885,Kensington and Chelsea 006D,E02000582,Kensington and Chelsea 006,E09000020,Kensington and Chelsea,1361,204,225,486,294,152,715,109,127,259,136,84,646,95,98,227,158,68
E01002886,Kensington and Chelsea 006E,E02000582,Kensington and Chelsea 006,E09000020,Kensington and Chelsea,1454,252,161,368,447,226,725,143,79,185,207,111,729,109,82,183,240,115
E01002887,Kensington and Chelsea 010A,E02000586,Kensington and Chelsea 010,E09000020,Kensington and Chelsea,1504,200,389,400,336,179,804,113,176,231,199,85,700,87,213,169,137,94
E01002888,Kensington and Chelsea 013E,E02000589,Kensington and Chelsea 013,E09000020,Kensington and Chelsea,2473,277,872,673,427,224,1409,167,500,399,248,95,1064,110,372,274,179,129
E01002889,Kensington and Chelsea 010B,E02000586,Kensington and Chelsea 010,E09000020,Kensington and Chelsea,1187,216,196,292,315,168,615,122,80,149,180,84,572,94,116,143,135,84
E01002890,Kensington and Chelsea 010C,E02000586,Kensington and Chelsea 010,E09000020,Kensington and Chelsea,1731,368,232,336,514,281,865,204,100,185,241,135,866,164,132,151,273,146
E01002891,Kensington and Chelsea 010D,E02000586,Kensington and Chelsea 010,E09000020,Kensington and Chelsea,1462,258,272,396,348,188,752,134,144,207,165,102,710,124,128,189,183,86
E01002892,Kensington and Chelsea 010E,E02000586,Kensington and Chelsea 010,E09000020,Kensington and Chelsea,1938,245,577,510,412,194,1025,130,312,275,200,108,913,115,265,235,212,86
E01002893,Kensington and Chelsea 017C,E02000593,Kensington and Chelsea 017,E09000020,Kensington and Chelsea,1679,222,373,455,374,255,858,108,186,241,218,105,821,114,187,214,156,150
E01002894,Kensington and Chelsea 017D,E02000593,Kensington and Chelsea 017,E09000020,Kensington and Chelsea,1771,222,583,430,369,167,969,116,344,225,230,54,802,106,239,205,139,113
E01002895,Kensington and Chelsea 020B,E02000596,Kensington and Chelsea 020,E09000020,Kensington and Chelsea,1428,301,207,282,406,232,787,196,129,142,203,117,641,105,78,140,203,115
E01002896,Kensington and Chelsea 020C,E02000596,Kensington and Chelsea 020,E09000020,Kensington and Chelsea,1748,312,259,498,434,245,916,176,139,285,209,107,832,136,120,213,225,138
E01002897,Kensington and Chelsea 020D,E02000596,Kensington and Chelsea 020,E09000020,Kensington and Chelsea,1465,230,339,408,309,179,774,146,151,213,186,78,691,84,188,195,123,101
E01002898,Kensington and Chelsea 017E,E02000593,Kensington and Chelsea 017,E09000020,Kensington and Chelsea,1866,449,220,402,509,286,918,243,104,207,266,98,948,206,116,195,243,188
E01002899,Kensington and Chelsea 018A,E02000594,Kensington and Chelsea 018,E09000020,Kensington and Chelsea,1544,213,164,384,459,324,811,100,78,212,261,160,733,113,86,172,198,164
E01002900,Kensington and Chelsea 018B,E02000594,Kensington and Chelsea 018,E09000020,Kensington and Chelsea,1618,261,213,281,483,380,750,131,95,127,214,183,868,130,118,154,269,197
E01002901,Kensington and Chelsea 018C,E02000594,Kensington and Chelsea 018,E09000020,Kensington and Chelsea,1277,135,143,192,251,556,773,76,91,102,121,383,504,59,52,90,130,173
E01002902,Kensington and Chelsea 018D,E02000594,Kensington and Chelsea 018,E09000020,Kensington and Chelsea,1646,201,197,435,486,327,869,106,98,262,279,124,777,95,99,173,207,203
E01002903,Kensington and Chelsea 018E,E02000594,Kensington and Chelsea 018,E09000020,Kensington and Chelsea,1641,310,176,312,565,278,729,134,68,160,264,103,912,176,108,152,301,175
E01002904,Kensington and Chelsea 002A,E02000578,Kensington and Chelsea 002,E09000020,Kensington and Chelsea,1083,224,173,217,323,146,551,127,101,108,151,64,532,97,72,109,172,82
E01002905,Kensington and Chelsea 002B,E02000578,Kensington and Chelsea 002,E09000020,Kensington and Chelsea,1417,261,245,292,405,214,678,135,130,134,202,77,739,126,115,158,203,137
E01002906,Kensington and Chelsea 002C,E02000578,Kensington and Chelsea 002,E09000020,Kensington and Chelsea,1748,325,258,391,410,364,888,171,146,226,182,163,860,154,112,165,228,201
E01002907,Kensington and Chelsea 002D,E02000578,Kensington and Chelsea 002,E09000020,Kensington and Chelsea,1331,332,197,206,383,213,639,178,104,96,161,100,692,154,93,110,222,113
E01002908,Kensington and Chelsea 003D,E02000579,Kensington and Chelsea 003,E09000020,Kensington and Chelsea,1295,272,222,270,351,180,674,159,109,148,174,84,621,113,113,122,177,96
E01002909,Kensington and Chelsea 003E,E02000579,Kensington and Chelsea 003,E09000020,Kensington and Chelsea,1918,319,247,562,523,267,1001,181,113,325,237,145,917,138,134,237,286,122
E01002910,Kensington and Chelsea 019C,E02000595,Kensington and Chelsea 019,E09000020,Kensington and Chelsea,1530,200,356,335,341,298,640,77,165,150,145,103,890,123,191,185,196,195
E01002911,Kensington and Chelsea 019D,E02000595,Kensington and Chelsea 019,E09000020,Kensington and Chelsea,1745,355,294,419,450,227,842,159,159,221,185,118,903,196,135,198,265,109
E01002912,Kensington and Chelsea 020E,E02000596,Kensington and Chelsea 020,E09000020,Kensington and Chelsea,1780,225,328,465,471,291,877,109,155,255,242,116,903,116,173,210,229,175
E01002913,Kensington and Chelsea 021E,E02000597,Kensington and Chelsea 021,E09000020,Kensington and Chelsea,2241,422,430,585,532,272,1120,206,218,346,251,99,1121,216,212,239,281,173
E01002914,Kensington and Chelsea 019E,E02000595,Kensington and Chelsea 019,E09000020,Kensington and Chelsea,1650,261,297,365,402,325,733,155,124,165,159,130,917,106,173,200,243,195
E01002915,Kingston upon Thames 014A,E02000611,Kingston upon Thames 014,E09000021,Kingston upon Thames,1391,294,143,274,339,341,681,126,93,126,180,156,710,168,50,148,159,185
E01002916,Kingston upon Thames 014B,E02000611,Kingston upon Thames 014,E09000021,Kingston upon Thames,1469,305,196,265,389,314,731,142,110,146,192,141,738,163,86,119,197,173
E01002917,Kingston upon Thames 014C,E02000611,Kingston upon Thames 014,E09000021,Kingston upon Thames,1451,310,150,272,400,319,732,179,73,137,189,154,719,131,77,135,211,165
E01002918,Kingston upon Thames 017A,E02000614,Kingston upon Thames 017,E09000021,Kingston upon Thames,1831,429,272,442,496,192,930,206,145,232,252,95,901,223,127,210,244,97
E01002919,Kingston upon Thames 017B,E02000614,Kingston upon Thames 017,E09000021,Kingston upon Thames,2110,433,381,482,545,269,1094,248,203,245,265,133,1016,185,178,237,280,136
E01002920,Kingston upon Thames 014D,E02000611,Kingston upon Thames 014,E09000021,Kingston upon Thames,1610,367,160,288,495,300,782,195,88,130,236,133,828,172,72,158,259,167
E01002921,Kingston upon Thames 011A,E02000608,Kingston upon Thames 011,E09000021,Kingston upon Thames,1676,244,326,607,322,177,888,131,194,319,153,91,788,113,132,288,169,86
E01002922,Kingston upon Thames 010A,E02000607,Kingston upon Thames 010,E09000021,Kingston upon Thames,1621,323,191,383,396,328,816,180,111,177,193,155,805,143,80,206,203,173
E01002923,Kingston upon Thames 013A,E02000610,Kingston upon Thames 013,E09000021,Kingston upon Thames,1795,234,508,391,352,310,961,129,305,190,202,135,834,105,203,201,150,175
E01002924,Kingston upon Thames 014E,E02000611,Kingston upon Thames 014,E09000021,Kingston upon Thames,1501,329,192,247,437,296,752,170,119,122,204,137,749,159,73,125,233,159
E01002925,Kingston upon Thames 013B,E02000610,Kingston upon Thames 013,E09000021,Kingston upon Thames,1618,240,288,561,356,173,802,108,151,295,190,58,816,132,137,266,166,115
E01002926,Kingston upon Thames 010B,E02000607,Kingston upon Thames 010,E09000021,Kingston upon Thames,1590,409,160,356,425,240,788,208,90,179,208,103,802,201,70,177,217,137
E01002927,Kingston upon Thames 008A,E02000605,Kingston upon Thames 008,E09000021,Kingston upon Thames,1645,298,216,344,464,323,778,147,125,161,221,124,867,151,91,183,243,199
E01002928,Kingston upon Thames 008B,E02000605,Kingston upon Thames 008,E09000021,Kingston upon Thames,1925,369,239,505,511,301,953,182,136,253,272,110,972,187,103,252,239,191
E01002929,Kingston upon Thames 007A,E02000604,Kingston upon Thames 007,E09000021,Kingston upon Thames,1679,349,187,349,465,329,802,155,97,169,228,153,877,194,90,180,237,176
E01002930,Kingston upon Thames 007B,E02000604,Kingston upon Thames 007,E09000021,Kingston upon Thames,1967,392,275,570,470,260,970,201,139,291,252,87,997,191,136,279,218,173
E01002931,Kingston upon Thames 007C,E02000604,Kingston upon Thames 007,E09000021,Kingston upon Thames,2082,496,249,477,635,225,1000,219,115,239,325,102,1082,277,134,238,310,123
E01002932,Kingston upon Thames 006A,E02000603,Kingston upon Thames 006,E09000021,Kingston upon Thames,2128,530,442,497,462,197,991,255,201,228,229,78,1137,275,241,269,233,119
E01002933,Kingston upon Thames 004A,E02000601,Kingston upon Thames 004,E09000021,Kingston upon Thames,2160,531,322,488,576,243,1068,245,160,249,301,113,1092,286,162,239,275,130
E01002934,Kingston upon Thames 004B,E02000601,Kingston upon Thames 004,E09000021,Kingston upon Thames,2199,594,308,477,631,189,1089,312,170,205,319,83,1110,282,138,272,312,106
E01002935,Kingston upon Thames 003A,E02000600,Kingston upon Thames 003,E09000021,Kingston upon Thames,2266,461,471,653,456,225,1227,282,253,332,252,108,1039,179,218,321,204,117
E01002937,Kingston upon Thames 004D,E02000601,Kingston upon Thames 004,E09000021,Kingston upon Thames,1874,539,206,453,499,177,897,273,112,217,223,72,977,266,94,236,276,105
E01002938,Kingston upon Thames 003B,E02000600,Kingston upon Thames 003,E09000021,Kingston upon Thames,2174,569,235,483,589,298,1086,303,117,234,297,135,1088,266,118,249,292,163
E01002939,Kingston upon Thames 018A,E02000615,Kingston upon Thames 018,E09000021,Kingston upon Thames,1676,387,224,433,433,199,855,182,106,248,233,86,821,205,118,185,200,113
E01002940,Kingston upon Thames 020A,E02000617,Kingston upon Thames 020,E09000021,Kingston upon Thames,1697,390,220,369,428,290,830,195,116,190,199,130,867,195,104,179,229,160
E01002941,Kingston upon Thames 018B,E02000615,Kingston upon Thames 018,E09000021,Kingston upon Thames,1646,296,212,326,467,345,812,150,112,168,239,143,834,146,100,158,228,202
E01002942,Kingston upon Thames 018C,E02000615,Kingston upon Thames 018,E09000021,Kingston upon Thames,1395,276,173,259,407,280,719,155,101,127,216,120,676,121,72,132,191,160
E01002943,Kingston upon Thames 020B,E02000617,Kingston upon Thames 020,E09000021,Kingston upon Thames,1428,334,194,320,379,201,726,161,109,167,191,98,702,173,85,153,188,103
E01002944,Kingston upon Thames 019A,E02000616,Kingston upon Thames 019,E09000021,Kingston upon Thames,1377,308,172,354,357,186,675,148,81,178,179,89,702,160,91,176,178,97
E01002945,Kingston upon Thames 019B,E02000616,Kingston upon Thames 019,E09000021,Kingston upon Thames,1583,309,187,440,387,260,817,177,105,206,214,115,766,132,82,234,173,145
E01002946,Kingston upon Thames 019C,E02000616,Kingston upon Thames 019,E09000021,Kingston upon Thames,1482,308,149,340,410,275,716,155,80,172,169,140,766,153,69,168,241,135
E01002947,Kingston upon Thames 019D,E02000616,Kingston upon Thames 019,E09000021,Kingston upon Thames,1612,339,219,339,440,275,832,180,122,173,216,141,780,159,97,166,224,134
E01002948,Kingston upon Thames 020C,E02000617,Kingston upon Thames 020,E09000021,Kingston upon Thames,2224,461,326,488,621,328,1107,251,173,256,295,132,1117,210,153,232,326,196
E01002949,Kingston upon Thames 020D,E02000617,Kingston upon Thames 020,E09000021,Kingston upon Thames,1914,418,288,414,557,237,998,237,157,205,289,110,916,181,131,209,268,127
E01002950,Kingston upon Thames 020E,E02000617,Kingston upon Thames 020,E09000021,Kingston upon Thames,1675,396,194,400,406,279,784,211,96,178,193,106,891,185,98,222,213,173
E01002951,Kingston upon Thames 003C,E02000600,Kingston upon Thames 003,E09000021,Kingston upon Thames,1825,407,309,398,442,269,922,201,177,189,245,110,903,206,132,209,197,159
E01002952,Kingston upon Thames 002A,E02000599,Kingston upon Thames 002,E09000021,Kingston upon Thames,1704,319,350,187,501,347,765,160,117,77,233,178,939,159,233,110,268,169
E01002953,Kingston upon Thames 002B,E02000599,Kingston upon Thames 002,E09000021,Kingston upon Thames,1617,290,296,272,431,328,775,138,158,150,203,126,842,152,138,122,228,202
E01002954,Kingston upon Thames 003D,E02000600,Kingston upon Thames 003,E09000021,Kingston upon Thames,1441,272,251,439,262,217,678,134,117,200,133,94,763,138,134,239,129,123
E01002955,Kingston upon Thames 002C,E02000599,Kingston upon Thames 002,E09000021,Kingston upon Thames,1628,281,337,346,390,274,830,141,200,182,181,126,798,140,137,164,209,148
E01002956,Kingston upon Thames 002D,E02000599,Kingston upon Thames 002,E09000021,Kingston upon Thames,2240,349,890,296,421,284,1157,196,497,134,207,123,1083,153,393,162,214,161
E01002957,Kingston upon Thames 003E,E02000600,Kingston upon Thames 003,E09000021,Kingston upon Thames,2030,436,692,413,332,157,947,212,357,170,148,60,1083,224,335,243,184,97
E01002958,Kingston upon Thames 008C,E02000605,Kingston upon Thames 008,E09000021,Kingston upon Thames,1833,460,189,452,501,231,913,222,107,220,256,108,920,238,82,232,245,123
E01002959,Kingston upon Thames 002E,E02000599,Kingston upon Thames 002,E09000021,Kingston upon Thames,1432,295,201,182,477,277,677,129,113,69,241,125,755,166,88,113,236,152
E01002960,Kingston upon Thames 006B,E02000603,Kingston upon Thames 006,E09000021,Kingston upon Thames,1737,329,281,345,489,293,859,153,143,170,245,148,878,176,138,175,244,145
E01002961,Kingston upon Thames 008D,E02000605,Kingston upon Thames 008,E09000021,Kingston upon Thames,1639,333,214,294,511,287,801,162,121,138,249,131,838,171,93,156,262,156
E01002962,Kingston upon Thames 006C,E02000603,Kingston upon Thames 006,E09000021,Kingston upon Thames,1870,433,284,383,492,278,912,216,159,186,223,128,958,217,125,197,269,150
E01002963,Kingston upon Thames 007D,E02000604,Kingston upon Thames 007,E09000021,Kingston upon Thames,1938,391,267,529,518,233,978,211,132,285,254,96,960,180,135,244,264,137
E01002964,Kingston upon Thames 005A,E02000602,Kingston upon Thames 005,E09000021,Kingston upon Thames,3555,424,1711,654,473,293,1699,230,751,356,209,153,1856,194,960,298,264,140
E01002965,Kingston upon Thames 009A,E02000606,Kingston upon Thames 009,E09000021,Kingston upon Thames,2123,444,192,689,465,333,1050,219,60,362,248,161,1073,225,132,327,217,172
E01002966,Kingston upon Thames 010C,E02000607,Kingston upon Thames 010,E09000021,Kingston upon Thames,2011,384,450,540,462,175,1044,181,281,263,243,76,967,203,169,277,219,99
E01002967,Kingston upon Thames 009B,E02000606,Kingston upon Thames 009,E09000021,Kingston upon Thames,2731,325,942,782,430,252,1312,161,409,415,221,106,1419,164,533,367,209,146
E01002968,Kingston upon Thames 009C,E02000606,Kingston upon Thames 009,E09000021,Kingston upon Thames,3353,409,1084,940,642,278,1691,216,465,519,365,126,1662,193,619,421,277,152
E01002969,Kingston upon Thames 005B,E02000602,Kingston upon Thames 005,E09000021,Kingston upon Thames,1932,499,452,441,385,155,921,248,184,232,195,62,1011,251,268,209,190,93
E01002970,Kingston upon Thames 006D,E02000603,Kingston upon Thames 006,E09000021,Kingston upon Thames,1764,395,395,421,387,166,880,184,206,221,187,82,884,211,189,200,200,84
E01002971,Kingston upon Thames 005C,E02000602,Kingston upon Thames 005,E09000021,Kingston upon Thames,2071,439,456,562,454,160,1071,235,212,288,256,80,1000,204,244,274,198,80
E01002972,Kingston upon Thames 005D,E02000602,Kingston upon Thames 005,E09000021,Kingston upon Thames,2429,431,664,700,399,235,1291,227,349,373,238,104,1138,204,315,327,161,131
E01002973,Kingston upon Thames 006E,E02000603,Kingston upon Thames 006,E09000021,Kingston upon Thames,1540,375,271,358,393,143,741,195,111,168,204,63,799,180,160,190,189,80
E01002974,Kingston upon Thames 005E,E02000602,Kingston upon Thames 005,E09000021,Kingston upon Thames,2143,442,464,466,506,265,1060,221,233,238,257,111,1083,221,231,228,249,154
E01002975,Kingston upon Thames 012A,E02000609,Kingston upon Thames 012,E09000021,Kingston upon Thames,1522,308,208,311,385,310,776,178,108,145,201,144,746,130,100,166,184,166
E01002976,Kingston upon Thames 015A,E02000612,Kingston upon Thames 015,E09000021,Kingston upon Thames,1669,369,169,397,423,311,775,184,77,173,199,142,894,185,92,224,224,169
E01002977,Kingston upon Thames 012B,E02000609,Kingston upon Thames 012,E09000021,Kingston upon Thames,1759,379,249,373,486,272,868,192,121,182,247,126,891,187,128,191,239,146
E01002978,Kingston upon Thames 015B,E02000612,Kingston upon Thames 015,E09000021,Kingston upon Thames,1906,325,210,428,505,438,944,149,117,224,244,210,962,176,93,204,261,228
E01002979,Kingston upon Thames 015C,E02000612,Kingston upon Thames 015,E09000021,Kingston upon Thames,1573,300,209,334,406,324,793,165,108,176,199,145,780,135,101,158,207,179
E01002980,Kingston upon Thames 012C,E02000609,Kingston upon Thames 012,E09000021,Kingston upon Thames,1411,214,198,234,450,315,714,122,93,122,219,158,697,92,105,112,231,157
E01002981,Kingston upon Thames 012D,E02000609,Kingston upon Thames 012,E09000021,Kingston upon Thames,1574,307,232,265,494,276,782,153,124,136,236,133,792,154,108,129,258,143
E01002982,Kingston upon Thames 015D,E02000612,Kingston upon Thames 015,E09000021,Kingston upon Thames,1406,215,165,217,417,392,705,122,105,102,218,158,701,93,60,115,199,234
E01002983,Kingston upon Thames 015E,E02000612,Kingston upon Thames 015,E09000021,Kingston upon Thames,1699,312,211,315,520,341,851,155,116,148,268,164,848,157,95,167,252,177
E01002984,Kingston upon Thames 012E,E02000609,Kingston upon Thames 012,E09000021,Kingston upon Thames,1475,291,161,284,446,293,737,129,87,133,245,143,738,162,74,151,201,150
E01002985,Kingston upon Thames 007E,E02000604,Kingston upon Thames 007,E09000021,Kingston upon Thames,1873,422,228,492,482,249,940,199,143,252,227,119,933,223,85,240,255,130
E01002986,Kingston upon Thames 008E,E02000605,Kingston upon Thames 008,E09000021,Kingston upon Thames,1393,283,159,250,374,327,711,166,96,136,182,131,682,117,63,114,192,196
E01002987,Kingston upon Thames 011B,E02000608,Kingston upon Thames 011,E09000021,Kingston upon Thames,1996,277,412,694,408,205,1036,138,233,378,204,83,960,139,179,316,204,122
E01002988,Kingston upon Thames 011C,E02000608,Kingston upon Thames 011,E09000021,Kingston upon Thames,1964,269,730,524,298,143,970,129,309,291,168,73,994,140,421,233,130,70
E01002989,Kingston upon Thames 011D,E02000608,Kingston upon Thames 011,E09000021,Kingston upon Thames,2084,411,259,751,473,190,1057,212,120,394,249,82,1027,199,139,357,224,108
E01002990,Kingston upon Thames 009D,E02000606,Kingston upon Thames 009,E09000021,Kingston upon Thames,1780,281,230,714,338,217,907,133,98,376,175,125,873,148,132,338,163,92
E01002991,Kingston upon Thames 009E,E02000606,Kingston upon Thames 009,E09000021,Kingston upon Thames,1608,321,240,436,408,203,810,155,118,238,212,87,798,166,122,198,196,116
E01002992,Kingston upon Thames 010D,E02000607,Kingston upon Thames 010,E09000021,Kingston upon Thames,2753,228,1850,347,214,114,1244,115,790,185,109,45,1509,113,1060,162,105,69
E01002993,Kingston upon Thames 013C,E02000610,Kingston upon Thames 013,E09000021,Kingston upon Thames,1654,248,243,624,349,190,851,125,108,327,188,103,803,123,135,297,161,87
E01002994,Kingston upon Thames 016A,E02000613,Kingston upon Thames 016,E09000021,Kingston upon Thames,1563,298,171,399,351,344,732,151,77,194,174,136,831,147,94,205,177,208
E01002995,Kingston upon Thames 013D,E02000610,Kingston upon Thames 013,E09000021,Kingston upon Thames,1580,294,211,376,367,332,770,165,118,178,164,145,810,129,93,198,203,187
E01002996,Kingston upon Thames 016B,E02000613,Kingston upon Thames 016,E09000021,Kingston upon Thames,1514,337,187,410,393,187,754,174,83,208,194,95,760,163,104,202,199,92
E01002997,Kingston upon Thames 016C,E02000613,Kingston upon Thames 016,E09000021,Kingston upon Thames,1647,325,219,414,445,244,829,180,122,188,221,118,818,145,97,226,224,126
E01002998,Kingston upon Thames 016D,E02000613,Kingston upon Thames 016,E09000021,Kingston upon Thames,1643,470,189,404,394,186,755,227,78,180,186,84,888,243,111,224,208,102
E01002999,Kingston upon Thames 013E,E02000610,Kingston upon Thames 013,E09000021,Kingston upon Thames,1492,277,277,542,289,107,783,146,141,280,156,60,709,131,136,262,133,47
E01003000,Kingston upon Thames 017C,E02000614,Kingston upon Thames 017,E09000021,Kingston upon Thames,1785,424,237,462,456,206,894,210,136,234,212,102,891,214,101,228,244,104
E01003001,Kingston upon Thames 017D,E02000614,Kingston upon Thames 017,E09000021,Kingston upon Thames,1914,427,258,416,538,275,956,201,145,206,279,125,958,226,113,210,259,150
E01003002,Kingston upon Thames 016E,E02000613,Kingston upon Thames 016,E09000021,Kingston upon Thames,2004,487,241,561,451,264,995,232,137,300,215,111,1009,255,104,261,236,153
E01003003,Kingston upon Thames 017E,E02000614,Kingston upon Thames 017,E09000021,Kingston upon Thames,1823,362,304,467,444,246,957,178,192,246,226,115,866,184,112,221,218,131
E01003004,Kingston upon Thames 018D,E02000615,Kingston upon Thames 018,E09000021,Kingston upon Thames,1549,329,194,354,426,246,778,163,103,181,211,120,771,166,91,173,215,126
E01003005,Kingston upon Thames 018E,E02000615,Kingston upon Thames 018,E09000021,Kingston upon Thames,1583,352,186,343,445,257,772,192,100,174,191,115,811,160,86,169,254,142
E01003006,Kingston upon Thames 001A,E02000598,Kingston upon Thames 001,E09000021,Kingston upon Thames,1514,292,188,293,454,287,714,157,83,126,220,128,800,135,105,167,234,159
E01003007,Kingston upon Thames 001B,E02000598,Kingston upon Thames 001,E09000021,Kingston upon Thames,1602,380,198,294,470,260,835,230,96,136,251,122,767,150,102,158,219,138
E01003008,Kingston upon Thames 001C,E02000598,Kingston upon Thames 001,E09000021,Kingston upon Thames,1520,429,127,257,489,218,720,219,57,106,237,101,800,210,70,151,252,117
E01003009,Kingston upon Thames 001D,E02000598,Kingston upon Thames 001,E09000021,Kingston upon Thames,2169,593,233,451,614,278,1037,308,126,198,281,124,1132,285,107,253,333,154
E01003010,Kingston upon Thames 001E,E02000598,Kingston upon Thames 001,E09000021,Kingston upon Thames,1542,322,198,274,506,242,776,167,112,138,252,107,766,155,86,136,254,135
E01003011,Kingston upon Thames 004E,E02000601,Kingston upon Thames 004,E09000021,Kingston upon Thames,1861,406,236,402,481,336,872,198,127,186,209,152,989,208,109,216,272,184
E01003013,Lambeth 036A,E02006801,Lambeth 036,E09000022,Lambeth,2909,126,1684,678,291,130,1439,82,751,370,173,63,1470,44,933,308,118,67
E01003014,Lambeth 036B,E02006801,Lambeth 036,E09000022,Lambeth,1693,228,372,461,399,233,867,103,194,263,218,89,826,125,178,198,181,144
E01003015,Lambeth 002A,E02000619,Lambeth 002,E09000022,Lambeth,1688,245,385,381,472,205,791,107,156,192,251,85,897,138,229,189,221,120
E01003016,Lambeth 036C,E02006801,Lambeth 036,E09000022,Lambeth,2888,136,1990,331,276,155,1270,89,757,207,141,76,1618,47,1233,124,135,79
E01003017,Lambeth 036D,E02006801,Lambeth 036,E09000022,Lambeth,1952,197,654,433,419,249,1033,102,344,246,220,121,919,95,310,187,199,128
E01003018,Lambeth 020A,E02000637,Lambeth 020,E09000022,Lambeth,2168,192,668,780,392,136,1117,109,303,464,187,54,1051,83,365,316,205,82
E01003019,Lambeth 015A,E02000632,Lambeth 015,E09000022,Lambeth,1952,210,651,625,314,152,934,105,289,310,165,65,1018,105,362,315,149,87
E01003020,Lambeth 016A,E02000633,Lambeth 016,E09000022,Lambeth,1711,276,436,538,329,132,787,137,173,258,155,64,924,139,263,280,174,68
E01003021,Lambeth 021A,E02000638,Lambeth 021,E09000022,Lambeth,2371,273,572,772,505,249,1584,159,391,547,354,133,787,114,181,225,151,116
E01003022,Lambeth 021B,E02000638,Lambeth 021,E09000022,Lambeth,1765,273,442,576,339,135,821,122,196,301,153,49,944,151,246,275,186,86
E01003023,Lambeth 021C,E02000638,Lambeth 021,E09000022,Lambeth,2665,398,747,965,427,128,1298,208,306,516,209,59,1367,190,441,449,218,69
E01003024,Lambeth 021D,E02000638,Lambeth 021,E09000022,Lambeth,1773,375,406,538,357,97,861,185,190,272,185,29,912,190,216,266,172,68
E01003025,Lambeth 021E,E02000638,Lambeth 021,E09000022,Lambeth,2023,365,440,602,459,157,1032,195,214,321,235,67,991,170,226,281,224,90
E01003026,Lambeth 019A,E02000636,Lambeth 019,E09000022,Lambeth,1544,197,440,529,263,115,817,95,198,316,149,59,727,102,242,213,114,56
E01003027,Lambeth 019B,E02000636,Lambeth 019,E09000022,Lambeth,1308,287,228,342,284,167,671,173,103,178,131,86,637,114,125,164,153,81
E01003028,Lambeth 019C,E02000636,Lambeth 019,E09000022,Lambeth,1551,296,356,423,342,134,773,156,171,224,168,54,778,140,185,199,174,80
E01003029,Lambeth 017A,E02000634,Lambeth 017,E09000022,Lambeth,1889,233,579,589,358,130,950,112,288,320,176,54,939,121,291,269,182,76
E01003030,Lambeth 019D,E02000636,Lambeth 019,E09000022,Lambeth,2018,290,611,720,275,122,1013,123,239,418,163,70,1005,167,372,302,112,52
E01003031,Lambeth 023A,E02000640,Lambeth 023,E09000022,Lambeth,1667,262,546,494,258,107,776,138,232,220,128,58,891,124,314,274,130,49
E01003032,Lambeth 017B,E02000634,Lambeth 017,E09000022,Lambeth,1729,233,460,452,363,221,905,135,239,238,188,105,824,98,221,214,175,116
E01003033,Lambeth 019E,E02000636,Lambeth 019,E09000022,Lambeth,1598,342,342,400,372,142,801,179,167,202,192,61,797,163,175,198,180,81
E01003034,Lambeth 012A,E02000629,Lambeth 012,E09000022,Lambeth,1739,314,438,503,346,138,904,177,231,274,157,65,835,137,207,229,189,73
E01003035,Lambeth 012B,E02000629,Lambeth 012,E09000022,Lambeth,1585,175,557,484,257,112,778,69,252,277,118,62,807,106,305,207,139,50
E01003036,Lambeth 012C,E02000629,Lambeth 012,E09000022,Lambeth,1544,215,410,475,314,130,806,110,221,269,154,52,738,105,189,206,160,78
E01003037,Lambeth 013A,E02000630,Lambeth 013,E09000022,Lambeth,1385,222,329,387,336,111,687,117,150,224,151,45,698,105,179,163,185,66
E01003038,Lambeth 013B,E02000630,Lambeth 013,E09000022,Lambeth,1724,215,521,552,321,115,879,103,237,319,181,39,845,112,284,233,140,76
E01003039,Lambeth 013C,E02000630,Lambeth 013,E09000022,Lambeth,2427,317,676,874,409,151,1308,144,341,520,229,74,1119,173,335,354,180,77
E01003040,Lambeth 013D,E02000630,Lambeth 013,E09000022,Lambeth,1288,205,288,404,256,135,616,97,117,205,132,65,672,108,171,199,124,70
E01003041,Lambeth 017C,E02000634,Lambeth 017,E09000022,Lambeth,1518,240,435,369,322,152,724,114,207,208,135,60,794,126,228,161,187,92
E01003042,Lambeth 013E,E02000630,Lambeth 013,E09000022,Lambeth,1095,147,315,307,227,99,545,100,133,156,109,47,550,47,182,151,118,52
E01003043,Lambeth 018A,E02000635,Lambeth 018,E09000022,Lambeth,1573,233,404,465,310,161,749,117,186,243,133,70,824,116,218,222,177,91
E01003044,Lambeth 018B,E02000635,Lambeth 018,E09000022,Lambeth,1008,214,150,271,270,103,505,111,78,137,142,37,503,103,72,134,128,66
E01003045,Lambeth 011A,E02000628,Lambeth 011,E09000022,Lambeth,1840,357,402,413,460,208,917,169,224,226,208,90,923,188,178,187,252,118
E01003046,Lambeth 009A,E02000626,Lambeth 009,E09000022,Lambeth,1651,381,341,383,441,105,803,196,149,180,225,53,848,185,192,203,216,52
E01003047,Lambeth 011B,E02000628,Lambeth 011,E09000022,Lambeth,1731,229,546,457,365,134,878,124,292,247,152,63,853,105,254,210,213,71
E01003048,Lambeth 009B,E02000626,Lambeth 009,E09000022,Lambeth,1781,483,347,386,442,123,882,251,169,192,210,60,899,232,178,194,232,63
E01003049,Lambeth 011C,E02000628,Lambeth 011,E09000022,Lambeth,1754,374,392,472,379,137,844,185,178,251,174,56,910,189,214,221,205,81
E01003050,Lambeth 016B,E02000633,Lambeth 016,E09000022,Lambeth,1820,206,654,598,251,111,915,111,296,341,108,59,905,95,358,257,143,52
E01003051,Lambeth 018C,E02000635,Lambeth 018,E09000022,Lambeth,1904,252,553,633,367,99,984,140,277,357,168,42,920,112,276,276,199,57
E01003052,Lambeth 016C,E02000633,Lambeth 016,E09000022,Lambeth,1840,345,407,452,478,158,938,175,202,256,233,72,902,170,205,196,245,86
E01003053,Lambeth 015B,E02000632,Lambeth 015,E09000022,Lambeth,1633,134,577,588,234,100,789,69,257,312,102,49,844,65,320,276,132,51
E01003054,Lambeth 015C,E02000632,Lambeth 015,E09000022,Lambeth,1982,179,854,686,180,83,1009,96,405,390,78,40,973,83,449,296,102,43
E01003055,Lambeth 016D,E02000633,Lambeth 016,E09000022,Lambeth,1654,158,423,586,336,151,824,74,181,329,186,54,830,84,242,257,150,97
E01003056,Lambeth 015D,E02000632,Lambeth 015,E09000022,Lambeth,1539,154,541,487,272,85,774,89,261,254,128,42,765,65,280,233,144,43
E01003057,Lambeth 017D,E02000634,Lambeth 017,E09000022,Lambeth,1538,280,474,364,314,106,731,144,218,173,155,41,807,136,256,191,159,65
E01003058,Lambeth 015E,E02000632,Lambeth 015,E09000022,Lambeth,1756,192,669,542,247,106,888,113,305,324,102,44,868,79,364,218,145,62
E01003059,Lambeth 011D,E02000628,Lambeth 011,E09000022,Lambeth,1697,310,380,469,382,156,889,166,209,256,193,65,808,144,171,213,189,91
E01003060,Lambeth 011E,E02000628,Lambeth 011,E09000022,Lambeth,1500,288,277,427,329,179,760,164,126,234,153,83,740,124,151,193,176,96
E01003061,Lambeth 011F,E02000628,Lambeth 011,E09000022,Lambeth,1037,123,251,329,265,69,557,73,116,201,122,45,480,50,135,128,143,24
E01003062,Lambeth 033A,E02000650,Lambeth 033,E09000022,Lambeth,1999,402,253,724,470,150,988,226,104,363,227,68,1011,176,149,361,243,82
E01003063,Lambeth 033B,E02000650,Lambeth 033,E09000022,Lambeth,1383,327,166,398,390,102,689,166,77,203,200,43,694,161,89,195,190,59
E01003064,Lambeth 028A,E02000645,Lambeth 028,E09000022,Lambeth,1534,384,227,470,323,130,757,197,117,223,155,65,777,187,110,247,168,65
E01003065,Lambeth 031A,E02000648,Lambeth 031,E09000022,Lambeth,1552,443,223,400,347,139,706,213,105,162,168,58,846,230,118,238,179,81
E01003066,Lambeth 028B,E02000645,Lambeth 028,E09000022,Lambeth,1862,382,342,530,442,166,892,211,164,278,174,65,970,171,178,252,268,101
E01003067,Lambeth 033C,E02000650,Lambeth 033,E09000022,Lambeth,1482,363,186,419,367,147,680,173,85,204,164,54,802,190,101,215,203,93
E01003068,Lambeth 031B,E02000648,Lambeth 031,E09000022,Lambeth,1593,438,214,429,377,135,715,216,94,195,158,52,878,222,120,234,219,83
E01003069,Lambeth 033D,E02000650,Lambeth 033,E09000022,Lambeth,1414,382,191,319,358,164,653,187,99,138,157,72,761,195,92,181,201,92
E01003070,Lambeth 033E,E02000650,Lambeth 033,E09000022,Lambeth,1450,319,212,411,373,135,724,189,111,200,176,48,726,130,101,211,197,87
E01003071,Lambeth 018D,E02000635,Lambeth 018,E09000022,Lambeth,2447,408,605,851,442,141,1286,221,299,478,217,71,1161,187,306,373,225,70
E01003072,Lambeth 014A,E02000631,Lambeth 014,E09000022,Lambeth,1856,371,276,473,476,260,911,196,120,246,226,123,945,175,156,227,250,137
E01003073,Lambeth 014B,E02000631,Lambeth 014,E09000022,Lambeth,1708,378,307,449,394,180,851,213,164,219,185,70,857,165,143,230,209,110
E01003074,Lambeth 018E,E02000635,Lambeth 018,E09000022,Lambeth,2314,409,440,788,513,164,1142,199,196,421,265,61,1172,210,244,367,248,103
E01003075,Lambeth 009C,E02000626,Lambeth 009,E09000022,Lambeth,1556,373,266,372,416,129,750,167,116,193,206,68,806,206,150,179,210,61
E01003076,Lambeth 014C,E02000631,Lambeth 014,E09000022,Lambeth,2145,317,559,729,439,101,1044,134,276,385,205,44,1101,183,283,344,234,57
E01003077,Lambeth 014D,E02000631,Lambeth 014,E09000022,Lambeth,1832,263,475,572,385,137,924,155,204,289,206,70,908,108,271,283,179,67
E01003078,Lambeth 014E,E02000631,Lambeth 014,E09000022,Lambeth,1680,330,220,466,475,189,846,182,123,257,204,80,834,148,97,209,271,109
E01003079,Lambeth 027A,E02000644,Lambeth 027,E09000022,Lambeth,1706,445,269,470,378,144,825,197,120,235,199,74,881,248,149,235,179,70
E01003080,Lambeth 027B,E02000644,Lambeth 027,E09000022,Lambeth,1784,420,253,582,387,142,893,237,127,293,184,52,891,183,126,289,203,90
E01003081,Lambeth 028C,E02000645,Lambeth 028,E09000022,Lambeth,2051,480,317,638,494,122,1035,238,166,332,237,62,1016,242,151,306,257,60
E01003082,Lambeth 031C,E02000648,Lambeth 031,E09000022,Lambeth,1577,381,195,404,373,224,774,213,89,197,175,100,803,168,106,207,198,124
E01003083,Lambeth 030A,E02000647,Lambeth 030,E09000022,Lambeth,1594,297,221,387,469,220,818,164,119,205,222,108,776,133,102,182,247,112
E01003084,Lambeth 030B,E02000647,Lambeth 030,E09000022,Lambeth,1662,354,248,492,379,189,829,187,140,254,175,73,833,167,108,238,204,116
E01003085,Lambeth 030C,E02000647,Lambeth 030,E09000022,Lambeth,1957,468,262,431,492,304,1002,240,149,247,232,134,955,228,113,184,260,170
E01003086,Lambeth 031D,E02000648,Lambeth 031,E09000022,Lambeth,1771,461,304,399,448,159,836,216,145,206,201,68,935,245,159,193,247,91
E01003087,Lambeth 031E,E02000648,Lambeth 031,E09000022,Lambeth,1722,511,260,427,390,134,848,282,133,193,183,57,874,229,127,234,207,77
E01003088,Lambeth 010A,E02000627,Lambeth 010,E09000022,Lambeth,1564,236,495,445,296,92,752,128,241,233,117,33,812,108,254,212,179,59
E01003089,Lambeth 008A,E02000625,Lambeth 008,E09000022,Lambeth,1781,339,463,485,397,97,916,189,229,255,200,43,865,150,234,230,197,54
E01003090,Lambeth 012D,E02000629,Lambeth 012,E09000022,Lambeth,2320,197,859,784,333,147,1196,115,367,476,170,68,1124,82,492,308,163,79
E01003091,Lambeth 008B,E02000625,Lambeth 008,E09000022,Lambeth,1597,311,438,414,324,110,770,164,218,203,161,24,827,147,220,211,163,86
E01003092,Lambeth 008C,E02000625,Lambeth 008,E09000022,Lambeth,1921,373,436,572,413,127,994,192,203,335,217,47,927,181,233,237,196,80
E01003093,Lambeth 010B,E02000627,Lambeth 010,E09000022,Lambeth,2551,589,579,658,481,244,1247,303,285,329,217,113,1304,286,294,329,264,131
E01003094,Lambeth 010C,E02000627,Lambeth 010,E09000022,Lambeth,1470,165,435,403,313,154,754,88,233,234,136,63,716,77,202,169,177,91
E01003095,Lambeth 012E,E02000629,Lambeth 012,E09000022,Lambeth,1743,262,491,470,376,144,895,132,250,264,189,60,848,130,241,206,187,84
E01003096,Lambeth 010D,E02000627,Lambeth 010,E09000022,Lambeth,2397,154,1116,714,289,124,1231,94,495,443,142,57,1166,60,621,271,147,67
E01003097,Lambeth 006A,E02000623,Lambeth 006,E09000022,Lambeth,1614,232,323,438,383,238,867,132,173,251,213,98,747,100,150,187,170,140
E01003098,Lambeth 005A,E02000622,Lambeth 005,E09000022,Lambeth,1506,215,306,448,361,176,806,128,155,253,192,78,700,87,151,195,169,98
E01003099,Lambeth 005B,E02000622,Lambeth 005,E09000022,Lambeth,1782,281,441,579,357,124,954,151,218,336,198,51,828,130,223,243,159,73
E01003100,Lambeth 005C,E02000622,Lambeth 005,E09000022,Lambeth,1976,164,747,700,294,71,1143,82,384,443,197,37,833,82,363,257,97,34
E01003101,Lambeth 003A,E02000620,Lambeth 003,E09000022,Lambeth,1534,246,406,440,328,114,755,117,207,242,141,48,779,129,199,198,187,66
E01003102,Lambeth 004A,E02000621,Lambeth 004,E09000022,Lambeth,1832,147,553,581,359,192,955,83,267,345,190,70,877,64,286,236,169,122
E01003104,Lambeth 004C,E02000621,Lambeth 004,E09000022,Lambeth,1615,155,483,513,323,141,869,83,221,300,185,80,746,72,262,213,138,61
E01003105,Lambeth 003B,E02000620,Lambeth 003,E09000022,Lambeth,1864,326,425,532,403,178,954,182,211,287,200,74,910,144,214,245,203,104
E01003106,Lambeth 003C,E02000620,Lambeth 003,E09000022,Lambeth,2140,425,388,590,519,218,1134,205,215,332,285,97,1006,220,173,258,234,121
E01003107,Lambeth 003D,E02000620,Lambeth 003,E09000022,Lambeth,1971,233,493,627,449,169,1175,129,263,426,278,79,796,104,230,201,171,90
E01003108,Lambeth 002B,E02000619,Lambeth 002,E09000022,Lambeth,1582,309,248,430,377,218,797,155,126,222,197,97,785,154,122,208,180,121
E01003109,Lambeth 003E,E02000620,Lambeth 003,E09000022,Lambeth,3087,436,906,883,646,216,1616,201,414,547,364,90,1471,235,492,336,282,126
E01003110,Lambeth 002C,E02000619,Lambeth 002,E09000022,Lambeth,2206,339,462,640,511,254,1109,156,213,363,266,111,1097,183,249,277,245,143
E01003111,Lambeth 002D,E02000619,Lambeth 002,E09000022,Lambeth,1778,387,301,443,449,198,883,197,156,232,218,80,895,190,145,211,231,118
E01003112,Lambeth 002E,E02000619,Lambeth 002,E09000022,Lambeth,1849,326,353,507,480,183,1001,174,179,284,266,98,848,152,174,223,214,85
E01003113,Lambeth 032A,E02000649,Lambeth 032,E09000022,Lambeth,2210,407,426,746,488,143,1112,191,229,379,252,61,1098,216,197,367,236,82
E01003114,Lambeth 032B,E02000649,Lambeth 032,E09000022,Lambeth,2418,476,461,897,444,140,1250,254,196,496,233,71,1168,222,265,401,211,69
E01003115,Lambeth 034A,E02000651,Lambeth 034,E09000022,Lambeth,1690,365,285,572,357,111,828,201,126,297,161,43,862,164,159,275,196,68
E01003116,Lambeth 029A,E02000646,Lambeth 029,E09000022,Lambeth,1640,294,287,424,391,244,786,153,121,219,191,102,854,141,166,205,200,142
E01003117,Lambeth 029B,E02000646,Lambeth 029,E09000022,Lambeth,2157,363,432,771,390,201,1084,175,192,422,207,88,1073,188,240,349,183,113
E01003118,Lambeth 029C,E02000646,Lambeth 029,E09000022,Lambeth,2002,396,364,591,420,231,991,201,187,309,198,96,1011,195,177,282,222,135
E01003119,Lambeth 032C,E02000649,Lambeth 032,E09000022,Lambeth,2285,416,414,814,440,201,1244,218,194,481,241,110,1041,198,220,333,199,91
E01003120,Lambeth 032D,E02000649,Lambeth 032,E09000022,Lambeth,2669,439,530,951,567,182,1428,282,246,503,285,112,1241,157,284,448,282,70
E01003121,Lambeth 006B,E02000623,Lambeth 006,E09000022,Lambeth,1484,302,289,369,388,136,760,150,141,205,194,70,724,152,148,164,194,66
E01003122,Lambeth 004D,E02000621,Lambeth 004,E09000022,Lambeth,2075,247,515,830,367,116,1190,122,274,554,195,45,885,125,241,276,172,71
E01003123,Lambeth 006C,E02000623,Lambeth 006,E09000022,Lambeth,1648,182,316,523,459,168,919,88,176,337,241,77,729,94,140,186,218,91
E01003124,Lambeth 006D,E02000623,Lambeth 006,E09000022,Lambeth,1450,217,335,416,324,158,780,98,192,247,169,74,670,119,143,169,155,84
E01003125,Lambeth 006E,E02000623,Lambeth 006,E09000022,Lambeth,1753,379,314,405,442,213,856,204,148,202,200,102,897,175,166,203,242,111
E01003126,Lambeth 008D,E02000625,Lambeth 008,E09000022,Lambeth,1502,247,328,432,392,103,793,149,166,258,185,35,709,98,162,174,207,68
E01003127,Lambeth 010E,E02000627,Lambeth 010,E09000022,Lambeth,1774,259,442,464,432,177,949,134,217,262,236,100,825,125,225,202,196,77
E01003128,Lambeth 008E,E02000625,Lambeth 008,E09000022,Lambeth,1530,304,330,414,352,130,803,152,176,223,196,56,727,152,154,191,156,74
E01003129,Lambeth 004E,E02000621,Lambeth 004,E09000022,Lambeth,1746,217,415,571,382,161,901,121,201,327,184,68,845,96,214,244,198,93
E01003130,Lambeth 026A,E02000643,Lambeth 026,E09000022,Lambeth,1928,375,264,666,446,177,999,180,135,358,244,82,929,195,129,308,202,95
E01003131,Lambeth 026B,E02000643,Lambeth 026,E09000022,Lambeth,2142,350,481,720,421,170,1042,152,206,397,202,85,1100,198,275,323,219,85
E01003132,Lambeth 024A,E02000641,Lambeth 024,E09000022,Lambeth,1579,338,287,378,368,208,753,176,140,194,164,79,826,162,147,184,204,129
E01003133,Lambeth 027C,E02000644,Lambeth 027,E09000022,Lambeth,1599,310,267,537,375,110,809,160,130,284,187,48,790,150,137,253,188,62
E01003134,Lambeth 027D,E02000644,Lambeth 027,E09000022,Lambeth,1578,301,279,454,371,173,800,153,132,245,178,92,778,148,147,209,193,81
E01003135,Lambeth 026C,E02000643,Lambeth 026,E09000022,Lambeth,1716,231,387,560,390,148,814,117,138,294,202,63,902,114,249,266,188,85
E01003136,Lambeth 022A,E02000639,Lambeth 022,E09000022,Lambeth,1702,265,376,573,368,120,858,152,194,260,197,55,844,113,182,313,171,65
E01003137,Lambeth 022B,E02000639,Lambeth 022,E09000022,Lambeth,1616,289,304,478,408,137,832,156,155,246,223,52,784,133,149,232,185,85
E01003138,Lambeth 026D,E02000643,Lambeth 026,E09000022,Lambeth,1730,326,285,663,326,130,856,169,105,345,172,65,874,157,180,318,154,65
E01003139,Lambeth 035A,E02000652,Lambeth 035,E09000022,Lambeth,1724,369,255,497,408,195,854,187,124,267,185,91,870,182,131,230,223,104
E01003140,Lambeth 035B,E02000652,Lambeth 035,E09000022,Lambeth,1539,364,219,414,369,173,788,184,117,230,185,72,751,180,102,184,184,101
E01003141,Lambeth 034B,E02000651,Lambeth 034,E09000022,Lambeth,1879,392,233,539,456,259,965,209,103,283,237,133,914,183,130,256,219,126
E01003142,Lambeth 035C,E02000652,Lambeth 035,E09000022,Lambeth,1436,311,209,379,316,221,755,150,121,234,163,87,681,161,88,145,153,134
E01003143,Lambeth 035D,E02000652,Lambeth 035,E09000022,Lambeth,1453,288,223,343,375,224,718,152,123,191,187,65,735,136,100,152,188,159
E01003144,Lambeth 034C,E02000651,Lambeth 034,E09000022,Lambeth,1486,275,196,315,445,255,796,159,98,176,235,128,690,116,98,139,210,127
E01003145,Lambeth 034D,E02000651,Lambeth 034,E09000022,Lambeth,1897,302,354,664,383,194,940,128,159,351,206,96,957,174,195,313,177,98
E01003146,Lambeth 035E,E02000652,Lambeth 035,E09000022,Lambeth,1628,326,306,467,377,152,874,171,165,274,186,78,754,155,141,193,191,74
E01003147,Lambeth 034E,E02000651,Lambeth 034,E09000022,Lambeth,2088,404,361,621,512,190,1088,202,171,346,278,91,1000,202,190,275,234,99
E01003148,Lambeth 032E,E02000649,Lambeth 032,E09000022,Lambeth,1970,375,411,602,454,128,1002,200,205,309,233,55,968,175,206,293,221,73
E01003149,Lambeth 030D,E02000647,Lambeth 030,E09000022,Lambeth,1874,412,214,586,411,251,948,198,100,338,217,95,926,214,114,248,194,156
E01003150,Lambeth 032F,E02000649,Lambeth 032,E09000022,Lambeth,1904,407,355,609,343,190,916,216,170,303,150,77,988,191,185,306,193,113
E01003151,Lambeth 026E,E02000643,Lambeth 026,E09000022,Lambeth,1963,471,371,597,364,160,888,237,170,252,158,71,1075,234,201,345,206,89
E01003152,Lambeth 027E,E02000644,Lambeth 027,E09000022,Lambeth,2096,366,382,749,406,193,1076,202,172,427,205,70,1020,164,210,322,201,123
E01003153,Lambeth 029D,E02000646,Lambeth 029,E09000022,Lambeth,2450,262,585,1092,384,127,1271,123,271,613,199,65,1179,139,314,479,185,62
E01003154,Lambeth 030E,E02000647,Lambeth 030,E09000022,Lambeth,1958,400,320,541,480,217,983,200,157,283,232,111,975,200,163,258,248,106
E01003155,Lambeth 029E,E02000646,Lambeth 029,E09000022,Lambeth,2012,343,319,648,497,205,1065,186,150,354,275,100,947,157,169,294,222,105
E01003156,Lambeth 023B,E02000640,Lambeth 023,E09000022,Lambeth,1695,304,424,517,321,129,844,170,183,261,170,60,851,134,241,256,151,69
E01003157,Lambeth 023C,E02000640,Lambeth 023,E09000022,Lambeth,1735,414,293,540,311,177,811,207,110,279,148,67,924,207,183,261,163,110
E01003158,Lambeth 023D,E02000640,Lambeth 023,E09000022,Lambeth,1761,301,382,654,315,109,861,151,140,358,162,50,900,150,242,296,153,59
E01003159,Lambeth 022C,E02000639,Lambeth 022,E09000022,Lambeth,1384,209,330,399,325,121,673,115,172,197,139,50,711,94,158,202,186,71
E01003160,Lambeth 022D,E02000639,Lambeth 022,E09000022,Lambeth,1375,222,354,345,365,89,651,116,170,158,168,39,724,106,184,187,197,50
E01003161,Lambeth 023E,E02000640,Lambeth 023,E09000022,Lambeth,1182,243,315,328,186,110,562,123,157,162,76,44,620,120,158,166,110,66
E01003162,Lambeth 022E,E02000639,Lambeth 022,E09000022,Lambeth,1902,378,398,480,500,146,907,189,182,227,243,66,995,189,216,253,257,80
E01003163,Lambeth 023F,E02000640,Lambeth 023,E09000022,Lambeth,1614,298,345,407,338,226,758,151,148,208,160,91,856,147,197,199,178,135
E01003164,Lambeth 025A,E02000642,Lambeth 025,E09000022,Lambeth,2186,447,448,667,459,165,1047,224,208,316,223,76,1139,223,240,351,236,89
E01003165,Lambeth 025B,E02000642,Lambeth 025,E09000022,Lambeth,1568,347,221,363,389,248,783,198,106,173,199,107,785,149,115,190,190,141
E01003166,Lambeth 028D,E02000645,Lambeth 028,E09000022,Lambeth,2676,575,458,887,576,180,1323,309,203,426,295,90,1353,266,255,461,281,90
E01003167,Lambeth 028E,E02000645,Lambeth 028,E09000022,Lambeth,1708,386,224,433,429,236,889,200,125,226,221,117,819,186,99,207,208,119
E01003168,Lambeth 025C,E02000642,Lambeth 025,E09000022,Lambeth,1591,361,291,355,401,183,751,171,169,170,182,59,840,190,122,185,219,124
E01003169,Lambeth 025D,E02000642,Lambeth 025,E09000022,Lambeth,2348,522,381,769,511,165,1200,276,178,418,251,77,1148,246,203,351,260,88
E01003170,Lambeth 025E,E02000642,Lambeth 025,E09000022,Lambeth,1888,443,231,487,450,277,908,238,114,247,208,101,980,205,117,240,242,176
E01003171,Lambeth 020B,E02000637,Lambeth 020,E09000022,Lambeth,1677,247,395,581,319,135,821,133,175,307,148,58,856,114,220,274,171,77
E01003172,Lambeth 024B,E02000641,Lambeth 024,E09000022,Lambeth,1903,413,374,598,358,160,1019,234,191,339,186,69,884,179,183,259,172,91
E01003173,Lambeth 020C,E02000637,Lambeth 020,E09000022,Lambeth,1664,240,356,549,367,152,789,102,161,313,161,52,875,138,195,236,206,100
E01003174,Lambeth 024C,E02000641,Lambeth 024,E09000022,Lambeth,1837,433,357,476,457,114,830,197,168,219,192,54,1007,236,189,257,265,60
E01003175,Lambeth 024D,E02000641,Lambeth 024,E09000022,Lambeth,1536,343,303,372,383,135,748,170,161,190,168,59,788,173,142,182,215,76
E01003176,Lambeth 016E,E02000633,Lambeth 016,E09000022,Lambeth,1956,470,390,520,429,147,906,223,159,251,209,64,1050,247,231,269,220,83
E01003177,Lambeth 020D,E02000637,Lambeth 020,E09000022,Lambeth,1729,291,407,606,298,127,881,133,212,324,159,53,848,158,195,282,139,74
E01003178,Lambeth 020E,E02000637,Lambeth 020,E09000022,Lambeth,1659,232,419,549,322,137,848,118,192,317,157,64,811,114,227,232,165,73
E01003179,Lambeth 024E,E02000641,Lambeth 024,E09000022,Lambeth,1614,418,353,377,332,134,738,196,181,156,144,61,876,222,172,221,188,73
E01003180,Lambeth 005D,E02000622,Lambeth 005,E09000022,Lambeth,1713,260,379,481,430,163,891,150,170,289,228,54,822,110,209,192,202,109
E01003181,Lambeth 007A,E02000624,Lambeth 007,E09000022,Lambeth,1379,202,309,404,334,130,711,100,152,252,158,49,668,102,157,152,176,81
E01003182,Lambeth 009D,E02000626,Lambeth 009,E09000022,Lambeth,1918,350,453,474,509,132,1046,172,253,266,290,65,872,178,200,208,219,67
E01003183,Lambeth 005E,E02000622,Lambeth 005,E09000022,Lambeth,1721,335,375,451,394,166,914,166,175,292,191,90,807,169,200,159,203,76
E01003184,Lambeth 007B,E02000624,Lambeth 007,E09000022,Lambeth,1221,277,220,372,262,90,635,142,107,215,110,61,586,135,113,157,152,29
E01003185,Lambeth 007C,E02000624,Lambeth 007,E09000022,Lambeth,1590,203,382,536,320,149,855,82,195,336,178,64,735,121,187,200,142,85
E01003186,Lambeth 007D,E02000624,Lambeth 007,E09000022,Lambeth,2821,368,885,899,520,149,1579,202,460,543,299,75,1242,166,425,356,221,74
E01003187,Lambeth 007E,E02000624,Lambeth 007,E09000022,Lambeth,1848,348,439,549,364,148,919,175,232,307,151,54,929,173,207,242,213,94
E01003188,Lambeth 009E,E02000626,Lambeth 009,E09000022,Lambeth,1215,202,250,329,340,94,561,103,111,146,161,40,654,99,139,183,179,54
E01003189,Lewisham 034A,E02000686,Lewisham 034,E09000023,Lewisham,1691,460,259,345,447,180,836,248,135,159,218,76,855,212,124,186,229,104
E01003190,Lewisham 034B,E02000686,Lewisham 034,E09000023,Lewisham,2418,716,346,655,560,141,1154,400,134,310,247,63,1264,316,212,345,313,78
E01003191,Lewisham 034C,E02000686,Lewisham 034,E09000023,Lewisham,1633,397,226,402,431,177,758,171,106,178,198,105,875,226,120,224,233,72
E01003192,Lewisham 034D,E02000686,Lewisham 034,E09000023,Lewisham,1740,419,280,418,442,181,837,217,115,183,248,74,903,202,165,235,194,107
E01003193,Lewisham 029A,E02000681,Lewisham 029,E09000023,Lewisham,1706,367,263,401,421,254,839,193,131,203,202,110,867,174,132,198,219,144
E01003194,Lewisham 029B,E02000681,Lewisham 029,E09000023,Lewisham,1876,399,269,456,500,252,901,219,125,224,229,104,975,180,144,232,271,148
E01003195,Lewisham 029C,E02000681,Lewisham 029,E09000023,Lewisham,1596,350,222,373,454,197,800,199,117,177,226,81,796,151,105,196,228,116
E01003196,Lewisham 029D,E02000681,Lewisham 029,E09000023,Lewisham,1833,516,228,445,455,189,909,287,122,204,224,72,924,229,106,241,231,117
E01003197,Lewisham 029E,E02000681,Lewisham 029,E09000023,Lewisham,1634,384,204,361,507,178,817,225,114,182,226,70,817,159,90,179,281,108
E01003198,Lewisham 009A,E02000661,Lewisham 009,E09000023,Lewisham,1485,310,201,412,348,214,671,133,101,182,172,83,814,177,100,230,176,131
E01003199,Lewisham 007A,E02000659,Lewisham 007,E09000023,Lewisham,1920,316,323,603,458,220,967,158,155,318,234,102,953,158,168,285,224,118
E01003200,Lewisham 009B,E02000661,Lewisham 009,E09000023,Lewisham,1684,294,331,452,415,192,886,137,199,238,228,84,798,157,132,214,187,108
E01003201,Lewisham 007B,E02000659,Lewisham 007,E09000023,Lewisham,1762,330,331,464,466,171,852,167,163,246,204,72,910,163,168,218,262,99
E01003202,Lewisham 009C,E02000661,Lewisham 009,E09000023,Lewisham,1582,258,201,439,380,304,741,117,92,215,193,124,841,141,109,224,187,180
E01003203,Lewisham 009D,E02000661,Lewisham 009,E09000023,Lewisham,2076,316,352,698,493,217,1092,145,170,387,286,104,984,171,182,311,207,113
E01003204,Lewisham 007C,E02000659,Lewisham 007,E09000023,Lewisham,1724,354,342,523,367,138,830,163,141,289,168,69,894,191,201,234,199,69
E01003205,Lewisham 007D,E02000659,Lewisham 007,E09000023,Lewisham,1407,345,302,376,256,128,692,192,173,145,109,73,715,153,129,231,147,55
E01003206,Lewisham 007E,E02000659,Lewisham 007,E09000023,Lewisham,1672,299,252,550,381,190,844,147,91,309,206,91,828,152,161,241,175,99
E01003207,Lewisham 005A,E02000657,Lewisham 005,E09000023,Lewisham,1768,296,434,500,359,179,916,154,212,268,175,107,852,142,222,232,184,72
E01003209,Lewisham 005B,E02000657,Lewisham 005,E09000023,Lewisham,2091,307,791,438,413,142,967,156,337,212,203,59,1124,151,454,226,210,83
E01003210,Lewisham 005C,E02000657,Lewisham 005,E09000023,Lewisham,2000,330,389,789,386,106,1031,174,182,419,207,49,969,156,207,370,179,57
E01003211,Lewisham 008B,E02000660,Lewisham 008,E09000023,Lewisham,1533,270,306,549,307,101,763,148,127,284,157,47,770,122,179,265,150,54
E01003212,Lewisham 005D,E02000657,Lewisham 005,E09000023,Lewisham,2099,326,511,636,436,190,1066,193,233,343,212,85,1033,133,278,293,224,105
E01003213,Lewisham 008C,E02000660,Lewisham 008,E09000023,Lewisham,2072,386,472,722,355,137,997,172,170,413,176,66,1075,214,302,309,179,71
E01003214,Lewisham 008D,E02000660,Lewisham 008,E09000023,Lewisham,1887,388,377,515,479,128,869,176,168,241,228,56,1018,212,209,274,251,72
E01003215,Lewisham 005E,E02000657,Lewisham 005,E09000023,Lewisham,2140,296,950,541,258,95,977,140,432,258,108,39,1163,156,518,283,150,56
E01003216,Lewisham 025A,E02000677,Lewisham 025,E09000023,Lewisham,1966,441,305,479,564,177,981,232,169,214,286,80,985,209,136,265,278,97
E01003217,Lewisham 022A,E02000674,Lewisham 022,E09000023,Lewisham,1638,384,236,358,461,199,752,205,103,176,194,74,886,179,133,182,267,125
E01003218,Lewisham 022B,E02000674,Lewisham 022,E09000023,Lewisham,1657,363,268,403,435,188,803,196,131,198,203,75,854,167,137,205,232,113
E01003219,Lewisham 025B,E02000677,Lewisham 025,E09000023,Lewisham,1719,351,302,361,467,238,785,167,158,161,213,86,934,184,144,200,254,152
E01003220,Lewisham 022C,E02000674,Lewisham 022,E09000023,Lewisham,1784,297,271,540,469,207,866,161,115,294,204,92,918,136,156,246,265,115
E01003221,Lewisham 025C,E02000677,Lewisham 025,E09000023,Lewisham,2161,483,328,576,513,261,1106,277,173,292,257,107,1055,206,155,284,256,154
E01003222,Lewisham 022D,E02000674,Lewisham 022,E09000023,Lewisham,1735,349,270,429,509,178,877,179,145,237,250,66,858,170,125,192,259,112
E01003223,Lewisham 025D,E02000677,Lewisham 025,E09000023,Lewisham,1690,286,304,326,504,270,845,154,155,150,253,133,845,132,149,176,251,137
E01003224,Lewisham 022E,E02000674,Lewisham 022,E09000023,Lewisham,1776,424,277,425,458,192,863,223,135,207,227,71,913,201,142,218,231,121
E01003225,Lewisham 015A,E02000667,Lewisham 015,E09000023,Lewisham,1602,402,148,496,386,170,792,219,65,247,194,67,810,183,83,249,192,103
E01003226,Lewisham 019A,E02000671,Lewisham 019,E09000023,Lewisham,1725,349,278,569,374,155,879,200,142,297,180,60,846,149,136,272,194,95
E01003227,Lewisham 019B,E02000671,Lewisham 019,E09000023,Lewisham,1710,336,230,524,431,189,857,162,123,273,214,85,853,174,107,251,217,104
E01003228,Lewisham 019C,E02000671,Lewisham 019,E09000023,Lewisham,1568,313,155,613,345,142,755,153,66,305,170,61,813,160,89,308,175,81
E01003229,Lewisham 019D,E02000671,Lewisham 019,E09000023,Lewisham,1676,313,256,472,455,180,798,134,150,216,213,85,878,179,106,256,242,95
E01003230,Lewisham 019E,E02000671,Lewisham 019,E09000023,Lewisham,2025,446,313,663,445,158,979,215,154,333,195,82,1046,231,159,330,250,76
E01003231,Lewisham 015B,E02000667,Lewisham 015,E09000023,Lewisham,1594,307,356,456,349,126,764,141,182,230,158,53,830,166,174,226,191,73
E01003232,Lewisham 015C,E02000667,Lewisham 015,E09000023,Lewisham,1854,440,247,536,429,202,825,158,117,242,230,78,1029,282,130,294,199,124
E01003233,Lewisham 015D,E02000667,Lewisham 015,E09000023,Lewisham,1785,377,220,587,426,175,919,175,106,349,208,81,866,202,114,238,218,94
E01003235,Lewisham 038A,E02006784,Lewisham 038,E09000023,Lewisham,1315,282,229,282,357,165,660,133,123,145,171,88,655,149,106,137,186,77
E01003236,Lewisham 037A,E02006783,Lewisham 037,E09000023,Lewisham,1691,407,254,444,431,155,839,219,120,235,185,80,852,188,134,209,246,75
E01003237,Lewisham 037B,E02006783,Lewisham 037,E09000023,Lewisham,1672,446,232,368,441,185,781,249,101,145,213,73,891,197,131,223,228,112
E01003238,Lewisham 037C,E02006783,Lewisham 037,E09000023,Lewisham,1383,350,195,368,344,126,633,178,88,167,153,47,750,172,107,201,191,79
E01003239,Lewisham 037D,E02006783,Lewisham 037,E09000023,Lewisham,1542,357,258,351,414,162,699,174,115,150,209,51,843,183,143,201,205,111
E01003240,Lewisham 038B,E02006784,Lewisham 038,E09000023,Lewisham,1909,458,298,478,452,223,904,238,138,241,205,82,1005,220,160,237,247,141
E01003241,Lewisham 038C,E02006784,Lewisham 038,E09000023,Lewisham,1671,255,189,350,472,405,800,123,89,190,230,168,871,132,100,160,242,237
E01003243,Lewisham 038D,E02006784,Lewisham 038,E09000023,Lewisham,1528,349,267,376,377,159,711,173,124,180,170,64,817,176,143,196,207,95
E01003244,Lewisham 001A,E02000653,Lewisham 001,E09000023,Lewisham,1687,487,325,410,383,82,854,239,177,180,225,33,833,248,148,230,158,49
E01003245,Lewisham 001B,E02000653,Lewisham 001,E09000023,Lewisham,1861,442,463,501,371,84,908,244,245,235,142,42,953,198,218,266,229,42
E01003246,Lewisham 002A,E02000654,Lewisham 002,E09000023,Lewisham,1934,382,454,562,430,106,963,189,223,307,205,39,971,193,231,255,225,67
E01003247,Lewisham 001C,E02000653,Lewisham 001,E09000023,Lewisham,2292,269,689,834,373,127,1199,121,352,474,217,35,1093,148,337,360,156,92
E01003248,Lewisham 002B,E02000654,Lewisham 002,E09000023,Lewisham,1707,374,376,470,404,83,840,185,195,220,197,43,867,189,181,250,207,40
E01003249,Lewisham 001D,E02000653,Lewisham 001,E09000023,Lewisham,2106,275,501,725,460,145,1117,143,277,416,212,69,989,132,224,309,248,76
E01003250,Lewisham 001E,E02000653,Lewisham 001,E09000023,Lewisham,4024,569,1178,1528,557,192,2094,265,649,775,315,90,1930,304,529,753,242,102
E01003251,Lewisham 002C,E02000654,Lewisham 002,E09000023,Lewisham,2224,554,556,542,446,126,1033,262,245,255,211,60,1191,292,311,287,235,66
E01003252,Lewisham 002D,E02000654,Lewisham 002,E09000023,Lewisham,1477,415,234,326,395,107,681,213,108,155,157,48,796,202,126,171,238,59
E01003253,Lewisham 002E,E02000654,Lewisham 002,E09000023,Lewisham,1539,258,279,449,349,204,779,126,128,223,194,108,760,132,151,226,155,96
E01003254,Lewisham 021A,E02000673,Lewisham 021,E09000023,Lewisham,1528,338,177,412,384,217,786,203,94,212,171,106,742,135,83,200,213,111
E01003255,Lewisham 021B,E02000673,Lewisham 021,E09000023,Lewisham,2195,318,397,843,488,149,1166,172,218,458,248,70,1029,146,179,385,240,79
E01003256,Lewisham 028A,E02000680,Lewisham 028,E09000023,Lewisham,2533,539,475,775,520,224,1389,279,303,426,263,118,1144,260,172,349,257,106
E01003257,Lewisham 028B,E02000680,Lewisham 028,E09000023,Lewisham,1691,375,228,433,419,236,827,202,110,204,216,95,864,173,118,229,203,141
E01003258,Lewisham 028C,E02000680,Lewisham 028,E09000023,Lewisham,1493,383,316,335,379,80,764,199,177,158,181,49,729,184,139,177,198,31
E01003259,Lewisham 028D,E02000680,Lewisham 028,E09000023,Lewisham,1851,399,251,588,467,146,922,202,119,311,229,61,929,197,132,277,238,85
E01003260,Lewisham 021C,E02000673,Lewisham 021,E09000023,Lewisham,1980,612,223,480,444,221,1038,375,117,229,225,92,942,237,106,251,219,129
E01003261,Lewisham 021D,E02000673,Lewisham 021,E09000023,Lewisham,1498,340,210,391,368,189,719,181,99,190,175,74,779,159,111,201,193,115
E01003262,Lewisham 021E,E02000673,Lewisham 021,E09000023,Lewisham,1545,378,219,511,336,101,721,168,105,252,153,43,824,210,114,259,183,58
E01003263,Lewisham 023A,E02000675,Lewisham 023,E09000023,Lewisham,1795,424,249,436,491,195,874,238,100,194,251,91,921,186,149,242,240,104
E01003264,Lewisham 031A,E02000683,Lewisham 031,E09000023,Lewisham,1552,309,222,420,371,230,718,154,105,210,166,83,834,155,117,210,205,147
E01003265,Lewisham 031B,E02000683,Lewisham 031,E09000023,Lewisham,1613,408,295,447,357,106,789,239,143,192,159,56,824,169,152,255,198,50
E01003266,Lewisham 031C,E02000683,Lewisham 031,E09000023,Lewisham,1786,389,261,425,447,264,874,221,128,209,205,111,912,168,133,216,242,153
E01003267,Lewisham 031D,E02000683,Lewisham 031,E09000023,Lewisham,1534,331,241,329,442,191,756,167,125,169,222,73,778,164,116,160,220,118
E01003268,Lewisham 023B,E02000675,Lewisham 023,E09000023,Lewisham,1928,390,350,552,449,187,984,223,168,291,230,72,944,167,182,261,219,115
E01003269,Lewisham 023C,E02000675,Lewisham 023,E09000023,Lewisham,1660,343,236,409,448,224,782,161,118,191,207,105,878,182,118,218,241,119
E01003270,Lewisham 023D,E02000675,Lewisham 023,E09000023,Lewisham,1770,301,282,488,459,240,879,131,135,280,229,104,891,170,147,208,230,136
E01003271,Lewisham 023E,E02000675,Lewisham 023,E09000023,Lewisham,1688,312,191,407,460,318,899,170,108,242,218,161,789,142,83,165,242,157
E01003272,Lewisham 014A,E02000666,Lewisham 014,E09000023,Lewisham,2066,326,531,600,419,190,964,158,176,335,215,80,1102,168,355,265,204,110
E01003273,Lewisham 011A,E02000663,Lewisham 011,E09000023,Lewisham,1987,294,571,503,424,195,1121,143,433,268,200,77,866,151,138,235,224,118
E01003274,Lewisham 014B,E02000666,Lewisham 014,E09000023,Lewisham,1731,304,362,499,390,176,868,154,182,261,206,65,863,150,180,238,184,111
E01003275,Lewisham 014C,E02000666,Lewisham 014,E09000023,Lewisham,1659,322,281,377,439,240,805,181,136,181,206,101,854,141,145,196,233,139
E01003276,Lewisham 014D,E02000666,Lewisham 014,E09000023,Lewisham,1901,467,279,450,525,180,826,196,107,206,249,68,1075,271,172,244,276,112
E01003277,Lewisham 011B,E02000663,Lewisham 011,E09000023,Lewisham,1762,259,323,611,422,147,882,137,153,314,208,70,880,122,170,297,214,77
E01003278,Lewisham 011C,E02000663,Lewisham 011,E09000023,Lewisham,1963,334,452,581,423,173,946,161,185,321,191,88,1017,173,267,260,232,85
E01003279,Lewisham 011D,E02000663,Lewisham 011,E09000023,Lewisham,1666,303,293,420,433,217,808,163,127,207,205,106,858,140,166,213,228,111
E01003280,Lewisham 016A,E02000668,Lewisham 016,E09000023,Lewisham,1776,451,223,498,406,198,902,245,102,269,197,89,874,206,121,229,209,109
E01003281,Lewisham 016B,E02000668,Lewisham 016,E09000023,Lewisham,1566,315,195,376,437,243,794,172,109,191,216,106,772,143,86,185,221,137
E01003282,Lewisham 013A,E02000665,Lewisham 013,E09000023,Lewisham,2674,414,689,839,534,198,1369,197,382,427,270,93,1305,217,307,412,264,105
E01003283,Lewisham 013B,E02000665,Lewisham 013,E09000023,Lewisham,2223,478,248,648,581,268,1152,287,123,341,283,118,1071,191,125,307,298,150
E01003284,Lewisham 013C,E02000665,Lewisham 013,E09000023,Lewisham,1935,385,283,592,470,205,1018,194,136,344,243,101,917,191,147,248,227,104
E01003285,Lewisham 016C,E02000668,Lewisham 016,E09000023,Lewisham,2039,398,285,617,496,243,1050,213,149,333,255,100,989,185,136,284,241,143
E01003286,Lewisham 013D,E02000665,Lewisham 013,E09000023,Lewisham,1776,432,239,438,450,217,870,228,130,206,233,73,906,204,109,232,217,144
E01003287,Lewisham 016D,E02000668,Lewisham 016,E09000023,Lewisham,2091,487,244,575,540,245,1070,255,144,303,256,112,1021,232,100,272,284,133
E01003288,Lewisham 012A,E02000664,Lewisham 012,E09000023,Lewisham,2180,375,423,548,507,327,1079,217,198,285,253,126,1101,158,225,263,254,201
E01003290,Lewisham 012C,E02000664,Lewisham 012,E09000023,Lewisham,1707,311,387,513,358,138,877,182,211,257,173,54,830,129,176,256,185,84
E01003291,Lewisham 012D,E02000664,Lewisham 012,E09000023,Lewisham,1383,308,221,353,359,142,670,157,111,162,187,53,713,151,110,191,172,89
E01003292,Lewisham 017A,E02000669,Lewisham 017,E09000023,Lewisham,1600,307,253,496,415,129,812,167,115,249,219,62,788,140,138,247,196,67
E01003293,Lewisham 017B,E02000669,Lewisham 017,E09000023,Lewisham,1593,292,251,518,400,132,765,155,114,273,170,53,828,137,137,245,230,79
E01003295,Lewisham 017D,E02000669,Lewisham 017,E09000023,Lewisham,1945,446,326,498,498,177,938,229,181,208,248,72,1007,217,145,290,250,105
E01003296,Lewisham 012E,E02000664,Lewisham 012,E09000023,Lewisham,6068,930,1900,2232,829,177,2974,444,872,1176,393,89,3094,486,1028,1056,436,88
E01003297,Lewisham 003A,E02000655,Lewisham 003,E09000023,Lewisham,1649,337,433,554,282,43,829,168,196,300,147,18,820,169,237,254,135,25
E01003298,Lewisham 039A,E02006798,Lewisham 039,E09000023,Lewisham,1266,249,275,306,330,106,606,131,118,148,155,54,660,118,157,158,175,52
E01003299,Lewisham 003B,E02000655,Lewisham 003,E09000023,Lewisham,1698,293,465,471,355,114,836,131,272,227,164,42,862,162,193,244,191,72
E01003300,Lewisham 039B,E02006798,Lewisham 039,E09000023,Lewisham,1306,266,238,307,360,135,652,145,109,159,174,65,654,121,129,148,186,70
E01003301,Lewisham 003C,E02000655,Lewisham 003,E09000023,Lewisham,2406,365,815,753,385,88,1286,206,387,445,199,49,1120,159,428,308,186,39
E01003302,Lewisham 003D,E02000655,Lewisham 003,E09000023,Lewisham,1610,324,300,447,383,156,785,156,128,216,203,82,825,168,172,231,180,74
E01003303,Lewisham 039C,E02006798,Lewisham 039,E09000023,Lewisham,1558,233,466,427,314,118,818,127,206,249,187,49,740,106,260,178,127,69
E01003304,Lewisham 039D,E02006798,Lewisham 039,E09000023,Lewisham,2226,335,458,840,462,131,1155,169,228,454,249,55,1071,166,230,386,213,76
E01003305,Lewisham 003E,E02000655,Lewisham 003,E09000023,Lewisham,1968,419,407,525,423,194,907,203,186,230,198,90,1061,216,221,295,225,104
E01003307,Lewisham 024A,E02000676,Lewisham 024,E09000023,Lewisham,1562,297,190,438,445,192,755,142,96,205,222,90,807,155,94,233,223,102
E01003308,Lewisham 024B,E02000676,Lewisham 024,E09000023,Lewisham,1939,407,287,475,568,202,910,211,162,204,250,83,1029,196,125,271,318,119
E01003309,Lewisham 027A,E02000679,Lewisham 027,E09000023,Lewisham,1552,360,296,354,350,192,763,213,123,162,168,97,789,147,173,192,182,95
E01003310,Lewisham 027B,E02000679,Lewisham 027,E09000023,Lewisham,1723,298,292,681,341,111,862,141,159,335,175,52,861,157,133,346,166,59
E01003311,Lewisham 027C,E02000679,Lewisham 027,E09000023,Lewisham,1720,421,214,389,436,260,843,215,117,195,196,120,877,206,97,194,240,140
E01003312,Lewisham 027D,E02000679,Lewisham 027,E09000023,Lewisham,1755,351,235,510,445,214,855,176,91,281,213,94,900,175,144,229,232,120
E01003313,Lewisham 027E,E02000679,Lewisham 027,E09000023,Lewisham,1517,381,220,440,368,108,789,222,107,225,175,60,728,159,113,215,193,48
E01003314,Lewisham 024C,E02000676,Lewisham 024,E09000023,Lewisham,1828,447,212,599,444,126,919,257,104,263,238,57,909,190,108,336,206,69
E01003315,Lewisham 024D,E02000676,Lewisham 024,E09000023,Lewisham,1393,254,245,485,295,114,687,108,132,261,142,44,706,146,113,224,153,70
E01003316,Lewisham 024E,E02000676,Lewisham 024,E09000023,Lewisham,1523,305,223,494,336,165,757,157,125,251,151,73,766,148,98,243,185,92
E01003317,Lewisham 020A,E02000672,Lewisham 020,E09000023,Lewisham,2980,743,430,1026,583,198,1610,454,221,519,321,95,1370,289,209,507,262,103
E01003318,Lewisham 020B,E02000672,Lewisham 020,E09000023,Lewisham,2016,440,388,537,484,167,1123,214,245,289,280,95,893,226,143,248,204,72
E01003319,Lewisham 018A,E02000670,Lewisham 018,E09000023,Lewisham,2019,467,320,525,489,218,1009,257,154,251,258,89,1010,210,166,274,231,129
E01003320,Lewisham 018B,E02000670,Lewisham 018,E09000023,Lewisham,1370,274,218,390,383,105,638,137,109,198,155,39,732,137,109,192,228,66
E01003321,Lewisham 020C,E02000672,Lewisham 020,E09000023,Lewisham,2032,465,438,422,540,167,1097,303,221,226,275,72,935,162,217,196,265,95
E01003322,Lewisham 020D,E02000672,Lewisham 020,E09000023,Lewisham,1545,297,264,378,459,147,823,147,157,206,256,57,722,150,107,172,203,90
E01003323,Lewisham 018C,E02000670,Lewisham 018,E09000023,Lewisham,1429,284,224,428,378,115,710,147,123,207,181,52,719,137,101,221,197,63
E01003324,Lewisham 020E,E02000672,Lewisham 020,E09000023,Lewisham,1837,439,266,556,444,132,918,192,128,296,244,58,919,247,138,260,200,74
E01003325,Lewisham 018D,E02000670,Lewisham 018,E09000023,Lewisham,1778,444,255,535,405,139,898,249,104,275,212,58,880,195,151,260,193,81
E01003326,Lewisham 035A,E02000687,Lewisham 035,E09000023,Lewisham,1576,333,228,393,395,227,744,155,121,182,203,83,832,178,107,211,192,144
E01003327,Lewisham 035B,E02000687,Lewisham 035,E09000023,Lewisham,1959,344,428,542,443,202,1083,177,295,295,213,103,876,167,133,247,230,99
E01003328,Lewisham 035C,E02000687,Lewisham 035,E09000023,Lewisham,1766,322,236,527,475,206,858,136,105,282,236,99,908,186,131,245,239,107
E01003329,Lewisham 033A,E02000685,Lewisham 033,E09000023,Lewisham,1691,385,220,508,416,162,809,183,121,235,203,67,882,202,99,273,213,95
E01003330,Lewisham 033B,E02000685,Lewisham 033,E09000023,Lewisham,1712,442,260,378,417,215,741,221,110,146,169,95,971,221,150,232,248,120
E01003331,Lewisham 033C,E02000685,Lewisham 033,E09000023,Lewisham,1537,273,264,355,386,259,722,117,137,194,187,87,815,156,127,161,199,172
E01003332,Lewisham 033D,E02000685,Lewisham 033,E09000023,Lewisham,1611,293,204,490,450,174,827,139,107,283,206,92,784,154,97,207,244,82
E01003333,Lewisham 035D,E02000687,Lewisham 035,E09000023,Lewisham,1587,310,256,509,353,159,815,183,125,281,150,76,772,127,131,228,203,83
E01003334,Lewisham 033E,E02000685,Lewisham 033,E09000023,Lewisham,1919,442,251,578,472,176,975,254,128,291,223,79,944,188,123,287,249,97
E01003335,Lewisham 035E,E02000687,Lewisham 035,E09000023,Lewisham,1421,303,221,318,372,207,680,151,120,135,191,83,741,152,101,183,181,124
E01003336,Lewisham 010A,E02000662,Lewisham 010,E09000023,Lewisham,1466,354,242,337,404,129,734,176,121,160,225,52,732,178,121,177,179,77
E01003337,Lewisham 010B,E02000662,Lewisham 010,E09000023,Lewisham,1617,454,228,460,352,123,765,226,112,224,159,44,852,228,116,236,193,79
E01003338,Lewisham 006A,E02000658,Lewisham 006,E09000023,Lewisham,2086,396,450,544,497,199,1028,196,207,292,239,94,1058,200,243,252,258,105
E01003339,Lewisham 006B,E02000658,Lewisham 006,E09000023,Lewisham,1748,279,456,420,417,176,925,143,271,240,182,89,823,136,185,180,235,87
E01003340,Lewisham 006C,E02000658,Lewisham 006,E09000023,Lewisham,1921,218,644,577,347,135,987,109,346,310,160,62,934,109,298,267,187,73
E01003341,Lewisham 006D,E02000658,Lewisham 006,E09000023,Lewisham,1470,272,305,417,354,122,744,134,153,224,169,64,726,138,152,193,185,58
E01003342,Lewisham 010C,E02000662,Lewisham 010,E09000023,Lewisham,1735,358,259,609,391,118,901,182,120,331,220,48,834,176,139,278,171,70
E01003343,Lewisham 006E,E02000658,Lewisham 006,E09000023,Lewisham,1528,300,292,401,366,169,790,133,171,221,176,89,738,167,121,180,190,80
E01003344,Lewisham 010D,E02000662,Lewisham 010,E09000023,Lewisham,1806,255,415,564,436,136,819,118,169,272,201,59,987,137,246,292,235,77
E01003345,Lewisham 010E,E02000662,Lewisham 010,E09000023,Lewisham,2094,379,455,748,370,142,1053,169,206,414,187,77,1041,210,249,334,183,65
E01003346,Lewisham 026A,E02000678,Lewisham 026,E09000023,Lewisham,1639,359,257,339,474,210,819,191,134,176,226,92,820,168,123,163,248,118
E01003347,Lewisham 030A,E02000682,Lewisham 030,E09000023,Lewisham,1858,563,306,432,399,158,831,301,118,163,185,64,1027,262,188,269,214,94
E01003348,Lewisham 030B,E02000682,Lewisham 030,E09000023,Lewisham,1685,399,252,390,444,200,821,189,128,207,205,92,864,210,124,183,239,108
E01003349,Lewisham 026B,E02000678,Lewisham 026,E09000023,Lewisham,1657,453,283,427,380,114,807,247,143,189,177,51,850,206,140,238,203,63
E01003350,Lewisham 030C,E02000682,Lewisham 030,E09000023,Lewisham,1260,257,263,245,359,136,603,113,129,127,170,64,657,144,134,118,189,72
E01003351,Lewisham 026C,E02000678,Lewisham 026,E09000023,Lewisham,1555,409,217,322,409,198,711,194,111,125,184,97,844,215,106,197,225,101
E01003352,Lewisham 030D,E02000682,Lewisham 030,E09000023,Lewisham,2397,577,391,527,616,286,1188,299,191,252,323,123,1209,278,200,275,293,163
E01003353,Lewisham 030E,E02000682,Lewisham 030,E09000023,Lewisham,1818,391,296,408,476,247,887,195,157,201,245,89,931,196,139,207,231,158
E01003354,Lewisham 026D,E02000678,Lewisham 026,E09000023,Lewisham,2013,477,340,555,494,147,1038,254,197,286,234,67,975,223,143,269,260,80
E01003355,Merton 009A,E02000697,Merton 009,E09000024,Merton,1776,306,370,645,347,108,907,146,182,345,199,35,869,160,188,300,148,73
E01003356,Merton 009B,E02000697,Merton 009,E09000024,Merton,1832,378,307,506,446,195,953,200,163,270,232,88,879,178,144,236,214,107
E01003357,Merton 012A,E02000700,Merton 012,E09000024,Merton,1757,404,334,429,407,183,849,207,155,202,208,77,908,197,179,227,199,106
E01003358,Merton 009C,E02000697,Merton 009,E09000024,Merton,2023,326,446,696,391,164,1046,182,229,367,201,67,977,144,217,329,190,97
E01003359,Merton 006A,E02000694,Merton 006,E09000024,Merton,1848,310,366,562,395,215,894,174,153,274,202,91,954,136,213,288,193,124
E01003360,Merton 006B,E02000694,Merton 006,E09000024,Merton,1838,408,359,591,334,146,910,183,193,295,167,72,928,225,166,296,167,74
E01003361,Merton 015A,E02000703,Merton 015,E09000024,Merton,1686,365,273,402,408,238,829,187,151,195,189,107,857,178,122,207,219,131
E01003362,Merton 021A,E02000709,Merton 021,E09000024,Merton,1312,258,154,256,392,252,617,123,70,118,199,107,695,135,84,138,193,145
E01003363,Merton 021B,E02000709,Merton 021,E09000024,Merton,1601,374,174,341,429,283,807,215,98,158,215,121,794,159,76,183,214,162
E01003364,Merton 021C,E02000709,Merton 021,E09000024,Merton,1742,363,205,362,464,348,856,186,105,190,216,159,886,177,100,172,248,189
E01003365,Merton 021D,E02000709,Merton 021,E09000024,Merton,1378,256,196,255,396,275,674,135,92,126,183,138,704,121,104,129,213,137
E01003366,Merton 016A,E02000704,Merton 016,E09000024,Merton,1691,334,288,492,380,197,860,174,153,260,199,74,831,160,135,232,181,123
E01003367,Merton 005A,E02000693,Merton 005,E09000024,Merton,2754,456,582,1024,457,235,1360,227,277,554,202,100,1394,229,305,470,255,135
E01003368,Merton 008A,E02000696,Merton 008,E09000024,Merton,1522,255,272,468,344,183,771,135,151,252,156,77,751,120,121,216,188,106
E01003369,Merton 005B,E02000693,Merton 005,E09000024,Merton,1657,221,328,632,330,146,827,122,150,331,152,72,830,99,178,301,178,74
E01003370,Merton 005C,E02000693,Merton 005,E09000024,Merton,1997,291,465,744,347,150,977,135,226,375,169,72,1020,156,239,369,178,78
E01003371,Merton 005D,E02000693,Merton 005,E09000024,Merton,1477,217,270,477,312,201,740,94,133,254,165,94,737,123,137,223,147,107
E01003372,Merton 008B,E02000696,Merton 008,E09000024,Merton,1510,266,313,396,369,166,720,139,149,183,184,65,790,127,164,213,185,101
E01003373,Merton 018A,E02000706,Merton 018,E09000024,Merton,1426,383,231,333,330,149,662,190,110,164,131,67,764,193,121,169,199,82
E01003374,Merton 022A,E02000710,Merton 022,E09000024,Merton,1711,394,244,428,384,261,803,199,123,199,174,108,908,195,121,229,210,153
E01003375,Merton 022B,E02000710,Merton 022,E09000024,Merton,1735,372,227,376,434,326,848,180,119,193,213,143,887,192,108,183,221,183
E01003376,Merton 012B,E02000700,Merton 012,E09000024,Merton,1467,298,230,366,399,174,699,162,115,187,165,70,768,136,115,179,234,104
E01003377,Merton 012C,E02000700,Merton 012,E09000024,Merton,1588,407,289,349,417,126,784,206,159,164,198,57,804,201,130,185,219,69
E01003378,Merton 018B,E02000706,Merton 018,E09000024,Merton,2193,538,317,641,525,172,1026,261,159,293,255,58,1167,277,158,348,270,114
E01003379,Merton 018C,E02000706,Merton 018,E09000024,Merton,1902,525,277,422,437,241,886,273,122,200,192,99,1016,252,155,222,245,142
E01003380,Merton 011A,E02000699,Merton 011,E09000024,Merton,1841,461,245,527,379,229,932,243,115,278,199,97,909,218,130,249,180,132
E01003381,Merton 016B,E02000704,Merton 016,E09000024,Merton,1523,235,215,574,307,192,731,106,104,305,137,79,792,129,111,269,170,113
E01003382,Merton 011B,E02000699,Merton 011,E09000024,Merton,1696,421,187,520,378,190,845,238,84,258,192,73,851,183,103,262,186,117
E01003383,Merton 009D,E02000697,Merton 009,E09000024,Merton,1715,329,333,604,312,137,868,174,188,305,149,52,847,155,145,299,163,85
E01003384,Merton 009E,E02000697,Merton 009,E09000024,Merton,1661,351,347,512,312,139,794,189,147,254,145,59,867,162,200,258,167,80
E01003385,Merton 011C,E02000699,Merton 011,E09000024,Merton,1696,458,207,468,405,158,865,264,95,233,197,76,831,194,112,235,208,82
E01003386,Merton 013A,E02000701,Merton 013,E09000024,Merton,2233,563,363,593,537,177,1146,273,202,305,287,79,1087,290,161,288,250,98
E01003387,Merton 014A,E02000702,Merton 014,E09000024,Merton,1870,461,280,493,438,198,896,236,136,231,211,82,974,225,144,262,227,116
E01003388,Merton 013B,E02000701,Merton 013,E09000024,Merton,1519,304,216,356,372,271,691,138,100,170,156,127,828,166,116,186,216,144
E01003389,Merton 013C,E02000701,Merton 013,E09000024,Merton,1714,384,256,456,434,184,884,201,125,242,219,97,830,183,131,214,215,87
E01003390,Merton 018D,E02000706,Merton 018,E09000024,Merton,1755,509,267,461,413,105,861,250,124,228,210,49,894,259,143,233,203,56
E01003391,Merton 014B,E02000702,Merton 014,E09000024,Merton,1298,353,232,292,312,109,655,180,110,164,149,52,643,173,122,128,163,57
E01003392,Merton 013D,E02000701,Merton 013,E09000024,Merton,1300,248,247,317,347,141,673,128,134,164,183,64,627,120,113,153,164,77
E01003393,Merton 008C,E02000696,Merton 008,E09000024,Merton,1502,252,273,523,355,99,770,142,109,276,193,50,732,110,164,247,162,49
E01003394,Merton 007A,E02000695,Merton 007,E09000024,Merton,1950,329,318,564,497,242,1087,183,158,357,275,114,863,146,160,207,222,128
E01003395,Merton 007B,E02000695,Merton 007,E09000024,Merton,1567,300,254,377,385,251,841,149,159,213,206,114,726,151,95,164,179,137
E01003396,Merton 007C,E02000695,Merton 007,E09000024,Merton,1531,286,276,431,316,222,796,144,142,245,164,101,735,142,134,186,152,121
E01003397,Merton 007D,E02000695,Merton 007,E09000024,Merton,1501,268,252,409,376,196,803,153,129,222,212,87,698,115,123,187,164,109
E01003398,Merton 007E,E02000695,Merton 007,E09000024,Merton,1928,409,307,499,501,212,1027,222,174,265,266,100,901,187,133,234,235,112
E01003399,Merton 011D,E02000699,Merton 011,E09000024,Merton,1356,220,248,413,301,174,654,120,117,195,143,79,702,100,131,218,158,95
E01003400,Merton 003A,E02000691,Merton 003,E09000024,Merton,1432,252,238,476,307,159,719,139,134,223,163,60,713,113,104,253,144,99
E01003401,Merton 004A,E02000692,Merton 004,E09000024,Merton,1461,289,228,399,342,203,681,155,106,209,157,54,780,134,122,190,185,149
E01003402,Merton 004B,E02000692,Merton 004,E09000024,Merton,1696,347,201,398,474,276,802,181,104,189,224,104,894,166,97,209,250,172
E01003403,Merton 004C,E02000692,Merton 004,E09000024,Merton,1540,247,193,377,392,331,741,136,99,183,195,128,799,111,94,194,197,203
E01003404,Merton 004D,E02000692,Merton 004,E09000024,Merton,1833,299,308,523,376,327,899,176,150,253,180,140,934,123,158,270,196,187
E01003405,Merton 018E,E02000706,Merton 018,E09000024,Merton,2173,564,333,585,467,224,1039,283,168,276,219,93,1134,281,165,309,248,131
E01003406,Merton 008D,E02000696,Merton 008,E09000024,Merton,1541,335,330,368,402,106,729,166,168,179,179,37,812,169,162,189,223,69
E01003407,Merton 008E,E02000696,Merton 008,E09000024,Merton,2028,386,390,726,408,118,1050,179,196,399,211,65,978,207,194,327,197,53
E01003408,Merton 012D,E02000700,Merton 012,E09000024,Merton,1943,349,303,690,425,176,970,169,154,366,208,73,973,180,149,324,217,103
E01003409,Merton 013E,E02000701,Merton 013,E09000024,Merton,1702,361,288,415,448,190,823,180,141,220,208,74,879,181,147,195,240,116
E01003410,Merton 012E,E02000700,Merton 012,E09000024,Merton,1614,364,248,457,369,176,781,181,124,217,177,82,833,183,124,240,192,94
E01003411,Merton 014C,E02000702,Merton 014,E09000024,Merton,1930,495,308,537,417,173,940,208,175,260,218,79,990,287,133,277,199,94
E01003412,Merton 014D,E02000702,Merton 014,E09000024,Merton,1619,380,254,401,413,171,797,214,139,203,163,78,822,166,115,198,250,93
E01003413,Merton 017A,E02000705,Merton 017,E09000024,Merton,1933,457,285,550,438,203,1006,261,139,296,223,87,927,196,146,254,215,116
E01003414,Merton 017B,E02000705,Merton 017,E09000024,Merton,1526,292,236,311,405,282,776,168,131,161,205,111,750,124,105,150,200,171
E01003415,Merton 017C,E02000705,Merton 017,E09000024,Merton,1999,461,314,501,516,207,969,210,169,234,259,97,1030,251,145,267,257,110
E01003416,Merton 017D,E02000705,Merton 017,E09000024,Merton,1454,252,243,312,411,236,751,131,135,172,205,108,703,121,108,140,206,128
E01003417,Merton 025A,E02000713,Merton 025,E09000024,Merton,1517,346,172,320,391,288,740,185,109,149,176,121,777,161,63,171,215,167
E01003418,Merton 025B,E02000713,Merton 025,E09000024,Merton,1355,232,204,218,418,283,662,115,114,114,214,105,693,117,90,104,204,178
E01003419,Merton 025C,E02000713,Merton 025,E09000024,Merton,1723,382,247,395,452,247,875,203,147,189,206,130,848,179,100,206,246,117
E01003420,Merton 025D,E02000713,Merton 025,E09000024,Merton,1317,324,165,277,363,188,638,145,88,136,178,91,679,179,77,141,185,97
E01003421,Merton 021E,E02000709,Merton 021,E09000024,Merton,1615,334,219,407,390,265,779,169,103,196,197,114,836,165,116,211,193,151
E01003422,Merton 025E,E02000713,Merton 025,E09000024,Merton,1362,258,185,266,359,294,654,117,96,137,172,132,708,141,89,129,187,162
E01003423,Merton 011E,E02000699,Merton 011,E09000024,Merton,1670,361,245,463,359,242,827,181,117,231,188,110,843,180,128,232,171,132
E01003424,Merton 015B,E02000703,Merton 015,E09000024,Merton,1443,285,159,214,418,367,727,154,93,104,216,160,716,131,66,110,202,207
E01003425,Merton 015C,E02000703,Merton 015,E09000024,Merton,1510,362,167,253,413,315,766,192,92,119,193,170,744,170,75,134,220,145
E01003426,Merton 015D,E02000703,Merton 015,E09000024,Merton,1770,329,295,446,400,300,867,171,150,213,189,144,903,158,145,233,211,156
E01003427,Merton 023A,E02000711,Merton 023,E09000024,Merton,1945,372,284,582,463,244,1019,190,143,335,240,111,926,182,141,247,223,133
E01003428,Merton 015E,E02000703,Merton 015,E09000024,Merton,1500,296,229,369,368,238,755,146,123,199,177,110,745,150,106,170,191,128
E01003429,Merton 019A,E02000707,Merton 019,E09000024,Merton,1423,295,215,293,454,166,700,149,113,160,199,79,723,146,102,133,255,87
E01003430,Merton 019B,E02000707,Merton 019,E09000024,Merton,1505,365,280,290,408,162,770,205,151,130,200,84,735,160,129,160,208,78
E01003431,Merton 019C,E02000707,Merton 019,E09000024,Merton,1560,394,267,285,459,155,713,205,133,110,201,64,847,189,134,175,258,91
E01003432,Merton 019D,E02000707,Merton 019,E09000024,Merton,1425,347,270,254,413,141,711,184,139,114,192,82,714,163,131,140,221,59
E01003433,Merton 019E,E02000707,Merton 019,E09000024,Merton,1550,297,250,329,444,230,802,157,128,167,244,106,748,140,122,162,200,124
E01003434,Merton 017E,E02000705,Merton 017,E09000024,Merton,1521,325,234,307,417,238,790,165,134,166,197,128,731,160,100,141,220,110
E01003435,Merton 014E,E02000702,Merton 014,E09000024,Merton,1914,483,268,495,436,232,874,226,137,224,182,105,1040,257,131,271,254,127
E01003436,Merton 023B,E02000711,Merton 023,E09000024,Merton,1537,317,239,375,414,192,775,169,147,185,193,81,762,148,92,190,221,111
E01003437,Merton 022C,E02000710,Merton 022,E09000024,Merton,1904,343,305,405,500,351,918,169,139,199,244,167,986,174,166,206,256,184
E01003438,Merton 024A,E02000712,Merton 024,E09000024,Merton,1705,408,266,363,491,177,847,220,144,174,237,72,858,188,122,189,254,105
E01003439,Merton 023C,E02000711,Merton 023,E09000024,Merton,1525,357,224,415,384,145,766,190,130,207,167,72,759,167,94,208,217,73
E01003440,Merton 022D,E02000710,Merton 022,E09000024,Merton,1549,333,228,366,418,204,761,165,114,183,211,88,788,168,114,183,207,116
E01003441,Merton 022E,E02000710,Merton 022,E09000024,Merton,1744,399,268,392,436,249,890,221,142,209,202,116,854,178,126,183,234,133
E01003442,Merton 010A,E02000698,Merton 010,E09000024,Merton,1608,319,169,290,505,325,761,152,90,146,228,145,847,167,79,144,277,180
E01003443,Merton 010B,E02000698,Merton 010,E09000024,Merton,1661,430,160,345,453,273,782,220,80,155,214,113,879,210,80,190,239,160
E01003444,Merton 010C,E02000698,Merton 010,E09000024,Merton,1621,357,192,420,409,243,785,179,111,178,208,109,836,178,81,242,201,134
E01003445,Merton 010D,E02000698,Merton 010,E09000024,Merton,1719,378,192,383,476,290,829,189,108,169,235,128,890,189,84,214,241,162
E01003446,Merton 016C,E02000704,Merton 016,E09000024,Merton,1876,301,347,616,414,198,918,147,174,285,217,95,958,154,173,331,197,103
E01003447,Merton 016D,E02000704,Merton 016,E09000024,Merton,1564,337,263,451,347,166,786,192,130,210,175,79,778,145,133,241,172,87
E01003448,Merton 023D,E02000711,Merton 023,E09000024,Merton,2132,492,364,593,507,176,1035,275,150,288,239,83,1097,217,214,305,268,93
E01003449,Merton 024B,E02000712,Merton 024,E09000024,Merton,1840,378,356,408,442,256,952,186,205,212,220,129,888,192,151,196,222,127
E01003450,Merton 024C,E02000712,Merton 024,E09000024,Merton,1568,421,239,341,391,176,779,231,121,172,181,74,789,190,118,169,210,102
E01003451,Merton 024D,E02000712,Merton 024,E09000024,Merton,1657,298,220,305,499,335,824,157,116,155,251,145,833,141,104,150,248,190
E01003452,Merton 024E,E02000712,Merton 024,E09000024,Merton,1996,448,326,443,529,250,998,237,188,199,266,108,998,211,138,244,263,142
E01003453,Merton 023E,E02000711,Merton 023,E09000024,Merton,1783,403,268,475,452,185,881,219,127,231,227,77,902,184,141,244,225,108
E01003454,Merton 003B,E02000691,Merton 003,E09000024,Merton,1354,253,197,357,320,227,642,138,89,175,141,99,712,115,108,182,179,128
E01003455,Merton 005E,E02000693,Merton 005,E09000024,Merton,1681,315,333,603,334,96,900,184,167,326,183,40,781,131,166,277,151,56
E01003456,Merton 003C,E02000691,Merton 003,E09000024,Merton,1736,303,327,595,349,162,883,154,157,315,188,69,853,149,170,280,161,93
E01003457,Merton 006C,E02000694,Merton 006,E09000024,Merton,1619,440,180,470,385,144,794,246,95,233,169,51,825,194,85,237,216,93
E01003458,Merton 006D,E02000694,Merton 006,E09000024,Merton,1661,358,259,524,360,160,796,197,103,246,185,65,865,161,156,278,175,95
E01003459,Merton 006E,E02000694,Merton 006,E09000024,Merton,2110,401,349,741,423,196,1044,207,183,359,206,89,1066,194,166,382,217,107
E01003460,Merton 002A,E02000690,Merton 002,E09000024,Merton,1557,279,213,253,444,368,775,154,109,122,225,165,782,125,104,131,219,203
E01003461,Merton 004E,E02000692,Merton 004,E09000024,Merton,1415,211,259,297,414,234,660,109,113,154,179,105,755,102,146,143,235,129
E01003462,Merton 002B,E02000690,Merton 002,E09000024,Merton,1423,272,149,236,419,347,662,130,83,115,181,153,761,142,66,121,238,194
E01003463,Merton 010E,E02000698,Merton 010,E09000024,Merton,1461,336,181,230,423,291,705,183,99,100,188,135,756,153,82,130,235,156
E01003464,Merton 002C,E02000690,Merton 002,E09000024,Merton,1359,244,139,179,423,374,629,104,73,89,186,177,730,140,66,90,237,197
E01003465,Merton 002D,E02000690,Merton 002,E09000024,Merton,1197,205,141,163,382,306,576,100,70,82,181,143,621,105,71,81,201,163
E01003466,Merton 020A,E02000708,Merton 020,E09000024,Merton,1712,376,198,403,452,283,805,181,101,182,217,124,907,195,97,221,235,159
E01003467,Merton 020B,E02000708,Merton 020,E09000024,Merton,1737,393,208,434,403,299,875,206,106,228,181,154,862,187,102,206,222,145
E01003468,Merton 020C,E02000708,Merton 020,E09000024,Merton,1607,395,172,349,398,293,815,221,89,168,196,141,792,174,83,181,202,152
E01003469,Merton 020D,E02000708,Merton 020,E09000024,Merton,1466,306,227,363,408,162,716,151,125,177,197,66,750,155,102,186,211,96
E01003470,Merton 020E,E02000708,Merton 020,E09000024,Merton,1776,312,307,417,515,225,868,147,152,219,255,95,908,165,155,198,260,130
E01003471,Merton 016E,E02000704,Merton 016,E09000024,Merton,1670,388,174,473,364,271,841,223,91,236,179,112,829,165,83,237,185,159
E01003472,Merton 001A,E02000689,Merton 001,E09000024,Merton,1312,381,135,323,319,154,591,193,58,140,138,62,721,188,77,183,181,92
E01003473,Merton 001B,E02000689,Merton 001,E09000024,Merton,1343,288,187,362,319,187,679,161,90,179,159,90,664,127,97,183,160,97
E01003474,Merton 001C,E02000689,Merton 001,E09000024,Merton,1226,252,201,215,393,165,581,107,108,105,178,83,645,145,93,110,215,82
E01003475,Merton 001D,E02000689,Merton 001,E09000024,Merton,2845,615,567,940,520,203,1366,293,275,458,236,104,1479,322,292,482,284,99
E01003476,Merton 003D,E02000691,Merton 003,E09000024,Merton,1298,288,265,289,345,111,607,142,131,138,138,58,691,146,134,151,207,53
E01003477,Merton 003E,E02000691,Merton 003,E09000024,Merton,1577,360,274,409,386,148,766,170,145,193,192,66,811,190,129,216,194,82
E01003478,Merton 001E,E02000689,Merton 001,E09000024,Merton,1694,518,216,514,322,124,831,242,106,258,159,66,863,276,110,256,163,58
E01003479,Newham 035A,E02000748,Newham 035,E09000025,Newham,1610,398,242,461,367,142,754,186,118,223,180,47,856,212,124,238,187,95
E01003480,Newham 033A,E02000746,Newham 033,E09000025,Newham,2191,330,690,570,422,179,1157,155,355,347,221,79,1034,175,335,223,201,100
E01003481,Newham 035B,E02000748,Newham 035,E09000025,Newham,1640,365,338,454,338,145,862,209,158,255,161,79,778,156,180,199,177,66
E01003482,Newham 033B,E02000746,Newham 033,E09000025,Newham,3778,808,775,1381,705,109,1959,418,385,733,370,53,1819,390,390,648,335,56
E01003483,Newham 032A,E02000745,Newham 032,E09000025,Newham,1486,329,296,342,385,134,753,183,155,186,167,62,733,146,141,156,218,72
E01003484,Newham 032B,E02000745,Newham 032,E09000025,Newham,1648,395,279,507,373,94,865,209,149,277,188,42,783,186,130,230,185,52
E01003485,Newham 035C,E02000748,Newham 035,E09000025,Newham,1590,387,242,445,394,122,835,208,133,229,202,63,755,179,109,216,192,59
E01003486,Newham 033C,E02000746,Newham 033,E09000025,Newham,1197,258,223,219,321,176,586,149,124,112,120,81,611,109,99,107,201,95
E01003487,Newham 033D,E02000746,Newham 033,E09000025,Newham,1293,293,228,301,365,106,666,159,121,165,163,58,627,134,107,136,202,48
E01003488,Newham 019A,E02000732,Newham 019,E09000025,Newham,1942,450,308,481,487,216,993,227,162,283,225,96,949,223,146,198,262,120
E01003489,Newham 019B,E02000732,Newham 019,E09000025,Newham,2106,572,419,531,400,184,1102,297,221,315,204,65,1004,275,198,216,196,119
E01003490,Newham 019C,E02000732,Newham 019,E09000025,Newham,1931,474,417,483,450,107,1048,231,244,287,241,45,883,243,173,196,209,62
E01003491,Newham 022A,E02000735,Newham 022,E09000025,Newham,2240,408,396,650,440,346,1308,208,229,464,226,181,932,200,167,186,214,165
E01003492,Newham 025A,E02000738,Newham 025,E09000025,Newham,2075,530,387,539,441,178,1127,278,219,298,247,85,948,252,168,241,194,93
E01003493,Newham 025B,E02000738,Newham 025,E09000025,Newham,2690,668,468,759,613,182,1477,369,251,437,333,87,1213,299,217,322,280,95
E01003494,Newham 025C,E02000738,Newham 025,E09000025,Newham,2344,671,378,629,482,184,1194,334,172,345,245,98,1150,337,206,284,237,86
E01003495,Newham 025D,E02000738,Newham 025,E09000025,Newham,2186,559,380,583,494,170,1167,291,231,307,265,73,1019,268,149,276,229,97
E01003496,Newham 027A,E02000740,Newham 027,E09000025,Newham,1424,263,326,422,300,113,705,112,157,242,136,58,719,151,169,180,164,55
E01003497,Newham 034A,E02000747,Newham 034,E09000025,Newham,1791,351,384,453,401,202,926,173,218,233,201,101,865,178,166,220,200,101
E01003498,Newham 027B,E02000740,Newham 027,E09000025,Newham,1906,413,408,512,446,127,1035,214,224,294,229,74,871,199,184,218,217,53
E01003499,Newham 030A,E02000743,Newham 030,E09000025,Newham,2658,647,532,626,564,289,1359,344,284,316,280,135,1299,303,248,310,284,154
E01003500,Newham 027C,E02000740,Newham 027,E09000025,Newham,2236,446,487,599,484,220,1166,234,267,326,233,106,1070,212,220,273,251,114
E01003501,Newham 030B,E02000743,Newham 030,E09000025,Newham,2477,540,466,631,620,220,1292,287,248,352,300,105,1185,253,218,279,320,115
E01003502,Newham 030C,E02000743,Newham 030,E09000025,Newham,2313,461,510,626,534,182,1214,240,249,356,287,82,1099,221,261,270,247,100
E01003503,Newham 030D,E02000743,Newham 030,E09000025,Newham,2821,514,687,904,516,200,1475,233,364,541,231,106,1346,281,323,363,285,94
E01003506,Newham 034D,E02000747,Newham 034,E09000025,Newham,1176,248,217,296,261,154,558,124,106,155,107,66,618,124,111,141,154,88
E01003507,Newham 031A,E02000744,Newham 031,E09000025,Newham,2579,579,498,669,589,244,1386,273,258,422,327,106,1193,306,240,247,262,138
E01003508,Newham 031B,E02000744,Newham 031,E09000025,Newham,2324,546,477,745,397,159,1190,267,268,391,196,68,1134,279,209,354,201,91
E01003509,Newham 031C,E02000744,Newham 031,E09000025,Newham,2238,568,433,586,462,189,1165,306,200,328,241,90,1073,262,233,258,221,99
E01003511,Newham 036A,E02000749,Newham 036,E09000025,Newham,1744,432,367,446,354,145,832,223,173,220,154,62,912,209,194,226,200,83
E01003512,Newham 036B,E02000749,Newham 036,E09000025,Newham,1898,397,370,488,449,194,980,209,194,270,209,98,918,188,176,218,240,96
E01003513,Newham 035D,E02000748,Newham 035,E09000025,Newham,1604,409,275,454,361,105,807,208,138,232,181,48,797,201,137,222,180,57
E01003514,Newham 036C,E02000749,Newham 036,E09000025,Newham,1467,353,291,340,368,115,727,173,176,159,180,39,740,180,115,181,188,76
E01003515,Newham 036D,E02000749,Newham 036,E09000025,Newham,1760,416,332,427,408,177,849,204,169,226,178,72,911,212,163,201,230,105
E01003516,Newham 032C,E02000745,Newham 032,E09000025,Newham,1785,430,345,393,500,117,876,214,176,186,249,51,909,216,169,207,251,66
E01003517,Newham 036E,E02000749,Newham 036,E09000025,Newham,1577,387,307,381,409,93,769,200,166,213,143,47,808,187,141,168,266,46
E01003518,Newham 032D,E02000745,Newham 032,E09000025,Newham,1659,393,251,485,383,147,872,212,127,266,185,82,787,181,124,219,198,65
E01003519,Newham 032E,E02000745,Newham 032,E09000025,Newham,1603,348,352,349,408,146,818,179,199,180,197,63,785,169,153,169,211,83
E01003520,Newham 018A,E02000731,Newham 018,E09000025,Newham,2296,490,481,632,497,196,1271,243,291,380,274,83,1025,247,190,252,223,113
E01003521,Newham 018B,E02000731,Newham 018,E09000025,Newham,2562,589,438,882,455,198,1494,284,252,603,255,100,1068,305,186,279,200,98
E01003522,Newham 018C,E02000731,Newham 018,E09000025,Newham,2041,523,372,563,427,156,1156,268,218,357,239,74,885,255,154,206,188,82
E01003523,Newham 024A,E02000737,Newham 024,E09000025,Newham,2045,466,397,496,446,240,1078,223,232,266,231,126,967,243,165,230,215,114
E01003524,Newham 019D,E02000732,Newham 019,E09000025,Newham,2118,528,417,549,434,190,1128,267,227,329,224,81,990,261,190,220,210,109
E01003525,Newham 018D,E02000731,Newham 018,E09000025,Newham,2184,527,419,595,446,197,1246,274,259,390,239,84,938,253,160,205,207,113
E01003526,Newham 018E,E02000731,Newham 018,E09000025,Newham,1903,481,383,480,381,178,1028,275,193,294,193,73,875,206,190,186,188,105
E01003527,Newham 024B,E02000737,Newham 024,E09000025,Newham,1988,511,356,480,459,182,1018,277,179,261,208,93,970,234,177,219,251,89
E01003528,Newham 005A,E02000718,Newham 005,E09000025,Newham,1432,427,249,362,262,132,695,202,128,187,110,68,737,225,121,175,152,64
E01003529,Newham 010A,E02000723,Newham 010,E09000025,Newham,2509,532,495,660,554,268,1400,273,276,423,313,115,1109,259,219,237,241,153
E01003530,Newham 010B,E02000723,Newham 010,E09000025,Newham,1824,385,344,495,427,173,1033,206,207,309,222,89,791,179,137,186,205,84
E01003531,Newham 010C,E02000723,Newham 010,E09000025,Newham,2207,505,402,617,435,248,1228,258,218,397,222,133,979,247,184,220,213,115
E01003532,Newham 010D,E02000723,Newham 010,E09000025,Newham,2248,484,368,692,473,231,1237,251,196,463,239,88,1011,233,172,229,234,143
E01003533,Newham 011A,E02000724,Newham 011,E09000025,Newham,2205,561,394,580,381,289,1217,301,228,344,205,139,988,260,166,236,176,150
E01003534,Newham 010E,E02000723,Newham 010,E09000025,Newham,2440,648,457,602,535,198,1322,342,246,348,279,107,1118,306,211,254,256,91
E01003535,Newham 023A,E02000736,Newham 023,E09000025,Newham,1749,433,315,406,443,152,896,218,161,239,211,67,853,215,154,167,232,85
E01003536,Newham 023B,E02000736,Newham 023,E09000025,Newham,2084,647,344,499,446,148,1013,309,171,249,221,63,1071,338,173,250,225,85
E01003537,Newham 024C,E02000737,Newham 024,E09000025,Newham,2230,595,399,581,499,156,1184,291,220,328,284,61,1046,304,179,253,215,95
E01003538,Newham 029A,E02000742,Newham 029,E09000025,Newham,2151,559,381,548,452,211,1100,275,211,310,233,71,1051,284,170,238,219,140
E01003539,Newham 029B,E02000742,Newham 029,E09000025,Newham,2441,710,438,592,516,185,1278,375,240,336,240,87,1163,335,198,256,276,98
E01003540,Newham 029C,E02000742,Newham 029,E09000025,Newham,2030,548,429,444,477,132,1077,291,260,222,239,65,953,257,169,222,238,67
E01003541,Newham 029D,E02000742,Newham 029,E09000025,Newham,2120,573,443,488,447,169,1112,295,250,256,225,86,1008,278,193,232,222,83
E01003542,Newham 024D,E02000737,Newham 024,E09000025,Newham,2123,569,395,454,519,186,1094,310,195,244,271,74,1029,259,200,210,248,112
E01003543,Newham 001A,E02000714,Newham 001,E09000025,Newham,2437,512,497,721,507,200,1321,249,289,422,274,87,1116,263,208,299,233,113
E01003544,Newham 001B,E02000714,Newham 001,E09000025,Newham,1908,403,342,558,454,151,1062,221,179,370,232,60,846,182,163,188,222,91
E01003545,Newham 006A,E02000719,Newham 006,E09000025,Newham,1803,418,344,456,442,143,884,226,181,256,184,37,919,192,163,200,258,106
E01003546,Newham 001C,E02000714,Newham 001,E09000025,Newham,1777,417,383,451,404,122,847,216,149,246,189,47,930,201,234,205,215,75
E01003547,Newham 007A,E02000720,Newham 007,E09000025,Newham,1947,394,285,488,506,274,991,199,155,263,255,119,956,195,130,225,251,155
E01003548,Newham 006B,E02000719,Newham 006,E09000025,Newham,2393,410,552,704,445,282,1225,202,298,398,205,122,1168,208,254,306,240,160
E01003549,Newham 006C,E02000719,Newham 006,E09000025,Newham,2207,382,483,697,449,196,1151,177,277,385,232,80,1056,205,206,312,217,116
E01003550,Newham 001D,E02000714,Newham 001,E09000025,Newham,1827,424,342,536,358,167,946,198,191,323,164,70,881,226,151,213,194,97
E01003551,Newham 009A,E02000722,Newham 009,E09000025,Newham,1892,375,363,590,421,143,1012,189,187,342,228,66,880,186,176,248,193,77
E01003552,Newham 016A,E02000729,Newham 016,E09000025,Newham,1737,430,337,498,329,143,894,223,177,261,172,61,843,207,160,237,157,82
E01003553,Newham 009B,E02000722,Newham 009,E09000025,Newham,1833,416,447,470,373,127,943,217,245,259,159,63,890,199,202,211,214,64
E01003554,Newham 009C,E02000722,Newham 009,E09000025,Newham,2014,268,469,669,379,229,1064,140,256,400,174,94,950,128,213,269,205,135
E01003555,Newham 007B,E02000720,Newham 007,E09000025,Newham,1876,432,356,493,386,209,1085,225,198,321,219,122,791,207,158,172,167,87
E01003556,Newham 008A,E02000721,Newham 008,E09000025,Newham,2124,577,506,503,417,121,1129,305,265,264,242,53,995,272,241,239,175,68
E01003557,Newham 006D,E02000719,Newham 006,E09000025,Newham,2197,498,400,678,443,178,1162,246,206,409,225,76,1035,252,194,269,218,102
E01003558,Newham 008B,E02000721,Newham 008,E09000025,Newham,1704,405,330,479,354,136,899,207,169,279,194,50,805,198,161,200,160,86
E01003559,Newham 009D,E02000722,Newham 009,E09000025,Newham,2589,428,622,912,472,155,1397,221,310,564,236,66,1192,207,312,348,236,89
E01003560,Newham 011B,E02000724,Newham 011,E09000025,Newham,1816,404,361,478,391,182,1003,211,196,305,201,90,813,193,165,173,190,92
E01003561,Newham 007C,E02000720,Newham 007,E09000025,Newham,1994,491,366,572,367,198,1124,264,202,347,198,113,870,227,164,225,169,85
E01003562,Newham 014A,E02000727,Newham 014,E09000025,Newham,2223,484,372,658,486,223,1232,257,199,407,279,90,991,227,173,251,207,133
E01003563,Newham 011C,E02000724,Newham 011,E09000025,Newham,2344,616,428,694,429,177,1311,321,240,430,238,82,1033,295,188,264,191,95
E01003564,Newham 014B,E02000727,Newham 014,E09000025,Newham,2564,626,415,846,465,212,1459,342,237,553,249,78,1105,284,178,293,216,134
E01003565,Newham 014C,E02000727,Newham 014,E09000025,Newham,2005,543,344,567,433,118,1143,273,203,342,269,56,862,270,141,225,164,62
E01003566,Newham 014D,E02000727,Newham 014,E09000025,Newham,2001,551,335,609,361,145,1102,274,187,365,213,63,899,277,148,244,148,82
E01003567,Newham 007D,E02000720,Newham 007,E09000025,Newham,1905,478,339,560,376,152,1031,251,179,328,204,69,874,227,160,232,172,83
E01003568,Newham 017A,E02000730,Newham 017,E09000025,Newham,2326,502,372,733,479,240,1323,281,215,447,256,124,1003,221,157,286,223,116
E01003569,Newham 017B,E02000730,Newham 017,E09000025,Newham,2050,463,359,620,395,213,1131,244,174,389,221,103,919,219,185,231,174,110
E01003570,Newham 008C,E02000721,Newham 008,E09000025,Newham,1973,468,357,564,420,164,1062,232,206,334,216,74,911,236,151,230,204,90
E01003571,Newham 008D,E02000721,Newham 008,E09000025,Newham,2139,542,431,583,408,175,1161,264,249,346,227,75,978,278,182,237,181,100
E01003572,Newham 008E,E02000721,Newham 008,E09000025,Newham,1767,500,324,486,280,177,917,243,157,280,147,90,850,257,167,206,133,87
E01003573,Newham 017C,E02000730,Newham 017,E09000025,Newham,2188,507,387,673,402,219,1218,253,221,416,214,114,970,254,166,257,188,105
E01003574,Newham 017D,E02000730,Newham 017,E09000025,Newham,2577,598,394,722,517,346,1361,307,206,433,263,152,1216,291,188,289,254,194
E01003575,Newham 005B,E02000718,Newham 005,E09000025,Newham,1724,501,303,421,352,147,898,250,163,241,194,50,826,251,140,180,158,97
E01003576,Newham 002A,E02000715,Newham 002,E09000025,Newham,2037,602,313,489,441,192,1013,285,151,276,232,69,1024,317,162,213,209,123
E01003577,Newham 005C,E02000718,Newham 005,E09000025,Newham,2175,650,422,506,430,167,1054,323,193,249,220,69,1121,327,229,257,210,98
E01003578,Newham 003A,E02000716,Newham 003,E09000025,Newham,2171,644,388,669,367,103,1171,323,216,379,212,41,1000,321,172,290,155,62
E01003579,Newham 004A,E02000717,Newham 004,E09000025,Newham,1917,524,369,481,373,170,1033,269,189,288,200,87,884,255,180,193,173,83
E01003580,Newham 005D,E02000718,Newham 005,E09000025,Newham,1979,585,323,453,484,134,1022,289,161,230,265,77,957,296,162,223,219,57
E01003581,Newham 002B,E02000715,Newham 002,E09000025,Newham,1916,482,338,528,410,158,1027,263,179,293,222,70,889,219,159,235,188,88
E01003582,Newham 002C,E02000715,Newham 002,E09000025,Newham,1806,524,336,396,407,143,954,305,179,188,228,54,852,219,157,208,179,89
E01003583,Newham 002D,E02000715,Newham 002,E09000025,Newham,1885,520,336,470,379,180,986,268,155,279,196,88,899,252,181,191,183,92
E01003584,Newham 003B,E02000716,Newham 003,E09000025,Newham,1909,406,336,533,402,232,1005,236,177,265,215,112,904,170,159,268,187,120
E01003585,Newham 004B,E02000717,Newham 004,E09000025,Newham,1587,399,283,428,318,159,847,193,146,255,185,68,740,206,137,173,133,91
E01003586,Newham 003C,E02000716,Newham 003,E09000025,Newham,1910,390,328,599,409,184,1112,227,200,386,215,84,798,163,128,213,194,100
E01003587,Newham 004C,E02000717,Newham 004,E09000025,Newham,2501,646,456,721,474,204,1293,294,226,420,255,98,1208,352,230,301,219,106
E01003588,Newham 011D,E02000724,Newham 011,E09000025,Newham,1707,441,296,495,348,127,960,242,164,310,184,60,747,199,132,185,164,67
E01003589,Newham 011E,E02000724,Newham 011,E09000025,Newham,1922,468,371,518,437,128,1089,231,222,308,256,72,833,237,149,210,181,56
E01003590,Newham 003D,E02000716,Newham 003,E09000025,Newham,1577,387,228,399,407,156,804,196,126,215,202,65,773,191,102,184,205,91
E01003591,Newham 004D,E02000717,Newham 004,E09000025,Newham,2342,592,443,665,489,153,1239,285,238,384,262,70,1103,307,205,281,227,83
E01003592,Newham 022B,E02000735,Newham 022,E09000025,Newham,1850,396,410,528,335,181,992,190,218,323,172,89,858,206,192,205,163,92
E01003593,Newham 027D,E02000740,Newham 027,E09000025,Newham,1578,330,295,417,377,159,760,138,153,246,161,62,818,192,142,171,216,97
E01003594,Newham 026A,E02000739,Newham 026,E09000025,Newham,1828,393,318,567,419,131,1001,197,174,350,210,70,827,196,144,217,209,61
E01003595,Newham 026B,E02000739,Newham 026,E09000025,Newham,1795,357,375,439,388,236,931,173,206,242,213,97,864,184,169,197,175,139
E01003596,Newham 016B,E02000729,Newham 016,E09000025,Newham,1933,482,321,523,424,183,965,236,158,285,223,63,968,246,163,238,201,120
E01003597,Newham 016C,E02000729,Newham 016,E09000025,Newham,1591,361,262,448,378,142,860,179,126,278,193,84,731,182,136,170,185,58
E01003598,Newham 021A,E02000734,Newham 021,E09000025,Newham,2013,514,367,536,425,171,1006,251,180,302,219,54,1007,263,187,234,206,117
E01003599,Newham 022C,E02000735,Newham 022,E09000025,Newham,1617,366,342,375,349,185,874,214,181,217,166,96,743,152,161,158,183,89
E01003600,Newham 021B,E02000734,Newham 021,E09000025,Newham,1736,381,342,408,436,169,863,183,175,240,190,75,873,198,167,168,246,94
E01003601,Newham 028A,E02000741,Newham 028,E09000025,Newham,2216,523,418,545,552,178,1128,266,229,300,265,68,1088,257,189,245,287,110
E01003602,Newham 026C,E02000739,Newham 026,E09000025,Newham,2089,445,415,577,476,176,1097,220,210,329,253,85,992,225,205,248,223,91
E01003603,Newham 028B,E02000741,Newham 028,E09000025,Newham,2037,517,307,574,463,176,1068,268,152,325,248,75,969,249,155,249,215,101
E01003604,Newham 031D,E02000744,Newham 031,E09000025,Newham,2332,624,412,593,542,161,1163,295,216,330,265,57,1169,329,196,263,277,104
E01003605,Newham 028C,E02000741,Newham 028,E09000025,Newham,2288,516,463,597,500,212,1274,288,288,355,253,90,1014,228,175,242,247,122
E01003606,Newham 022D,E02000735,Newham 022,E09000025,Newham,2939,776,473,787,642,261,1591,392,253,476,344,126,1348,384,220,311,298,135
E01003607,Newham 026D,E02000739,Newham 026,E09000025,Newham,1841,412,418,476,401,134,922,181,243,266,190,42,919,231,175,210,211,92
E01003608,Newham 028D,E02000741,Newham 028,E09000025,Newham,2206,561,362,603,517,163,1142,286,194,325,261,76,1064,275,168,278,256,87
E01003609,Newham 037A,E02000750,Newham 037,E09000025,Newham,4578,1052,1123,1538,724,141,2349,528,579,823,366,53,2229,524,544,715,358,88
E01003611,Newham 037C,E02000750,Newham 037,E09000025,Newham,2048,540,402,470,470,166,1012,272,211,223,244,62,1036,268,191,247,226,104
E01003615,Newham 013C,E02000726,Newham 013,E09000025,Newham,1948,380,466,515,404,183,971,206,191,300,198,76,977,174,275,215,206,107
E01003616,Newham 012A,E02000725,Newham 012,E09000025,Newham,1843,318,451,558,383,133,1003,172,272,316,188,55,840,146,179,242,195,78
E01003617,Newham 012B,E02000725,Newham 012,E09000025,Newham,3430,462,1040,1120,539,269,1837,215,540,685,269,128,1593,247,500,435,270,141
E01003618,Newham 012C,E02000725,Newham 012,E09000025,Newham,2241,339,489,759,477,177,1138,177,251,401,229,80,1103,162,238,358,248,97
E01003619,Newham 012D,E02000725,Newham 012,E09000025,Newham,2689,483,742,887,403,174,1365,235,336,518,194,82,1324,248,406,369,209,92
E01003621,Newham 023C,E02000736,Newham 023,E09000025,Newham,1623,407,277,428,387,124,884,217,167,243,212,45,739,190,110,185,175,79
E01003622,Newham 023D,E02000736,Newham 023,E09000025,Newham,1800,521,286,452,401,140,999,312,146,248,227,66,801,209,140,204,174,74
E01003623,Newham 023E,E02000736,Newham 023,E09000025,Newham,1813,507,377,414,393,122,942,273,208,222,191,48,871,234,169,192,202,74
E01003624,Newham 024E,E02000737,Newham 024,E09000025,Newham,1743,467,317,401,411,147,861,219,152,218,205,67,882,248,165,183,206,80
E01003625,Newham 015A,E02000728,Newham 015,E09000025,Newham,1798,504,286,547,327,134,932,243,140,316,169,64,866,261,146,231,158,70
E01003626,Newham 015B,E02000728,Newham 015,E09000025,Newham,1651,371,278,486,356,160,923,184,160,299,201,79,728,187,118,187,155,81
E01003627,Newham 015C,E02000728,Newham 015,E09000025,Newham,1505,314,275,452,325,139,807,160,144,275,161,67,698,154,131,177,164,72
E01003628,Newham 015D,E02000728,Newham 015,E09000025,Newham,1720,410,302,445,404,159,973,214,178,255,213,113,747,196,124,190,191,46
E01003629,Newham 015E,E02000728,Newham 015,E09000025,Newham,1594,413,276,446,296,163,835,207,139,263,158,68,759,206,137,183,138,95
E01003630,Newham 021C,E02000734,Newham 021,E09000025,Newham,2069,430,378,568,489,204,1114,235,204,354,225,96,955,195,174,214,264,108
E01003631,Newham 020A,E02000733,Newham 020,E09000025,Newham,1795,287,337,552,431,188,991,150,181,350,216,94,804,137,156,202,215,94
E01003632,Newham 020B,E02000733,Newham 020,E09000025,Newham,2614,480,541,770,520,303,1341,228,277,465,264,107,1273,252,264,305,256,196
E01003633,Newham 020C,E02000733,Newham 020,E09000025,Newham,1856,402,397,472,440,145,989,197,186,299,230,77,867,205,211,173,210,68
E01003634,Newham 020D,E02000733,Newham 020,E09000025,Newham,1817,334,397,457,429,200,975,166,237,272,226,74,842,168,160,185,203,126
E01003635,Newham 016D,E02000729,Newham 016,E09000025,Newham,2005,389,415,584,407,210,1045,191,205,350,195,104,960,198,210,234,212,106
E01003636,Newham 020E,E02000733,Newham 020,E09000025,Newham,2037,380,512,582,398,165,1078,202,267,354,188,67,959,178,245,228,210,98
E01003637,Newham 021D,E02000734,Newham 021,E09000025,Newham,1820,306,446,538,394,136,1033,170,269,332,209,53,787,136,177,206,185,83
E01003638,Redbridge 017A,E02000767,Redbridge 017,E09000026,Redbridge,1858,384,342,406,403,323,967,204,202,209,199,153,891,180,140,197,204,170
E01003639,Redbridge 013A,E02000763,Redbridge 013,E09000026,Redbridge,2122,474,346,551,451,300,1041,248,166,278,232,117,1081,226,180,273,219,183
E01003640,Redbridge 013B,E02000763,Redbridge 013,E09000026,Redbridge,1902,414,365,387,476,260,938,207,195,184,236,116,964,207,170,203,240,144
E01003641,Redbridge 013C,E02000763,Redbridge 013,E09000026,Redbridge,1772,361,343,419,418,231,909,187,184,218,196,124,863,174,159,201,222,107
E01003642,Redbridge 013D,E02000763,Redbridge 013,E09000026,Redbridge,1858,393,406,365,469,225,915,203,206,164,237,105,943,190,200,201,232,120
E01003643,Redbridge 017B,E02000767,Redbridge 017,E09000026,Redbridge,2010,442,343,414,488,323,993,233,187,193,244,136,1017,209,156,221,244,187
E01003644,Redbridge 017C,E02000767,Redbridge 017,E09000026,Redbridge,1614,334,283,371,369,257,802,166,151,185,184,116,812,168,132,186,185,141
E01003645,Redbridge 017D,E02000767,Redbridge 017,E09000026,Redbridge,3013,762,488,968,568,227,1609,412,232,541,314,110,1404,350,256,427,254,117
E01003646,Redbridge 012A,E02000762,Redbridge 012,E09000026,Redbridge,2071,422,421,493,460,275,1073,224,213,276,234,126,998,198,208,217,226,149
E01003647,Redbridge 015A,E02000765,Redbridge 015,E09000026,Redbridge,2126,424,406,595,447,254,1108,229,213,348,208,110,1018,195,193,247,239,144
E01003648,Redbridge 012B,E02000762,Redbridge 012,E09000026,Redbridge,1510,272,249,305,391,293,759,144,130,178,175,132,751,128,119,127,216,161
E01003649,Redbridge 012C,E02000762,Redbridge 012,E09000026,Redbridge,1575,285,309,294,421,266,797,147,189,141,205,115,778,138,120,153,216,151
E01003650,Redbridge 015B,E02000765,Redbridge 015,E09000026,Redbridge,1602,370,247,311,366,308,780,196,115,134,183,152,822,174,132,177,183,156
E01003651,Redbridge 012D,E02000762,Redbridge 012,E09000026,Redbridge,1481,266,275,242,421,277,754,135,152,128,195,144,727,131,123,114,226,133
E01003652,Redbridge 015C,E02000765,Redbridge 015,E09000026,Redbridge,1641,345,334,326,409,227,857,189,205,157,201,105,784,156,129,169,208,122
E01003653,Redbridge 015D,E02000765,Redbridge 015,E09000026,Redbridge,1888,477,289,551,355,216,975,271,143,274,182,105,913,206,146,277,173,111
E01003654,Redbridge 004A,E02000754,Redbridge 004,E09000026,Redbridge,1608,350,270,355,424,209,791,179,140,167,207,98,817,171,130,188,217,111
E01003655,Redbridge 004B,E02000754,Redbridge 004,E09000026,Redbridge,1576,283,219,429,410,235,796,158,100,219,200,119,780,125,119,210,210,116
E01003656,Redbridge 005A,E02000755,Redbridge 005,E09000026,Redbridge,1597,307,276,315,413,286,804,160,153,161,207,123,793,147,123,154,206,163
E01003657,Redbridge 005B,E02000755,Redbridge 005,E09000026,Redbridge,2252,461,348,530,560,353,1127,221,170,285,284,167,1125,240,178,245,276,186
E01003658,Redbridge 004C,E02000754,Redbridge 004,E09000026,Redbridge,1714,342,326,360,452,234,846,166,182,182,221,95,868,176,144,178,231,139
E01003659,Redbridge 005C,E02000755,Redbridge 005,E09000026,Redbridge,1744,376,261,408,473,226,864,204,147,189,224,100,880,172,114,219,249,126
E01003660,Redbridge 004D,E02000754,Redbridge 004,E09000026,Redbridge,1768,364,262,396,473,273,952,217,157,219,229,130,816,147,105,177,244,143
E01003661,Redbridge 019A,E02000769,Redbridge 019,E09000026,Redbridge,1973,429,352,422,502,268,1016,233,187,222,262,112,957,196,165,200,240,156
E01003662,Redbridge 019B,E02000769,Redbridge 019,E09000026,Redbridge,2311,610,472,552,487,190,1176,337,224,296,242,77,1135,273,248,256,245,113
E01003663,Redbridge 019C,E02000769,Redbridge 019,E09000026,Redbridge,1814,413,294,360,445,302,860,208,154,173,207,118,954,205,140,187,238,184
E01003664,Redbridge 019D,E02000769,Redbridge 019,E09000026,Redbridge,1723,412,364,317,449,181,869,207,190,157,239,76,854,205,174,160,210,105
E01003665,Redbridge 019E,E02000769,Redbridge 019,E09000026,Redbridge,1698,431,323,306,440,198,822,205,183,129,219,86,876,226,140,177,221,112
E01003666,Redbridge 019F,E02000769,Redbridge 019,E09000026,Redbridge,2903,877,511,790,562,163,1426,425,250,395,289,67,1477,452,261,395,273,96
E01003668,Redbridge 007A,E02000757,Redbridge 007,E09000026,Redbridge,1782,273,238,536,427,308,897,133,124,278,212,150,885,140,114,258,215,158
E01003669,Redbridge 007B,E02000757,Redbridge 007,E09000026,Redbridge,1617,296,248,390,469,214,834,172,127,190,228,117,783,124,121,200,241,97
E01003670,Redbridge 007C,E02000757,Redbridge 007,E09000026,Redbridge,1511,277,245,310,414,265,768,144,141,151,201,131,743,133,104,159,213,134
E01003671,Redbridge 007D,E02000757,Redbridge 007,E09000026,Redbridge,1455,309,174,272,436,264,710,154,100,128,213,115,745,155,74,144,223,149
E01003672,Redbridge 007E,E02000757,Redbridge 007,E09000026,Redbridge,1801,392,300,532,336,241,905,224,149,290,172,70,896,168,151,242,164,171
E01003673,Redbridge 007F,E02000757,Redbridge 007,E09000026,Redbridge,1973,335,353,551,487,247,1042,174,185,323,241,119,931,161,168,228,246,128
E01003674,Redbridge 007G,E02000757,Redbridge 007,E09000026,Redbridge,2623,527,487,864,538,207,1339,253,264,482,265,75,1284,274,223,382,273,132
E01003675,Redbridge 036A,E02006925,Redbridge 036,E09000026,Redbridge,1704,360,293,402,398,251,861,171,160,209,204,117,843,189,133,193,194,134
E01003676,Redbridge 036B,E02006925,Redbridge 036,E09000026,Redbridge,1807,408,393,332,402,272,929,217,206,160,202,144,878,191,187,172,200,128
E01003677,Redbridge 036C,E02006925,Redbridge 036,E09000026,Redbridge,1658,310,347,312,394,295,867,167,207,154,184,155,791,143,140,158,210,140
E01003678,Redbridge 036D,E02006925,Redbridge 036,E09000026,Redbridge,1610,319,299,276,451,265,816,179,146,128,236,127,794,140,153,148,215,138
E01003679,Redbridge 036E,E02006925,Redbridge 036,E09000026,Redbridge,1668,314,299,347,448,260,835,160,168,164,224,119,833,154,131,183,224,141
E01003680,Redbridge 036F,E02006925,Redbridge 036,E09000026,Redbridge,1838,357,393,299,481,308,926,168,238,140,227,153,912,189,155,159,254,155
E01003681,Redbridge 036G,E02006925,Redbridge 036,E09000026,Redbridge,1889,343,359,352,488,347,918,165,208,180,234,131,971,178,151,172,254,216
E01003682,Redbridge 036H,E02006925,Redbridge 036,E09000026,Redbridge,1737,336,361,318,437,285,889,175,206,157,213,138,848,161,155,161,224,147
E01003683,Redbridge 030A,E02000780,Redbridge 030,E09000026,Redbridge,2319,688,426,563,443,199,1249,391,228,302,245,83,1070,297,198,261,198,116
E01003684,Redbridge 030B,E02000780,Redbridge 030,E09000026,Redbridge,2023,540,417,455,421,190,1018,276,183,227,232,100,1005,264,234,228,189,90
E01003685,Redbridge 030C,E02000780,Redbridge 030,E09000026,Redbridge,2008,466,430,488,439,185,1068,228,238,284,228,90,940,238,192,204,211,95
E01003686,Redbridge 030D,E02000780,Redbridge 030,E09000026,Redbridge,2127,521,412,533,397,264,1128,264,216,295,217,136,999,257,196,238,180,128
E01003688,Redbridge 030F,E02000780,Redbridge 030,E09000026,Redbridge,2072,551,367,557,394,203,1131,295,212,321,210,93,941,256,155,236,184,110
E01003689,Redbridge 030G,E02000780,Redbridge 030,E09000026,Redbridge,2280,635,350,629,458,208,1190,353,178,352,221,86,1090,282,172,277,237,122
E01003690,Redbridge 035A,E02006924,Redbridge 035,E09000026,Redbridge,2340,467,448,654,416,355,1217,251,221,383,216,146,1123,216,227,271,200,209
E01003691,Redbridge 035B,E02006924,Redbridge 035,E09000026,Redbridge,1437,338,265,332,313,189,741,174,140,181,162,84,696,164,125,151,151,105
E01003692,Redbridge 035C,E02006924,Redbridge 035,E09000026,Redbridge,1655,377,314,373,372,219,787,161,149,182,180,115,868,216,165,191,192,104
E01003693,Redbridge 035D,E02006924,Redbridge 035,E09000026,Redbridge,1617,301,316,334,446,220,825,144,161,186,237,97,792,157,155,148,209,123
E01003694,Redbridge 035E,E02006924,Redbridge 035,E09000026,Redbridge,1410,223,233,292,356,306,733,118,129,164,167,155,677,105,104,128,189,151
E01003695,Redbridge 035F,E02006924,Redbridge 035,E09000026,Redbridge,1675,401,265,428,365,216,943,219,148,258,198,120,732,182,117,170,167,96
E01003696,Redbridge 035G,E02006924,Redbridge 035,E09000026,Redbridge,1979,308,583,403,414,271,1138,159,402,232,223,122,841,149,181,171,191,149
E01003697,Redbridge 035H,E02006924,Redbridge 035,E09000026,Redbridge,1662,333,351,366,391,221,838,171,163,197,202,105,824,162,188,169,189,116
E01003698,Redbridge 006A,E02000756,Redbridge 006,E09000026,Redbridge,1391,270,252,279,365,225,709,149,136,135,175,114,682,121,116,144,190,111
E01003699,Redbridge 006B,E02000756,Redbridge 006,E09000026,Redbridge,1658,349,252,430,388,239,857,193,142,234,181,107,801,156,110,196,207,132
E01003700,Redbridge 006C,E02000756,Redbridge 006,E09000026,Redbridge,2322,458,404,485,595,380,1165,247,217,249,283,169,1157,211,187,236,312,211
E01003701,Redbridge 006D,E02000756,Redbridge 006,E09000026,Redbridge,1923,391,412,430,432,258,931,215,227,189,199,101,992,176,185,241,233,157
E01003702,Redbridge 006E,E02000756,Redbridge 006,E09000026,Redbridge,2114,486,337,599,467,225,1068,233,184,314,236,101,1046,253,153,285,231,124
E01003703,Redbridge 006F,E02000756,Redbridge 006,E09000026,Redbridge,2592,499,464,505,734,390,1345,259,272,241,371,202,1247,240,192,264,363,188
E01003704,Redbridge 006G,E02000756,Redbridge 006,E09000026,Redbridge,1768,356,337,393,439,243,892,180,188,197,213,114,876,176,149,196,226,129
E01003705,Redbridge 010A,E02000760,Redbridge 010,E09000026,Redbridge,2368,517,441,538,559,313,1143,230,229,286,257,141,1225,287,212,252,302,172
E01003706,Redbridge 010B,E02000760,Redbridge 010,E09000026,Redbridge,1749,426,283,372,417,251,876,222,142,177,224,111,873,204,141,195,193,140
E01003707,Redbridge 008A,E02000758,Redbridge 008,E09000026,Redbridge,1384,278,253,227,402,224,738,152,156,123,200,107,646,126,97,104,202,117
E01003708,Redbridge 008B,E02000758,Redbridge 008,E09000026,Redbridge,1765,419,338,361,457,190,814,198,209,150,184,73,951,221,129,211,273,117
E01003709,Redbridge 008C,E02000758,Redbridge 008,E09000026,Redbridge,1681,355,267,310,455,294,833,170,130,164,221,148,848,185,137,146,234,146
E01003710,Redbridge 008D,E02000758,Redbridge 008,E09000026,Redbridge,1504,273,266,249,401,315,738,134,158,118,194,134,766,139,108,131,207,181
E01003711,Redbridge 010C,E02000760,Redbridge 010,E09000026,Redbridge,1804,350,317,406,400,331,871,160,136,224,204,147,933,190,181,182,196,184
E01003712,Redbridge 010D,E02000760,Redbridge 010,E09000026,Redbridge,1217,259,223,252,317,166,577,137,111,129,136,64,640,122,112,123,181,102
E01003713,Redbridge 034A,E02006800,Redbridge 034,E09000026,Redbridge,1752,359,374,388,426,205,912,181,203,208,215,105,840,178,171,180,211,100
E01003714,Redbridge 034B,E02006800,Redbridge 034,E09000026,Redbridge,2223,578,383,593,467,202,1188,306,201,322,250,109,1035,272,182,271,217,93
E01003715,Redbridge 034C,E02006800,Redbridge 034,E09000026,Redbridge,2224,550,484,527,462,201,1200,272,278,295,243,112,1024,278,206,232,219,89
E01003716,Redbridge 034D,E02006800,Redbridge 034,E09000026,Redbridge,1889,411,359,464,430,225,995,230,195,268,212,90,894,181,164,196,218,135
E01003718,Redbridge 034E,E02006800,Redbridge 034,E09000026,Redbridge,2121,589,368,583,437,144,1082,301,181,290,238,72,1039,288,187,293,199,72
E01003719,Redbridge 034F,E02006800,Redbridge 034,E09000026,Redbridge,2247,550,420,576,467,234,1172,272,219,303,246,132,1075,278,201,273,221,102
E01003720,Redbridge 002A,E02000752,Redbridge 002,E09000026,Redbridge,1864,357,335,359,506,307,890,189,165,196,229,111,974,168,170,163,277,196
E01003721,Redbridge 003A,E02000753,Redbridge 003,E09000026,Redbridge,1866,377,314,409,398,368,940,187,173,235,191,154,926,190,141,174,207,214
E01003722,Redbridge 002B,E02000752,Redbridge 002,E09000026,Redbridge,2196,522,395,500,537,242,1096,289,201,249,242,115,1100,233,194,251,295,127
E01003723,Redbridge 002C,E02000752,Redbridge 002,E09000026,Redbridge,1888,385,297,426,507,273,932,183,162,223,242,122,956,202,135,203,265,151
E01003724,Redbridge 003B,E02000753,Redbridge 003,E09000026,Redbridge,1424,296,254,330,368,176,712,163,140,154,170,85,712,133,114,176,198,91
E01003725,Redbridge 003C,E02000753,Redbridge 003,E09000026,Redbridge,1569,359,246,391,390,183,743,186,125,191,162,79,826,173,121,200,228,104
E01003726,Redbridge 002D,E02000752,Redbridge 002,E09000026,Redbridge,1969,523,310,535,438,163,973,273,145,269,203,83,996,250,165,266,235,80
E01003727,Redbridge 003D,E02000753,Redbridge 003,E09000026,Redbridge,1739,369,280,405,481,204,833,189,133,200,223,88,906,180,147,205,258,116
E01003728,Redbridge 032A,E02000782,Redbridge 032,E09000026,Redbridge,3729,1001,628,1311,586,203,1946,517,319,711,305,94,1783,484,309,600,281,109
E01003729,Redbridge 032B,E02000782,Redbridge 032,E09000026,Redbridge,1902,478,348,484,410,182,994,253,198,263,217,63,908,225,150,221,193,119
E01003730,Redbridge 032C,E02000782,Redbridge 032,E09000026,Redbridge,1744,448,382,391,379,144,927,231,225,205,189,77,817,217,157,186,190,67
E01003731,Redbridge 033A,E02000783,Redbridge 033,E09000026,Redbridge,1533,351,366,384,318,114,783,164,213,216,144,46,750,187,153,168,174,68
E01003732,Redbridge 032D,E02000782,Redbridge 032,E09000026,Redbridge,1824,624,304,464,274,158,838,320,111,232,127,48,986,304,193,232,147,110
E01003733,Redbridge 032E,E02000782,Redbridge 032,E09000026,Redbridge,1844,439,396,470,373,166,980,215,208,266,184,107,864,224,188,204,189,59
E01003734,Redbridge 033B,E02000783,Redbridge 033,E09000026,Redbridge,2055,584,359,479,436,197,1037,266,186,255,242,88,1018,318,173,224,194,109
E01003735,Redbridge 033C,E02000783,Redbridge 033,E09000026,Redbridge,2475,751,480,582,442,220,1200,400,263,255,199,83,1275,351,217,327,243,137
E01003736,Redbridge 033D,E02000783,Redbridge 033,E09000026,Redbridge,1792,511,338,439,385,119,951,282,189,231,199,50,841,229,149,208,186,69
E01003737,Redbridge 031A,E02000781,Redbridge 031,E09000026,Redbridge,1895,410,343,366,412,364,950,227,183,181,196,163,945,183,160,185,216,201
E01003738,Redbridge 031B,E02000781,Redbridge 031,E09000026,Redbridge,2309,473,523,489,528,296,1141,216,267,252,270,136,1168,257,256,237,258,160
E01003739,Redbridge 031C,E02000781,Redbridge 031,E09000026,Redbridge,2425,613,483,609,500,220,1260,314,265,318,237,126,1165,299,218,291,263,94
E01003740,Redbridge 031D,E02000781,Redbridge 031,E09000026,Redbridge,2259,553,398,488,533,287,1153,300,198,262,256,137,1106,253,200,226,277,150
E01003741,Redbridge 031E,E02000781,Redbridge 031,E09000026,Redbridge,1940,455,352,413,405,315,978,215,190,214,215,144,962,240,162,199,190,171
E01003742,Redbridge 031F,E02000781,Redbridge 031,E09000026,Redbridge,2409,637,422,648,523,179,1305,340,232,382,273,78,1104,297,190,266,250,101
E01003743,Redbridge 031G,E02000781,Redbridge 031,E09000026,Redbridge,1887,430,402,445,412,198,983,214,217,244,214,94,904,216,185,201,198,104
E01003744,Redbridge 001A,E02000751,Redbridge 001,E09000026,Redbridge,1373,226,145,239,379,384,686,114,71,117,199,185,687,112,74,122,180,199
E01003745,Redbridge 001B,E02000751,Redbridge 001,E09000026,Redbridge,1360,238,212,173,461,276,680,128,109,75,226,142,680,110,103,98,235,134
E01003746,Redbridge 001C,E02000751,Redbridge 001,E09000026,Redbridge,1538,266,179,268,408,417,704,102,96,130,186,190,834,164,83,138,222,227
E01003747,Redbridge 001D,E02000751,Redbridge 001,E09000026,Redbridge,1273,222,174,167,401,309,614,107,82,82,197,146,659,115,92,85,204,163
E01003748,Redbridge 001E,E02000751,Redbridge 001,E09000026,Redbridge,1621,246,282,245,411,437,820,136,170,118,209,187,801,110,112,127,202,250
E01003749,Redbridge 001F,E02000751,Redbridge 001,E09000026,Redbridge,1662,263,290,371,415,323,825,143,149,190,207,136,837,120,141,181,208,187
E01003750,Redbridge 001G,E02000751,Redbridge 001,E09000026,Redbridge,1778,314,255,380,484,345,878,161,124,200,231,162,900,153,131,180,253,183
E01003751,Redbridge 020A,E02000770,Redbridge 020,E09000026,Redbridge,2142,498,475,422,503,244,1041,245,231,200,259,106,1101,253,244,222,244,138
E01003752,Redbridge 023A,E02000773,Redbridge 023,E09000026,Redbridge,2905,600,631,838,528,308,1491,285,329,480,261,136,1414,315,302,358,267,172
E01003753,Redbridge 020B,E02000770,Redbridge 020,E09000026,Redbridge,2170,509,405,522,503,231,1151,252,225,272,278,124,1019,257,180,250,225,107
E01003754,Redbridge 020C,E02000770,Redbridge 020,E09000026,Redbridge,1616,314,336,276,423,267,789,161,169,141,209,109,827,153,167,135,214,158
E01003755,Redbridge 023B,E02000773,Redbridge 023,E09000026,Redbridge,2034,498,427,378,549,182,1051,260,236,196,280,79,983,238,191,182,269,103
E01003756,Redbridge 023C,E02000773,Redbridge 023,E09000026,Redbridge,2209,504,463,445,526,271,1111,258,246,235,258,114,1098,246,217,210,268,157
E01003757,Redbridge 020D,E02000770,Redbridge 020,E09000026,Redbridge,2084,467,462,458,453,244,1076,236,233,251,229,127,1008,231,229,207,224,117
E01003758,Redbridge 023D,E02000773,Redbridge 023,E09000026,Redbridge,2845,889,512,684,592,168,1456,503,258,347,270,78,1389,386,254,337,322,90
E01003759,Redbridge 009A,E02000759,Redbridge 009,E09000026,Redbridge,1546,336,154,325,436,295,780,179,74,167,214,146,766,157,80,158,222,149
E01003760,Redbridge 009B,E02000759,Redbridge 009,E09000026,Redbridge,1962,419,380,478,474,211,1006,209,213,258,227,99,956,210,167,220,247,112
E01003761,Redbridge 009C,E02000759,Redbridge 009,E09000026,Redbridge,1821,466,294,414,516,131,893,240,129,192,275,57,928,226,165,222,241,74
E01003762,Redbridge 009D,E02000759,Redbridge 009,E09000026,Redbridge,1734,335,262,396,515,226,873,167,141,204,251,110,861,168,121,192,264,116
E01003763,Redbridge 009E,E02000759,Redbridge 009,E09000026,Redbridge,2063,520,290,484,469,300,1011,266,149,247,230,119,1052,254,141,237,239,181
E01003764,Redbridge 009F,E02000759,Redbridge 009,E09000026,Redbridge,2199,459,340,669,494,237,1140,259,188,345,244,104,1059,200,152,324,250,133
E01003765,Redbridge 009G,E02000759,Redbridge 009,E09000026,Redbridge,1979,426,403,522,447,181,990,227,192,263,222,86,989,199,211,259,225,95
E01003766,Redbridge 024A,E02000774,Redbridge 024,E09000026,Redbridge,1810,367,359,452,433,199,940,186,187,236,224,107,870,181,172,216,209,92
E01003767,Redbridge 024B,E02000774,Redbridge 024,E09000026,Redbridge,2048,491,384,581,393,199,1117,282,216,335,197,87,931,209,168,246,196,112
E01003768,Redbridge 024C,E02000774,Redbridge 024,E09000026,Redbridge,1888,437,386,477,380,208,972,204,223,236,200,109,916,233,163,241,180,99
E01003769,Redbridge 022A,E02000772,Redbridge 022,E09000026,Redbridge,2042,525,348,550,388,231,1064,290,159,298,217,100,978,235,189,252,171,131
E01003770,Redbridge 022B,E02000772,Redbridge 022,E09000026,Redbridge,3041,709,680,814,622,216,1628,355,409,431,346,87,1413,354,271,383,276,129
E01003771,Redbridge 022C,E02000772,Redbridge 022,E09000026,Redbridge,2066,557,338,490,476,205,1014,253,170,272,214,105,1052,304,168,218,262,100
E01003772,Redbridge 024D,E02000774,Redbridge 024,E09000026,Redbridge,1771,432,313,406,379,241,914,196,168,224,200,126,857,236,145,182,179,115
E01003773,Redbridge 022D,E02000772,Redbridge 022,E09000026,Redbridge,1873,471,352,449,411,190,917,228,170,241,201,77,956,243,182,208,210,113
E01003774,Redbridge 014A,E02000764,Redbridge 014,E09000026,Redbridge,1874,365,257,509,449,294,959,216,128,266,220,129,915,149,129,243,229,165
E01003775,Redbridge 014B,E02000764,Redbridge 014,E09000026,Redbridge,1754,306,285,392,435,336,820,151,121,198,211,139,934,155,164,194,224,197
E01003776,Redbridge 014C,E02000764,Redbridge 014,E09000026,Redbridge,1774,271,249,452,413,389,835,145,138,232,176,144,939,126,111,220,237,245
E01003777,Redbridge 014D,E02000764,Redbridge 014,E09000026,Redbridge,1743,230,299,518,447,249,864,125,166,261,210,102,879,105,133,257,237,147
E01003778,Redbridge 014E,E02000764,Redbridge 014,E09000026,Redbridge,2032,328,415,602,418,269,1097,177,237,336,209,138,935,151,178,266,209,131
E01003779,Redbridge 014F,E02000764,Redbridge 014,E09000026,Redbridge,1557,274,201,385,392,305,717,131,111,200,170,105,840,143,90,185,222,200
E01003780,Redbridge 014G,E02000764,Redbridge 014,E09000026,Redbridge,1516,250,244,213,480,329,758,137,123,105,235,158,758,113,121,108,245,171
E01003781,Redbridge 026A,E02000776,Redbridge 026,E09000026,Redbridge,1954,471,303,538,452,190,986,233,156,284,232,81,968,238,147,254,220,109
E01003782,Redbridge 026B,E02000776,Redbridge 026,E09000026,Redbridge,1893,572,284,531,350,156,943,258,145,273,190,77,950,314,139,258,160,79
E01003783,Redbridge 029A,E02000779,Redbridge 029,E09000026,Redbridge,2638,695,476,716,525,226,1387,337,215,395,321,119,1251,358,261,321,204,107
E01003784,Redbridge 029B,E02000779,Redbridge 029,E09000026,Redbridge,2079,483,402,524,459,211,1122,252,225,287,244,114,957,231,177,237,215,97
E01003785,Redbridge 029C,E02000779,Redbridge 029,E09000026,Redbridge,2306,687,381,660,403,175,1211,400,191,349,192,79,1095,287,190,311,211,96
E01003786,Redbridge 026C,E02000776,Redbridge 026,E09000026,Redbridge,1523,381,290,323,353,176,757,218,139,140,191,69,766,163,151,183,162,107
E01003787,Redbridge 026D,E02000776,Redbridge 026,E09000026,Redbridge,1591,416,249,358,351,217,834,213,131,182,188,120,757,203,118,176,163,97
E01003788,Redbridge 029D,E02000779,Redbridge 029,E09000026,Redbridge,2229,558,339,694,442,196,1256,334,187,385,256,94,973,224,152,309,186,102
E01003789,Redbridge 018A,E02000768,Redbridge 018,E09000026,Redbridge,1407,231,243,324,370,239,685,123,118,165,181,98,722,108,125,159,189,141
E01003790,Redbridge 027A,E02000777,Redbridge 027,E09000026,Redbridge,1401,261,199,273,406,262,715,129,105,150,197,134,686,132,94,123,209,128
E01003791,Redbridge 027B,E02000777,Redbridge 027,E09000026,Redbridge,1507,302,184,335,395,291,737,162,88,167,192,128,770,140,96,168,203,163
E01003792,Redbridge 027C,E02000777,Redbridge 027,E09000026,Redbridge,1450,284,212,272,449,233,734,139,110,146,224,115,716,145,102,126,225,118
E01003793,Redbridge 027D,E02000777,Redbridge 027,E09000026,Redbridge,1622,302,215,412,437,256,796,144,112,212,212,116,826,158,103,200,225,140
E01003794,Redbridge 018B,E02000768,Redbridge 018,E09000026,Redbridge,1563,358,195,326,415,269,755,183,104,149,201,118,808,175,91,177,214,151
E01003795,Redbridge 018C,E02000768,Redbridge 018,E09000026,Redbridge,1234,265,159,197,385,228,607,155,69,94,191,98,627,110,90,103,194,130
E01003796,Redbridge 018D,E02000768,Redbridge 018,E09000026,Redbridge,1547,292,236,308,430,281,798,153,153,144,208,140,749,139,83,164,222,141
E01003797,Richmond upon Thames 001A,E02000784,Richmond upon Thames 001,E09000027,Richmond upon Thames,1419,296,184,144,450,345,658,146,77,67,213,155,761,150,107,77,237,190
E01003798,Richmond upon Thames 001B,E02000784,Richmond upon Thames 001,E09000027,Richmond upon Thames,1491,253,213,257,464,304,715,131,113,120,225,126,776,122,100,137,239,178
E01003799,Richmond upon Thames 001C,E02000784,Richmond upon Thames 001,E09000027,Richmond upon Thames,1657,373,191,328,515,250,824,190,97,144,264,129,833,183,94,184,251,121
E01003800,Richmond upon Thames 001D,E02000784,Richmond upon Thames 001,E09000027,Richmond upon Thames,1413,284,216,248,432,233,655,128,133,120,190,84,758,156,83,128,242,149
E01003801,Richmond upon Thames 001E,E02000784,Richmond upon Thames 001,E09000027,Richmond upon Thames,1334,238,189,293,364,250,691,114,115,165,184,113,643,124,74,128,180,137
E01003802,Richmond upon Thames 001F,E02000784,Richmond upon Thames 001,E09000027,Richmond upon Thames,1322,207,173,240,427,275,714,120,107,129,213,145,608,87,66,111,214,130
E01003803,Richmond upon Thames 001G,E02000784,Richmond upon Thames 001,E09000027,Richmond upon Thames,1495,327,208,333,406,221,723,190,94,161,181,97,772,137,114,172,225,124
E01003804,Richmond upon Thames 005A,E02000788,Richmond upon Thames 005,E09000027,Richmond upon Thames,1785,448,185,440,471,241,881,269,95,185,225,107,904,179,90,255,246,134
E01003805,Richmond upon Thames 012A,E02000795,Richmond upon Thames 012,E09000027,Richmond upon Thames,1594,400,156,232,417,389,796,211,80,106,195,204,798,189,76,126,222,185
E01003806,Richmond upon Thames 012B,E02000795,Richmond upon Thames 012,E09000027,Richmond upon Thames,1597,420,224,181,486,286,771,209,119,83,217,143,826,211,105,98,269,143
E01003807,Richmond upon Thames 005B,E02000788,Richmond upon Thames 005,E09000027,Richmond upon Thames,2025,420,286,555,473,291,982,209,152,259,233,129,1043,211,134,296,240,162
E01003808,Richmond upon Thames 005C,E02000788,Richmond upon Thames 005,E09000027,Richmond upon Thames,1920,492,151,522,507,248,872,214,78,246,251,83,1048,278,73,276,256,165
E01003809,Richmond upon Thames 005D,E02000788,Richmond upon Thames 005,E09000027,Richmond upon Thames,1691,380,174,270,524,343,818,204,88,141,250,135,873,176,86,129,274,208
E01003810,Richmond upon Thames 019A,E02000802,Richmond upon Thames 019,E09000027,Richmond upon Thames,1601,386,187,298,518,212,801,201,103,128,254,115,800,185,84,170,264,97
E01003811,Richmond upon Thames 018A,E02000801,Richmond upon Thames 018,E09000027,Richmond upon Thames,1821,514,172,430,541,164,874,264,90,199,263,58,947,250,82,231,278,106
E01003812,Richmond upon Thames 018B,E02000801,Richmond upon Thames 018,E09000027,Richmond upon Thames,1900,437,255,434,549,225,928,217,133,193,263,122,972,220,122,241,286,103
E01003813,Richmond upon Thames 019B,E02000802,Richmond upon Thames 019,E09000027,Richmond upon Thames,1637,323,214,240,530,330,827,184,100,131,248,164,810,139,114,109,282,166
E01003814,Richmond upon Thames 019C,E02000802,Richmond upon Thames 019,E09000027,Richmond upon Thames,1746,272,228,370,522,354,818,133,112,172,254,147,928,139,116,198,268,207
E01003815,Richmond upon Thames 019D,E02000802,Richmond upon Thames 019,E09000027,Richmond upon Thames,1956,395,197,514,508,342,924,211,104,257,232,120,1032,184,93,257,276,222
E01003816,Richmond upon Thames 012C,E02000795,Richmond upon Thames 012,E09000027,Richmond upon Thames,1869,483,237,293,566,290,924,252,112,134,284,142,945,231,125,159,282,148
E01003817,Richmond upon Thames 012D,E02000795,Richmond upon Thames 012,E09000027,Richmond upon Thames,2124,436,210,432,610,436,1071,239,110,214,323,185,1053,197,100,218,287,251
E01003818,Richmond upon Thames 017A,E02000800,Richmond upon Thames 017,E09000027,Richmond upon Thames,1651,391,174,289,479,318,826,199,108,138,242,139,825,192,66,151,237,179
E01003819,Richmond upon Thames 017B,E02000800,Richmond upon Thames 017,E09000027,Richmond upon Thames,1753,385,224,364,512,268,865,190,126,167,261,121,888,195,98,197,251,147
E01003820,Richmond upon Thames 017C,E02000800,Richmond upon Thames 017,E09000027,Richmond upon Thames,2073,482,246,393,613,339,1031,260,121,195,277,178,1042,222,125,198,336,161
E01003821,Richmond upon Thames 008A,E02000791,Richmond upon Thames 008,E09000027,Richmond upon Thames,1801,337,169,548,530,217,935,179,93,260,304,99,866,158,76,288,226,118
E01003822,Richmond upon Thames 023A,E02000806,Richmond upon Thames 023,E09000027,Richmond upon Thames,1375,251,148,167,435,374,650,136,75,78,205,156,725,115,73,89,230,218
E01003823,Richmond upon Thames 023B,E02000806,Richmond upon Thames 023,E09000027,Richmond upon Thames,1716,217,230,324,539,406,809,91,110,158,277,173,907,126,120,166,262,233
E01003824,Richmond upon Thames 023C,E02000806,Richmond upon Thames 023,E09000027,Richmond upon Thames,1606,336,177,280,488,325,777,178,98,141,211,149,829,158,79,139,277,176
E01003825,Richmond upon Thames 023D,E02000806,Richmond upon Thames 023,E09000027,Richmond upon Thames,1772,417,160,322,554,319,865,220,81,149,265,150,907,197,79,173,289,169
E01003826,Richmond upon Thames 023E,E02000806,Richmond upon Thames 023,E09000027,Richmond upon Thames,1884,425,215,422,481,341,871,215,96,192,228,140,1013,210,119,230,253,201
E01003827,Richmond upon Thames 023F,E02000806,Richmond upon Thames 023,E09000027,Richmond upon Thames,1938,368,253,483,547,287,959,182,147,228,264,138,979,186,106,255,283,149
E01003828,Richmond upon Thames 020A,E02000803,Richmond upon Thames 020,E09000027,Richmond upon Thames,1444,279,171,200,392,402,684,143,96,76,190,179,760,136,75,124,202,223
E01003829,Richmond upon Thames 020B,E02000803,Richmond upon Thames 020,E09000027,Richmond upon Thames,1626,375,208,329,435,279,764,172,99,153,227,113,862,203,109,176,208,166
E01003830,Richmond upon Thames 020C,E02000803,Richmond upon Thames 020,E09000027,Richmond upon Thames,1796,398,252,315,502,329,870,204,117,152,236,161,926,194,135,163,266,168
E01003831,Richmond upon Thames 020D,E02000803,Richmond upon Thames 020,E09000027,Richmond upon Thames,1683,376,193,373,470,271,816,206,96,180,212,122,867,170,97,193,258,149
E01003832,Richmond upon Thames 020E,E02000803,Richmond upon Thames 020,E09000027,Richmond upon Thames,1424,272,180,324,412,236,691,149,96,146,215,85,733,123,84,178,197,151
E01003833,Richmond upon Thames 020F,E02000803,Richmond upon Thames 020,E09000027,Richmond upon Thames,1406,270,150,336,363,287,670,140,72,157,177,124,736,130,78,179,186,163
E01003834,Richmond upon Thames 022A,E02000805,Richmond upon Thames 022,E09000027,Richmond upon Thames,2205,278,731,429,473,294,1110,137,364,216,247,146,1095,141,367,213,226,148
E01003835,Richmond upon Thames 022B,E02000805,Richmond upon Thames 022,E09000027,Richmond upon Thames,1627,396,187,271,543,230,819,223,85,130,259,122,808,173,102,141,284,108
E01003836,Richmond upon Thames 022C,E02000805,Richmond upon Thames 022,E09000027,Richmond upon Thames,1441,296,198,216,425,306,681,152,91,101,210,127,760,144,107,115,215,179
E01003837,Richmond upon Thames 022D,E02000805,Richmond upon Thames 022,E09000027,Richmond upon Thames,2041,382,204,323,710,422,1025,217,100,153,353,202,1016,165,104,170,357,220
E01003838,Richmond upon Thames 022E,E02000805,Richmond upon Thames 022,E09000027,Richmond upon Thames,1846,399,246,413,563,225,921,214,123,205,292,87,925,185,123,208,271,138
E01003839,Richmond upon Thames 022F,E02000805,Richmond upon Thames 022,E09000027,Richmond upon Thames,2258,467,286,541,617,347,1078,242,127,244,317,148,1180,225,159,297,300,199
E01003840,Richmond upon Thames 013A,E02000796,Richmond upon Thames 013,E09000027,Richmond upon Thames,1707,432,232,420,415,208,820,189,123,203,209,96,887,243,109,217,206,112
E01003841,Richmond upon Thames 013B,E02000796,Richmond upon Thames 013,E09000027,Richmond upon Thames,2136,543,336,504,536,217,1043,250,182,237,254,120,1093,293,154,267,282,97
E01003842,Richmond upon Thames 013C,E02000796,Richmond upon Thames 013,E09000027,Richmond upon Thames,1680,402,239,374,413,252,835,217,121,180,199,118,845,185,118,194,214,134
E01003843,Richmond upon Thames 013D,E02000796,Richmond upon Thames 013,E09000027,Richmond upon Thames,2124,480,329,412,540,363,1041,231,166,197,290,157,1083,249,163,215,250,206
E01003844,Richmond upon Thames 013E,E02000796,Richmond upon Thames 013,E09000027,Richmond upon Thames,1447,275,207,244,384,337,705,147,98,103,192,165,742,128,109,141,192,172
E01003845,Richmond upon Thames 013F,E02000796,Richmond upon Thames 013,E09000027,Richmond upon Thames,1646,283,197,280,514,372,842,161,103,151,266,161,804,122,94,129,248,211
E01003846,Richmond upon Thames 002A,E02000785,Richmond upon Thames 002,E09000027,Richmond upon Thames,1723,386,193,307,525,312,843,202,110,142,243,146,880,184,83,165,282,166
E01003847,Richmond upon Thames 002B,E02000785,Richmond upon Thames 002,E09000027,Richmond upon Thames,1667,228,204,459,455,321,777,115,104,196,220,142,890,113,100,263,235,179
E01003848,Richmond upon Thames 004A,E02000787,Richmond upon Thames 004,E09000027,Richmond upon Thames,1859,392,235,532,482,218,909,211,102,256,236,104,950,181,133,276,246,114
E01003849,Richmond upon Thames 002C,E02000785,Richmond upon Thames 002,E09000027,Richmond upon Thames,1545,310,174,313,448,300,731,133,101,139,235,123,814,177,73,174,213,177
E01003851,Richmond upon Thames 002D,E02000785,Richmond upon Thames 002,E09000027,Richmond upon Thames,1646,325,185,302,474,360,764,154,88,138,223,161,882,171,97,164,251,199
E01003852,Richmond upon Thames 003A,E02000786,Richmond upon Thames 003,E09000027,Richmond upon Thames,1386,223,188,352,356,267,706,126,109,175,169,127,680,97,79,177,187,140
E01003853,Richmond upon Thames 003B,E02000786,Richmond upon Thames 003,E09000027,Richmond upon Thames,1528,327,157,268,450,326,707,137,82,122,211,155,821,190,75,146,239,171
E01003854,Richmond upon Thames 003C,E02000786,Richmond upon Thames 003,E09000027,Richmond upon Thames,1471,295,170,344,409,253,705,149,88,154,201,113,766,146,82,190,208,140
E01003855,Richmond upon Thames 003D,E02000786,Richmond upon Thames 003,E09000027,Richmond upon Thames,1953,394,257,475,551,276,895,196,130,209,247,113,1058,198,127,266,304,163
E01003856,Richmond upon Thames 003E,E02000786,Richmond upon Thames 003,E09000027,Richmond upon Thames,1631,400,174,441,422,194,768,219,67,198,203,81,863,181,107,243,219,113
E01003857,Richmond upon Thames 003F,E02000786,Richmond upon Thames 003,E09000027,Richmond upon Thames,2058,568,192,584,502,212,938,275,92,246,236,89,1120,293,100,338,266,123
E01003858,Richmond upon Thames 003G,E02000786,Richmond upon Thames 003,E09000027,Richmond upon Thames,1634,419,131,418,457,209,783,197,54,204,235,93,851,222,77,214,222,116
E01003859,Richmond upon Thames 005E,E02000788,Richmond upon Thames 005,E09000027,Richmond upon Thames,1632,415,170,329,454,264,820,241,70,165,227,117,812,174,100,164,227,147
E01003860,Richmond upon Thames 002E,E02000785,Richmond upon Thames 002,E09000027,Richmond upon Thames,1880,318,243,592,520,207,971,179,107,304,290,91,909,139,136,288,230,116
E01003861,Richmond upon Thames 004C,E02000787,Richmond upon Thames 004,E09000027,Richmond upon Thames,2101,411,321,687,468,214,1009,198,151,322,260,78,1092,213,170,365,208,136
E01003862,Richmond upon Thames 004D,E02000787,Richmond upon Thames 004,E09000027,Richmond upon Thames,1775,441,158,476,500,200,837,231,74,224,231,77,938,210,84,252,269,123
E01003863,Richmond upon Thames 004E,E02000787,Richmond upon Thames 004,E09000027,Richmond upon Thames,1422,305,132,309,351,325,629,142,57,131,162,137,793,163,75,178,189,188
E01003864,Richmond upon Thames 002F,E02000785,Richmond upon Thames 002,E09000027,Richmond upon Thames,1613,306,201,352,463,291,769,162,103,149,228,127,844,144,98,203,235,164
E01003865,Richmond upon Thames 004F,E02000787,Richmond upon Thames 004,E09000027,Richmond upon Thames,1502,354,179,346,405,218,715,178,80,162,187,108,787,176,99,184,218,110
E01003866,Richmond upon Thames 007A,E02000790,Richmond upon Thames 007,E09000027,Richmond upon Thames,1720,444,197,370,528,181,885,261,114,176,253,81,835,183,83,194,275,100
E01003867,Richmond upon Thames 011A,E02000794,Richmond upon Thames 011,E09000027,Richmond upon Thames,1538,320,246,346,403,223,798,178,126,175,216,103,740,142,120,171,187,120
E01003868,Richmond upon Thames 007B,E02000790,Richmond upon Thames 007,E09000027,Richmond upon Thames,1545,352,154,403,440,196,765,201,85,172,214,93,780,151,69,231,226,103
E01003869,Richmond upon Thames 011B,E02000794,Richmond upon Thames 011,E09000027,Richmond upon Thames,1703,362,228,456,434,223,805,165,117,203,219,101,898,197,111,253,215,122
E01003870,Richmond upon Thames 011C,E02000794,Richmond upon Thames 011,E09000027,Richmond upon Thames,2139,497,281,538,614,209,1058,261,131,257,317,92,1081,236,150,281,297,117
E01003871,Richmond upon Thames 007C,E02000790,Richmond upon Thames 007,E09000027,Richmond upon Thames,1800,445,178,440,517,220,894,237,99,209,245,104,906,208,79,231,272,116
E01003872,Richmond upon Thames 007D,E02000790,Richmond upon Thames 007,E09000027,Richmond upon Thames,1619,285,250,428,465,191,837,162,109,232,236,98,782,123,141,196,229,93
E01003873,Richmond upon Thames 006A,E02000789,Richmond upon Thames 006,E09000027,Richmond upon Thames,1757,294,198,495,480,290,879,151,107,240,262,119,878,143,91,255,218,171
E01003874,Richmond upon Thames 006B,E02000789,Richmond upon Thames 006,E09000027,Richmond upon Thames,1687,308,211,539,446,183,825,172,103,261,217,72,862,136,108,278,229,111
E01003875,Richmond upon Thames 006C,E02000789,Richmond upon Thames 006,E09000027,Richmond upon Thames,1725,398,172,361,489,305,846,192,92,184,239,139,879,206,80,177,250,166
E01003876,Richmond upon Thames 008B,E02000791,Richmond upon Thames 008,E09000027,Richmond upon Thames,1986,196,268,586,552,384,1006,87,134,311,304,170,980,109,134,275,248,214
E01003877,Richmond upon Thames 008C,E02000791,Richmond upon Thames 008,E09000027,Richmond upon Thames,1803,400,156,449,510,288,850,209,69,192,260,120,953,191,87,257,250,168
E01003878,Richmond upon Thames 006D,E02000789,Richmond upon Thames 006,E09000027,Richmond upon Thames,1439,265,173,249,451,301,648,133,84,120,215,96,791,132,89,129,236,205
E01003879,Richmond upon Thames 008D,E02000791,Richmond upon Thames 008,E09000027,Richmond upon Thames,1887,339,495,403,435,215,962,163,262,202,227,108,925,176,233,201,208,107
E01003880,Richmond upon Thames 016A,E02000799,Richmond upon Thames 016,E09000027,Richmond upon Thames,1500,310,168,257,523,242,706,144,70,115,251,126,794,166,98,142,272,116
E01003881,Richmond upon Thames 016B,E02000799,Richmond upon Thames 016,E09000027,Richmond upon Thames,1385,212,368,261,328,216,661,108,159,130,160,104,724,104,209,131,168,112
E01003882,Richmond upon Thames 014A,E02000797,Richmond upon Thames 014,E09000027,Richmond upon Thames,2006,459,219,488,558,282,979,227,117,228,285,122,1027,232,102,260,273,160
E01003883,Richmond upon Thames 014B,E02000797,Richmond upon Thames 014,E09000027,Richmond upon Thames,2042,471,186,624,523,238,1014,226,99,309,279,101,1028,245,87,315,244,137
E01003884,Richmond upon Thames 016C,E02000799,Richmond upon Thames 016,E09000027,Richmond upon Thames,1813,335,228,433,477,340,905,143,113,252,239,158,908,192,115,181,238,182
E01003885,Richmond upon Thames 016D,E02000799,Richmond upon Thames 016,E09000027,Richmond upon Thames,1535,292,217,296,475,255,759,163,99,147,227,123,776,129,118,149,248,132
E01003886,Richmond upon Thames 021A,E02000804,Richmond upon Thames 021,E09000027,Richmond upon Thames,1717,370,219,391,497,240,796,176,102,177,240,101,921,194,117,214,257,139
E01003887,Richmond upon Thames 021B,E02000804,Richmond upon Thames 021,E09000027,Richmond upon Thames,1784,307,225,374,584,294,853,150,115,184,275,129,931,157,110,190,309,165
E01003888,Richmond upon Thames 021C,E02000804,Richmond upon Thames 021,E09000027,Richmond upon Thames,2073,397,342,472,497,365,976,206,162,225,239,144,1097,191,180,247,258,221
E01003889,Richmond upon Thames 021D,E02000804,Richmond upon Thames 021,E09000027,Richmond upon Thames,1671,249,178,353,525,366,845,134,92,172,262,185,826,115,86,181,263,181
E01003890,Richmond upon Thames 018C,E02000801,Richmond upon Thames 018,E09000027,Richmond upon Thames,1681,369,248,350,466,248,781,166,110,178,209,118,900,203,138,172,257,130
E01003891,Richmond upon Thames 018D,E02000801,Richmond upon Thames 018,E09000027,Richmond upon Thames,1819,262,228,308,573,448,851,134,102,141,288,186,968,128,126,167,285,262
E01003892,Richmond upon Thames 009A,E02000792,Richmond upon Thames 009,E09000027,Richmond upon Thames,2185,437,197,440,687,424,1070,232,105,206,336,191,1115,205,92,234,351,233
E01003893,Richmond upon Thames 009B,E02000792,Richmond upon Thames 009,E09000027,Richmond upon Thames,1705,293,208,406,490,308,859,160,111,203,267,118,846,133,97,203,223,190
E01003894,Richmond upon Thames 009C,E02000792,Richmond upon Thames 009,E09000027,Richmond upon Thames,1724,331,229,421,529,214,845,174,108,195,258,110,879,157,121,226,271,104
E01003895,Richmond upon Thames 009D,E02000792,Richmond upon Thames 009,E09000027,Richmond upon Thames,1786,395,204,381,500,306,872,214,95,182,269,112,914,181,109,199,231,194
E01003896,Richmond upon Thames 014C,E02000797,Richmond upon Thames 014,E09000027,Richmond upon Thames,2045,309,430,548,470,288,1002,148,210,272,249,123,1043,161,220,276,221,165
E01003897,Richmond upon Thames 014D,E02000797,Richmond upon Thames 014,E09000027,Richmond upon Thames,1913,399,328,543,435,208,949,218,133,264,235,99,964,181,195,279,200,109
E01003898,Richmond upon Thames 015A,E02000798,Richmond upon Thames 015,E09000027,Richmond upon Thames,1663,366,185,427,480,205,772,175,84,211,229,73,891,191,101,216,251,132
E01003899,Richmond upon Thames 015B,E02000798,Richmond upon Thames 015,E09000027,Richmond upon Thames,1483,320,199,320,446,198,695,137,94,152,221,91,788,183,105,168,225,107
E01003900,Richmond upon Thames 015C,E02000798,Richmond upon Thames 015,E09000027,Richmond upon Thames,1566,336,205,295,480,250,741,160,99,145,218,119,825,176,106,150,262,131
E01003901,Richmond upon Thames 015D,E02000798,Richmond upon Thames 015,E09000027,Richmond upon Thames,1728,438,232,323,520,215,823,219,106,159,244,95,905,219,126,164,276,120
E01003902,Richmond upon Thames 015E,E02000798,Richmond upon Thames 015,E09000027,Richmond upon Thames,1320,335,133,281,370,201,645,158,76,142,173,96,675,177,57,139,197,105
E01003903,Richmond upon Thames 015F,E02000798,Richmond upon Thames 015,E09000027,Richmond upon Thames,1657,393,241,325,457,241,761,170,133,147,212,99,896,223,108,178,245,142
E01003904,Richmond upon Thames 015G,E02000798,Richmond upon Thames 015,E09000027,Richmond upon Thames,1675,410,187,398,475,205,788,215,84,181,215,93,887,195,103,217,260,112
E01003905,Richmond upon Thames 010A,E02000793,Richmond upon Thames 010,E09000027,Richmond upon Thames,1392,272,234,330,368,188,731,145,136,176,183,91,661,127,98,154,185,97
E01003906,Richmond upon Thames 010B,E02000793,Richmond upon Thames 010,E09000027,Richmond upon Thames,1719,352,205,453,431,278,877,201,120,226,206,124,842,151,85,227,225,154
E01003907,Richmond upon Thames 010C,E02000793,Richmond upon Thames 010,E09000027,Richmond upon Thames,1744,388,284,413,406,253,921,228,166,208,208,111,823,160,118,205,198,142
E01003908,Richmond upon Thames 010D,E02000793,Richmond upon Thames 010,E09000027,Richmond upon Thames,1783,342,237,354,501,349,888,185,132,168,245,158,895,157,105,186,256,191
E01003909,Richmond upon Thames 010E,E02000793,Richmond upon Thames 010,E09000027,Richmond upon Thames,1633,330,231,363,391,318,795,161,123,162,196,153,838,169,108,201,195,165
E01003910,Richmond upon Thames 011D,E02000794,Richmond upon Thames 011,E09000027,Richmond upon Thames,1712,340,168,358,459,387,847,170,88,173,226,190,865,170,80,185,233,197
E01003911,Southwark 020A,E02000826,Southwark 020,E09000028,Southwark,1893,433,381,491,472,116,931,208,192,263,211,57,962,225,189,228,261,59
E01003912,Southwark 019A,E02000825,Southwark 019,E09000028,Southwark,1608,532,206,359,408,103,803,289,116,178,177,43,805,243,90,181,231,60
E01003913,Southwark 024A,E02000830,Southwark 024,E09000028,Southwark,1950,351,351,580,444,224,975,177,164,314,217,103,975,174,187,266,227,121
E01003914,Southwark 024B,E02000830,Southwark 024,E09000028,Southwark,2142,260,702,568,427,185,997,126,260,308,219,84,1145,134,442,260,208,101
E01003915,Southwark 024C,E02000830,Southwark 024,E09000028,Southwark,1883,363,336,516,488,180,951,208,169,281,222,71,932,155,167,235,266,109
E01003916,Southwark 020B,E02000826,Southwark 020,E09000028,Southwark,2233,375,512,661,494,191,1185,180,281,364,253,107,1048,195,231,297,241,84
E01003917,Southwark 020C,E02000826,Southwark 020,E09000028,Southwark,1861,332,324,578,431,196,917,166,151,315,208,77,944,166,173,263,223,119
E01003918,Southwark 020D,E02000826,Southwark 020,E09000028,Southwark,1429,289,255,384,311,190,711,150,131,205,135,90,718,139,124,179,176,100
E01003919,Southwark 021A,E02000827,Southwark 021,E09000028,Southwark,1836,286,425,540,416,169,919,141,204,291,200,83,917,145,221,249,216,86
E01003920,Southwark 021B,E02000827,Southwark 021,E09000028,Southwark,1919,467,267,498,519,168,975,230,139,254,267,85,944,237,128,244,252,83
E01003921,Southwark 021C,E02000827,Southwark 021,E09000028,Southwark,1888,357,406,536,453,136,979,212,203,277,220,67,909,145,203,259,233,69
E01003922,Southwark 021D,E02000827,Southwark 021,E09000028,Southwark,2169,478,379,593,550,169,1047,228,186,282,277,74,1122,250,193,311,273,95
E01003923,Southwark 017A,E02000823,Southwark 017,E09000028,Southwark,1768,236,412,512,467,141,909,120,225,269,234,61,859,116,187,243,233,80
E01003924,Southwark 021E,E02000827,Southwark 021,E09000028,Southwark,2004,525,294,528,497,160,1063,275,142,270,288,88,941,250,152,258,209,72
E01003925,Southwark 020E,E02000826,Southwark 020,E09000028,Southwark,1948,426,315,544,496,167,904,186,148,252,242,76,1044,240,167,292,254,91
E01003926,Southwark 021F,E02000827,Southwark 021,E09000028,Southwark,1329,222,260,329,348,170,659,116,134,177,166,66,670,106,126,152,182,104
E01003927,Southwark 002A,E02000808,Southwark 002,E09000028,Southwark,3710,265,1892,924,495,134,1827,149,748,551,323,56,1883,116,1144,373,172,78
E01003929,Southwark 002B,E02000808,Southwark 002,E09000028,Southwark,2450,272,585,892,551,150,1369,136,319,537,309,68,1081,136,266,355,242,82
E01003930,Southwark 034A,E02006802,Southwark 034,E09000028,Southwark,1940,383,553,445,443,116,988,205,246,221,259,57,952,178,307,224,184,59
E01003932,Southwark 034B,E02006802,Southwark 034,E09000028,Southwark,1555,262,329,457,397,110,790,123,165,228,215,59,765,139,164,229,182,51
E01003933,Southwark 034C,E02006802,Southwark 034,E09000028,Southwark,1930,214,667,496,407,146,971,113,308,265,214,71,959,101,359,231,193,75
E01003934,Southwark 002C,E02000808,Southwark 002,E09000028,Southwark,2229,183,706,588,489,263,1143,97,312,340,269,125,1086,86,394,248,220,138
E01003935,Southwark 002D,E02000808,Southwark 002,E09000028,Southwark,1340,150,562,272,253,103,674,70,263,164,141,36,666,80,299,108,112,67
E01003936,Southwark 009A,E02000815,Southwark 009,E09000028,Southwark,3472,255,2407,547,185,78,1540,138,965,303,97,37,1932,117,1442,244,88,41
E01003937,Southwark 009B,E02000815,Southwark 009,E09000028,Southwark,1489,150,441,581,231,86,794,83,213,332,126,40,695,67,228,249,105,46
E01003938,Southwark 006A,E02000812,Southwark 006,E09000028,Southwark,1505,293,371,398,331,112,768,167,166,189,183,63,737,126,205,209,148,49
E01003939,Southwark 002E,E02000808,Southwark 002,E09000028,Southwark,1979,219,788,620,269,83,952,116,313,333,145,45,1027,103,475,287,124,38
E01003940,Southwark 006B,E02000812,Southwark 006,E09000028,Southwark,1368,274,333,270,355,136,610,139,122,114,159,76,758,135,211,156,196,60
E01003941,Southwark 006C,E02000812,Southwark 006,E09000028,Southwark,2122,306,465,790,423,138,1057,138,213,421,221,64,1065,168,252,369,202,74
E01003942,Southwark 006D,E02000812,Southwark 006,E09000028,Southwark,1558,381,416,320,297,144,701,195,158,125,151,72,857,186,258,195,146,72
E01003943,Southwark 009C,E02000815,Southwark 009,E09000028,Southwark,1125,279,186,296,268,96,573,133,89,148,149,54,552,146,97,148,119,42
E01003945,Southwark 033A,E02000839,Southwark 033,E09000028,Southwark,1795,408,203,468,479,237,870,200,110,234,230,96,925,208,93,234,249,141
E01003946,Southwark 033B,E02000839,Southwark 033,E09000028,Southwark,1860,472,194,433,441,320,910,235,102,208,222,143,950,237,92,225,219,177
E01003947,Southwark 033C,E02000839,Southwark 033,E09000028,Southwark,1527,447,230,347,391,112,697,220,107,143,177,50,830,227,123,204,214,62
E01003948,Southwark 033D,E02000839,Southwark 033,E09000028,Southwark,1730,361,190,531,480,168,873,190,81,258,267,77,857,171,109,273,213,91
E01003949,Southwark 032A,E02000838,Southwark 032,E09000028,Southwark,2065,450,255,674,485,201,1006,213,127,332,249,85,1059,237,128,342,236,116
E01003950,Southwark 032B,E02000838,Southwark 032,E09000028,Southwark,1949,466,292,440,514,237,940,230,145,210,255,100,1009,236,147,230,259,137
E01003951,Southwark 033E,E02000839,Southwark 033,E09000028,Southwark,1554,326,274,299,406,249,832,205,168,157,197,105,722,121,106,142,209,144
E01003952,Southwark 030A,E02000836,Southwark 030,E09000028,Southwark,1790,381,287,522,423,177,899,193,138,278,221,69,891,188,149,244,202,108
E01003953,Southwark 028A,E02000834,Southwark 028,E09000028,Southwark,2144,361,341,757,436,249,1001,181,142,359,210,109,1143,180,199,398,226,140
E01003954,Southwark 030B,E02000836,Southwark 030,E09000028,Southwark,1656,395,188,537,362,174,814,190,91,289,173,71,842,205,97,248,189,103
E01003955,Southwark 028B,E02000834,Southwark 028,E09000028,Southwark,2028,406,324,648,453,197,1050,241,165,341,221,82,978,165,159,307,232,115
E01003956,Southwark 030C,E02000836,Southwark 030,E09000028,Southwark,1822,447,195,640,421,119,920,245,93,336,190,56,902,202,102,304,231,63
E01003957,Southwark 032C,E02000838,Southwark 032,E09000028,Southwark,1824,459,231,513,431,190,889,231,114,265,196,83,935,228,117,248,235,107
E01003958,Southwark 032D,E02000838,Southwark 032,E09000028,Southwark,1993,479,266,597,482,169,1003,264,137,308,223,71,990,215,129,289,259,98
E01003960,Southwark 012A,E02000818,Southwark 012,E09000028,Southwark,2010,313,692,478,378,149,997,135,359,261,187,55,1013,178,333,217,191,94
E01003961,Southwark 012B,E02000818,Southwark 012,E09000028,Southwark,2098,381,409,482,533,293,1048,181,188,261,284,134,1050,200,221,221,249,159
E01003963,Southwark 016A,E02000822,Southwark 016,E09000028,Southwark,1649,401,298,370,454,126,808,175,158,192,227,56,841,226,140,178,227,70
E01003964,Southwark 015A,E02000821,Southwark 015,E09000028,Southwark,2357,478,487,556,638,198,1134,225,234,279,313,83,1223,253,253,277,325,115
E01003966,Southwark 015B,E02000821,Southwark 015,E09000028,Southwark,1844,352,439,440,392,221,906,170,227,220,194,95,938,182,212,220,198,126
E01003967,Southwark 016B,E02000822,Southwark 016,E09000028,Southwark,888,188,148,289,196,67,479,94,77,169,105,34,409,94,71,120,91,33
E01003968,Southwark 015C,E02000821,Southwark 015,E09000028,Southwark,1137,325,195,211,285,121,538,150,95,103,141,49,599,175,100,108,144,72
E01003969,Southwark 017B,E02000823,Southwark 017,E09000028,Southwark,2686,458,563,850,601,214,1339,202,271,448,322,96,1347,256,292,402,279,118
E01003970,Southwark 016C,E02000822,Southwark 016,E09000028,Southwark,1195,299,221,245,325,105,592,149,120,127,159,37,603,150,101,118,166,68
E01003971,Southwark 015D,E02000821,Southwark 015,E09000028,Southwark,1157,433,211,240,197,76,593,239,104,111,99,40,564,194,107,129,98,36
E01003972,Southwark 016D,E02000822,Southwark 016,E09000028,Southwark,1655,383,322,452,381,117,851,195,145,259,206,46,804,188,177,193,175,71
E01003973,Southwark 016E,E02000822,Southwark 016,E09000028,Southwark,1674,339,325,489,412,109,816,169,165,248,187,47,858,170,160,241,225,62
E01003974,Southwark 015E,E02000821,Southwark 015,E09000028,Southwark,1391,404,211,288,369,119,688,213,99,122,192,62,703,191,112,166,177,57
E01003975,Southwark 004A,E02000810,Southwark 004,E09000028,Southwark,1996,454,477,515,420,130,960,238,240,243,179,60,1036,216,237,272,241,70
E01003976,Southwark 003A,E02000809,Southwark 003,E09000028,Southwark,2459,523,585,858,400,93,1238,285,304,404,207,38,1221,238,281,454,193,55
E01003977,Southwark 010A,E02000816,Southwark 010,E09000028,Southwark,2271,445,512,652,428,234,1161,221,258,349,217,116,1110,224,254,303,211,118
E01003978,Southwark 004B,E02000810,Southwark 004,E09000028,Southwark,2954,455,730,1081,543,145,1494,217,405,537,293,42,1460,238,325,544,250,103
E01003979,Southwark 006E,E02000812,Southwark 006,E09000028,Southwark,1924,257,397,566,460,244,937,127,165,267,253,125,987,130,232,299,207,119
E01003980,Southwark 013A,E02000819,Southwark 013,E09000028,Southwark,1941,254,629,436,437,185,967,121,302,225,230,89,974,133,327,211,207,96
E01003981,Southwark 006F,E02000812,Southwark 006,E09000028,Southwark,2285,216,1113,456,361,139,1093,97,506,245,178,67,1192,119,607,211,183,72
E01003983,Southwark 018A,E02000824,Southwark 018,E09000028,Southwark,1891,520,335,362,481,193,883,219,152,176,249,87,1008,301,183,186,232,106
E01003984,Southwark 023A,E02000829,Southwark 023,E09000028,Southwark,2083,298,460,613,463,249,1082,174,222,326,235,125,1001,124,238,287,228,124
E01003986,Southwark 011A,E02000817,Southwark 011,E09000028,Southwark,1667,364,298,417,385,203,818,197,152,202,211,56,849,167,146,215,174,147
E01003987,Southwark 011B,E02000817,Southwark 011,E09000028,Southwark,1897,398,343,461,485,210,966,220,186,241,235,84,931,178,157,220,250,126
E01003988,Southwark 018B,E02000824,Southwark 018,E09000028,Southwark,2414,455,545,531,615,268,1274,218,326,279,320,131,1140,237,219,252,295,137
E01003989,Southwark 018C,E02000824,Southwark 018,E09000028,Southwark,2137,519,477,508,499,134,1039,242,239,232,259,67,1098,277,238,276,240,67
E01003990,Southwark 018D,E02000824,Southwark 018,E09000028,Southwark,2149,527,388,541,510,183,1035,267,192,287,229,60,1114,260,196,254,281,123
E01003991,Southwark 017C,E02000823,Southwark 017,E09000028,Southwark,1273,171,228,282,345,247,626,89,117,154,157,109,647,82,111,128,188,138
E01003992,Southwark 014A,E02000820,Southwark 014,E09000028,Southwark,1620,427,349,327,339,178,684,197,153,152,114,68,936,230,196,175,225,110
E01003993,Southwark 017D,E02000823,Southwark 017,E09000028,Southwark,1817,497,323,372,459,166,851,250,151,171,208,71,966,247,172,201,251,95
E01003994,Southwark 012E,E02000818,Southwark 012,E09000028,Southwark,1631,212,415,440,411,153,823,125,217,246,176,59,808,87,198,194,235,94
E01003995,Southwark 014B,E02000820,Southwark 014,E09000028,Southwark,1475,248,232,408,412,175,761,136,124,215,209,77,714,112,108,193,203,98
E01003997,Southwark 017E,E02000823,Southwark 017,E09000028,Southwark,1221,214,297,317,270,123,583,105,157,155,118,48,638,109,140,162,152,75
E01003998,Southwark 014D,E02000820,Southwark 014,E09000028,Southwark,1454,170,316,447,365,156,780,105,164,245,208,58,674,65,152,202,157,98
E01003999,Southwark 014E,E02000820,Southwark 014,E09000028,Southwark,1468,299,313,411,320,125,763,155,170,223,152,63,705,144,143,188,168,62
E01004000,Southwark 026A,E02000832,Southwark 026,E09000028,Southwark,2183,430,358,680,510,205,1080,205,157,362,267,89,1103,225,201,318,243,116
E01004001,Southwark 026B,E02000832,Southwark 026,E09000028,Southwark,1836,390,328,452,440,226,893,214,178,208,193,100,943,176,150,244,247,126
E01004002,Southwark 029A,E02000835,Southwark 029,E09000028,Southwark,1866,415,243,541,477,190,944,222,111,284,225,102,922,193,132,257,252,88
E01004003,Southwark 023B,E02000829,Southwark 023,E09000028,Southwark,2041,445,359,518,525,194,1032,215,207,267,278,65,1009,230,152,251,247,129
E01004004,Southwark 023C,E02000829,Southwark 023,E09000028,Southwark,2769,433,621,922,611,182,1505,249,330,528,331,67,1264,184,291,394,280,115
E01004005,Southwark 023D,E02000829,Southwark 023,E09000028,Southwark,2440,526,388,741,541,244,1274,242,214,404,301,113,1166,284,174,337,240,131
E01004006,Southwark 023E,E02000829,Southwark 023,E09000028,Southwark,2178,320,491,716,483,168,1191,158,253,426,290,64,987,162,238,290,193,104
E01004007,Southwark 018E,E02000824,Southwark 018,E09000028,Southwark,1335,341,229,277,316,172,642,192,124,122,134,70,693,149,105,155,182,102
E01004008,Southwark 022B,E02000828,Southwark 022,E09000028,Southwark,2018,415,387,445,591,180,1012,217,201,238,279,77,1006,198,186,207,312,103
E01004010,Southwark 022D,E02000828,Southwark 022,E09000028,Southwark,1646,344,302,456,394,150,837,200,157,242,186,52,809,144,145,214,208,98
E01004011,Southwark 019B,E02000825,Southwark 019,E09000028,Southwark,2248,532,445,551,527,193,1074,254,239,277,236,68,1174,278,206,274,291,125
E01004012,Southwark 019C,E02000825,Southwark 019,E09000028,Southwark,2425,470,526,686,611,132,1231,250,266,370,291,54,1194,220,260,316,320,78
E01004013,Southwark 019D,E02000825,Southwark 019,E09000028,Southwark,1401,300,257,343,363,138,693,150,141,174,152,76,708,150,116,169,211,62
E01004014,Southwark 019E,E02000825,Southwark 019,E09000028,Southwark,1840,500,290,437,439,174,930,256,144,230,221,79,910,244,146,207,218,95
E01004015,Southwark 028C,E02000834,Southwark 028,E09000028,Southwark,1631,364,212,512,376,167,762,174,89,252,182,65,869,190,123,260,194,102
E01004016,Southwark 029B,E02000835,Southwark 029,E09000028,Southwark,2635,680,346,778,615,216,1280,361,167,372,280,100,1355,319,179,406,335,116
E01004017,Southwark 029C,E02000835,Southwark 029,E09000028,Southwark,1601,352,200,449,431,169,730,160,97,196,205,72,871,192,103,253,226,97
E01004018,Southwark 032E,E02000838,Southwark 032,E09000028,Southwark,1968,468,198,627,457,218,906,217,100,302,202,85,1062,251,98,325,255,133
E01004019,Southwark 026C,E02000832,Southwark 026,E09000028,Southwark,2392,528,387,705,608,164,1186,267,197,370,283,69,1206,261,190,335,325,95
E01004020,Southwark 029D,E02000835,Southwark 029,E09000028,Southwark,1740,457,244,480,413,146,852,251,117,226,193,65,888,206,127,254,220,81
E01004021,Southwark 028D,E02000834,Southwark 028,E09000028,Southwark,2197,345,394,850,440,168,1108,192,193,424,226,73,1089,153,201,426,214,95
E01004022,Southwark 004C,E02000810,Southwark 004,E09000028,Southwark,3815,760,683,1414,648,310,2018,395,360,790,333,140,1797,365,323,624,315,170
E01004023,Southwark 004D,E02000810,Southwark 004,E09000028,Southwark,1973,431,337,531,465,209,1009,213,160,302,235,99,964,218,177,229,230,110
E01004024,Southwark 011C,E02000817,Southwark 011,E09000028,Southwark,2142,382,480,610,440,230,1137,203,265,324,235,110,1005,179,215,286,205,120
E01004027,Southwark 003E,E02000809,Southwark 003,E09000028,Southwark,2779,407,758,924,572,118,1510,221,344,556,324,65,1269,186,414,368,248,53
E01004028,Southwark 004E,E02000810,Southwark 004,E09000028,Southwark,2810,524,583,964,570,169,1420,274,319,484,273,70,1390,250,264,480,297,99
E01004029,Southwark 001A,E02000807,Southwark 001,E09000028,Southwark,2434,317,573,1011,426,107,1261,181,286,516,218,60,1173,136,287,495,208,47
E01004030,Southwark 007A,E02000813,Southwark 007,E09000028,Southwark,1515,166,278,481,418,172,798,71,139,264,236,88,717,95,139,217,182,84
E01004031,Southwark 007B,E02000813,Southwark 007,E09000028,Southwark,2590,380,830,817,416,147,1309,183,443,411,212,60,1281,197,387,406,204,87
E01004032,Southwark 001B,E02000807,Southwark 001,E09000028,Southwark,2022,236,513,798,348,127,1078,127,251,440,187,73,944,109,262,358,161,54
E01004033,Southwark 007C,E02000813,Southwark 007,E09000028,Southwark,2836,497,589,990,531,229,1405,259,296,466,280,104,1431,238,293,524,251,125
E01004034,Southwark 007D,E02000813,Southwark 007,E09000028,Southwark,1758,434,344,487,363,130,886,235,164,241,179,67,872,199,180,246,184,63
E01004035,Southwark 011D,E02000817,Southwark 011,E09000028,Southwark,1501,307,278,384,336,196,753,145,138,206,161,103,748,162,140,178,175,93
E01004036,Southwark 007E,E02000813,Southwark 007,E09000028,Southwark,2315,555,506,671,422,161,1090,304,220,314,183,69,1225,251,286,357,239,92
E01004037,Southwark 010B,E02000816,Southwark 010,E09000028,Southwark,2171,463,459,716,419,114,1138,232,242,381,217,66,1033,231,217,335,202,48
E01004038,Southwark 010C,E02000816,Southwark 010,E09000028,Southwark,2950,645,606,1027,543,129,1454,339,273,540,251,51,1496,306,333,487,292,78
E01004039,Southwark 013B,E02000819,Southwark 013,E09000028,Southwark,1720,268,517,447,419,69,954,158,285,239,236,36,766,110,232,208,183,33
E01004040,Southwark 013C,E02000819,Southwark 013,E09000028,Southwark,1937,468,360,393,553,163,924,250,200,192,193,89,1013,218,160,201,360,74
E01004041,Southwark 013D,E02000819,Southwark 013,E09000028,Southwark,1750,366,327,440,462,155,938,205,183,224,237,89,812,161,144,216,225,66
E01004042,Southwark 010D,E02000816,Southwark 010,E09000028,Southwark,1854,315,391,507,423,218,929,143,201,280,213,92,925,172,190,227,210,126
E01004043,Southwark 010E,E02000816,Southwark 010,E09000028,Southwark,1479,210,293,390,399,187,734,91,152,229,212,50,745,119,141,161,187,137
E01004044,Southwark 013E,E02000819,Southwark 013,E09000028,Southwark,1457,332,294,304,356,171,739,209,157,137,164,72,718,123,137,167,192,99
E01004045,Southwark 027A,E02000833,Southwark 027,E09000028,Southwark,1559,455,241,363,400,100,713,247,120,141,174,31,846,208,121,222,226,69
E01004046,Southwark 028E,E02000834,Southwark 028,E09000028,Southwark,1754,405,201,590,375,183,830,180,98,297,176,79,924,225,103,293,199,104
E01004047,Southwark 027B,E02000833,Southwark 027,E09000028,Southwark,1546,314,278,384,400,170,765,175,139,194,186,71,781,139,139,190,214,99
E01004048,Southwark 027C,E02000833,Southwark 027,E09000028,Southwark,1706,411,251,524,387,133,755,208,111,226,159,51,951,203,140,298,228,82
E01004049,Southwark 027D,E02000833,Southwark 027,E09000028,Southwark,2241,398,966,450,305,122,1026,201,439,199,127,60,1215,197,527,251,178,62
E01004050,Southwark 024D,E02000830,Southwark 024,E09000028,Southwark,1528,203,276,519,381,149,799,110,141,295,186,67,729,93,135,224,195,82
E01004051,Southwark 027E,E02000833,Southwark 027,E09000028,Southwark,1590,296,252,513,370,159,816,159,119,286,183,69,774,137,133,227,187,90
E01004052,Southwark 024E,E02000830,Southwark 024,E09000028,Southwark,1883,344,347,585,431,176,916,185,174,291,178,88,967,159,173,294,253,88
E01004053,Southwark 001C,E02000807,Southwark 001,E09000028,Southwark,2070,258,410,847,410,145,1080,138,218,434,222,68,990,120,192,413,188,77
E01004054,Southwark 001D,E02000807,Southwark 001,E09000028,Southwark,1699,209,322,708,332,128,908,107,189,369,179,64,791,102,133,339,153,64
E01004055,Southwark 001E,E02000807,Southwark 001,E09000028,Southwark,1356,259,169,339,334,255,648,123,92,164,156,113,708,136,77,175,178,142
E01004056,Southwark 008A,E02000814,Southwark 008,E09000028,Southwark,2221,406,435,695,471,214,1112,230,232,334,217,99,1109,176,203,361,254,115
E01004057,Southwark 008B,E02000814,Southwark 008,E09000028,Southwark,2212,482,377,744,453,156,1073,213,201,362,200,97,1139,269,176,382,253,59
E01004058,Southwark 008C,E02000814,Southwark 008,E09000028,Southwark,1924,183,456,764,374,147,1032,83,250,419,216,64,892,100,206,345,158,83
E01004059,Southwark 008D,E02000814,Southwark 008,E09000028,Southwark,1955,202,639,810,240,64,1055,121,326,436,133,39,900,81,313,374,107,25
E01004060,Southwark 008E,E02000814,Southwark 008,E09000028,Southwark,2332,396,646,680,410,200,1181,188,371,341,201,80,1151,208,275,339,209,120
E01004061,Southwark 025A,E02000831,Southwark 025,E09000028,Southwark,1855,330,349,603,405,168,905,163,165,331,185,61,950,167,184,272,220,107
E01004062,Southwark 025B,E02000831,Southwark 025,E09000028,Southwark,2361,431,388,859,502,181,1207,217,159,471,283,77,1154,214,229,388,219,104
E01004063,Southwark 025C,E02000831,Southwark 025,E09000028,Southwark,2004,277,386,671,429,241,1043,141,187,387,221,107,961,136,199,284,208,134
E01004064,Southwark 026D,E02000832,Southwark 026,E09000028,Southwark,2089,431,384,604,478,192,1077,232,186,328,240,91,1012,199,198,276,238,101
E01004065,Southwark 025D,E02000831,Southwark 025,E09000028,Southwark,1533,309,239,531,331,123,756,162,105,280,161,48,777,147,134,251,170,75
E01004066,Southwark 025E,E02000831,Southwark 025,E09000028,Southwark,2129,485,372,554,521,197,1066,249,185,282,261,89,1063,236,187,272,260,108
E01004067,Southwark 022E,E02000828,Southwark 022,E09000028,Southwark,2276,436,454,642,578,166,1211,230,247,352,307,75,1065,206,207,290,271,91
E01004068,Southwark 026E,E02000832,Southwark 026,E09000028,Southwark,2111,377,371,464,514,385,956,169,191,231,209,156,1155,208,180,233,305,229
E01004069,Southwark 031A,E02000837,Southwark 031,E09000028,Southwark,1505,402,203,218,434,248,792,216,130,116,223,107,713,186,73,102,211,141
E01004070,Southwark 031B,E02000837,Southwark 031,E09000028,Southwark,2074,501,297,467,563,246,1054,280,156,224,278,116,1020,221,141,243,285,130
E01004071,Southwark 030D,E02000836,Southwark 030,E09000028,Southwark,1506,289,226,442,355,194,719,127,130,220,163,79,787,162,96,222,192,115
E01004072,Southwark 030E,E02000836,Southwark 030,E09000028,Southwark,1818,433,260,404,514,207,917,229,134,201,256,97,901,204,126,203,258,110
E01004073,Southwark 031C,E02000837,Southwark 031,E09000028,Southwark,2075,546,237,528,539,225,1050,266,124,301,258,101,1025,280,113,227,281,124
E01004074,Southwark 031D,E02000837,Southwark 031,E09000028,Southwark,1896,436,285,361,496,318,940,216,156,191,239,138,956,220,129,170,257,180
E01004075,Southwark 031E,E02000837,Southwark 031,E09000028,Southwark,1745,440,186,331,542,246,855,214,89,173,261,118,890,226,97,158,281,128
E01004076,Sutton 011A,E02000850,Sutton 011,E09000029,Sutton,1709,408,245,361,457,238,867,228,129,180,222,108,842,180,116,181,235,130
E01004077,Sutton 011B,E02000850,Sutton 011,E09000029,Sutton,1669,348,226,336,446,313,832,176,133,161,214,148,837,172,93,175,232,165
E01004078,Sutton 011C,E02000850,Sutton 011,E09000029,Sutton,1810,439,243,467,474,187,884,194,149,224,236,81,926,245,94,243,238,106
E01004079,Sutton 011D,E02000850,Sutton 011,E09000029,Sutton,1411,252,197,245,470,247,738,146,115,131,227,119,673,106,82,114,243,128
E01004080,Sutton 011E,E02000850,Sutton 011,E09000029,Sutton,1312,239,173,229,392,279,640,135,93,102,182,128,672,104,80,127,210,151
E01004081,Sutton 011F,E02000850,Sutton 011,E09000029,Sutton,1647,399,196,422,468,162,788,195,100,206,220,67,859,204,96,216,248,95
E01004082,Sutton 011G,E02000850,Sutton 011,E09000029,Sutton,1421,248,231,243,431,268,726,140,115,114,217,140,695,108,116,129,214,128
E01004083,Sutton 019A,E02000858,Sutton 019,E09000029,Sutton,1344,281,253,281,361,168,625,146,121,127,150,81,719,135,132,154,211,87
E01004084,Sutton 024A,E02000863,Sutton 024,E09000029,Sutton,1468,243,219,171,460,375,717,121,119,69,225,183,751,122,100,102,235,192
E01004085,Sutton 024B,E02000863,Sutton 024,E09000029,Sutton,1605,269,239,252,461,384,789,130,132,121,224,182,816,139,107,131,237,202
E01004086,Sutton 019B,E02000858,Sutton 019,E09000029,Sutton,2013,490,323,495,432,273,971,265,166,203,222,115,1042,225,157,292,210,158
E01004087,Sutton 017A,E02000856,Sutton 017,E09000029,Sutton,1497,260,199,223,463,352,738,134,98,103,226,177,759,126,101,120,237,175
E01004088,Sutton 019C,E02000858,Sutton 019,E09000029,Sutton,1918,492,389,350,516,171,881,239,192,141,243,66,1037,253,197,209,273,105
E01004089,Sutton 019D,E02000858,Sutton 019,E09000029,Sutton,1419,367,227,341,342,142,715,196,125,152,169,73,704,171,102,189,173,69
E01004090,Sutton 021A,E02000860,Sutton 021,E09000029,Sutton,1339,339,189,283,341,187,656,177,78,141,171,89,683,162,111,142,170,98
E01004091,Sutton 022A,E02000861,Sutton 022,E09000029,Sutton,1290,195,182,146,436,331,636,96,97,58,219,166,654,99,85,88,217,165
E01004092,Sutton 022B,E02000861,Sutton 022,E09000029,Sutton,1461,250,187,263,412,349,714,121,93,118,217,165,747,129,94,145,195,184
E01004093,Sutton 025A,E02006836,Sutton 025,E09000029,Sutton,1653,408,187,354,397,307,794,206,96,164,190,138,859,202,91,190,207,169
E01004094,Sutton 025B,E02006836,Sutton 025,E09000029,Sutton,1799,389,239,446,476,249,892,210,116,219,270,77,907,179,123,227,206,172
E01004095,Sutton 025C,E02006836,Sutton 025,E09000029,Sutton,1523,258,186,334,426,319,795,156,99,169,217,154,728,102,87,165,209,165
E01004096,Sutton 021B,E02000860,Sutton 021,E09000029,Sutton,1515,304,256,431,379,145,781,157,132,229,195,68,734,147,124,202,184,77
E01004097,Sutton 015A,E02000854,Sutton 015,E09000029,Sutton,1754,380,247,364,496,267,866,192,124,189,234,127,888,188,123,175,262,140
E01004098,Sutton 015B,E02000854,Sutton 015,E09000029,Sutton,1300,252,167,264,402,215,646,137,90,118,204,97,654,115,77,146,198,118
E01004099,Sutton 015C,E02000854,Sutton 015,E09000029,Sutton,1596,301,198,456,378,263,780,153,90,217,194,126,816,148,108,239,184,137
E01004100,Sutton 015D,E02000854,Sutton 015,E09000029,Sutton,1550,332,175,407,386,250,799,191,100,206,197,105,751,141,75,201,189,145
E01004101,Sutton 013A,E02000852,Sutton 013,E09000029,Sutton,1412,280,204,285,369,274,660,120,110,129,183,118,752,160,94,156,186,156
E01004102,Sutton 015E,E02000854,Sutton 015,E09000029,Sutton,1524,303,172,352,448,249,721,132,90,178,217,104,803,171,82,174,231,145
E01004103,Sutton 013B,E02000852,Sutton 013,E09000029,Sutton,1760,372,251,490,460,187,813,172,112,228,226,75,947,200,139,262,234,112
E01004104,Sutton 020A,E02000859,Sutton 020,E09000029,Sutton,1545,332,192,247,440,334,773,155,101,129,224,164,772,177,91,118,216,170
E01004105,Sutton 022C,E02000861,Sutton 022,E09000029,Sutton,1979,478,247,359,549,346,983,259,125,170,259,170,996,219,122,189,290,176
E01004106,Sutton 022D,E02000861,Sutton 022,E09000029,Sutton,1639,286,197,236,527,393,767,142,113,88,246,178,872,144,84,148,281,215
E01004107,Sutton 020B,E02000859,Sutton 020,E09000029,Sutton,1604,367,222,361,437,217,750,191,106,157,211,85,854,176,116,204,226,132
E01004108,Sutton 024C,E02000863,Sutton 024,E09000029,Sutton,2090,472,261,440,581,336,1041,251,141,204,283,162,1049,221,120,236,298,174
E01004109,Sutton 024D,E02000863,Sutton 024,E09000029,Sutton,1692,368,233,363,465,263,826,206,123,172,210,115,866,162,110,191,255,148
E01004110,Sutton 016A,E02000855,Sutton 016,E09000029,Sutton,2100,416,310,470,555,349,1038,217,151,224,289,157,1062,199,159,246,266,192
E01004111,Sutton 016B,E02000855,Sutton 016,E09000029,Sutton,1602,310,211,298,457,326,746,141,104,133,220,148,856,169,107,165,237,178
E01004112,Sutton 016C,E02000855,Sutton 016,E09000029,Sutton,1651,335,178,277,438,423,823,174,89,136,217,207,828,161,89,141,221,216
E01004114,Sutton 025D,E02006836,Sutton 025,E09000029,Sutton,1715,263,212,218,512,510,854,144,115,107,256,232,861,119,97,111,256,278
E01004115,Sutton 009A,E02000848,Sutton 009,E09000029,Sutton,1801,391,265,340,537,268,886,208,145,157,263,113,915,183,120,183,274,155
E01004116,Sutton 008A,E02000847,Sutton 008,E09000029,Sutton,1675,273,215,262,429,496,792,126,108,131,216,211,883,147,107,131,213,285
E01004117,Sutton 006A,E02000845,Sutton 006,E09000029,Sutton,1365,300,173,251,437,204,681,164,90,116,215,96,684,136,83,135,222,108
E01004118,Sutton 009B,E02000848,Sutton 009,E09000029,Sutton,1899,402,326,399,484,288,935,206,159,204,236,130,964,196,167,195,248,158
E01004119,Sutton 009C,E02000848,Sutton 009,E09000029,Sutton,1417,321,191,269,415,221,694,145,120,125,190,114,723,176,71,144,225,107
E01004120,Sutton 016D,E02000855,Sutton 016,E09000029,Sutton,1553,284,200,232,513,324,751,131,102,129,247,142,802,153,98,103,266,182
E01004121,Sutton 006B,E02000845,Sutton 006,E09000029,Sutton,1659,364,220,387,421,267,862,206,105,198,228,125,797,158,115,189,193,142
E01004122,Sutton 008B,E02000847,Sutton 008,E09000029,Sutton,1397,248,171,226,420,332,669,111,98,115,195,150,728,137,73,111,225,182
E01004123,Sutton 002A,E02000841,Sutton 002,E09000029,Sutton,2342,571,442,577,564,188,1168,310,205,291,279,83,1174,261,237,286,285,105
E01004124,Sutton 002B,E02000841,Sutton 002,E09000029,Sutton,2021,512,281,514,482,232,986,255,159,246,206,120,1035,257,122,268,276,112
E01004125,Sutton 001A,E02000840,Sutton 001,E09000029,Sutton,1612,398,270,329,404,211,766,206,146,141,183,90,846,192,124,188,221,121
E01004126,Sutton 002C,E02000841,Sutton 002,E09000029,Sutton,1490,348,241,324,425,152,672,190,104,137,175,66,818,158,137,187,250,86
E01004127,Sutton 005A,E02000844,Sutton 005,E09000029,Sutton,1875,485,295,418,492,185,880,243,150,177,232,78,995,242,145,241,260,107
E01004128,Sutton 002D,E02000841,Sutton 002,E09000029,Sutton,1498,286,260,328,471,153,713,147,134,152,222,58,785,139,126,176,249,95
E01004129,Sutton 002E,E02000841,Sutton 002,E09000029,Sutton,1981,440,335,423,507,276,919,230,151,185,245,108,1062,210,184,238,262,168
E01004130,Sutton 003A,E02000842,Sutton 003,E09000029,Sutton,1623,299,237,322,458,307,817,163,128,163,228,135,806,136,109,159,230,172
E01004131,Sutton 003B,E02000842,Sutton 003,E09000029,Sutton,1804,400,304,383,493,224,841,166,157,184,234,100,963,234,147,199,259,124
E01004132,Sutton 009D,E02000848,Sutton 009,E09000029,Sutton,1514,320,244,291,443,216,746,174,133,131,222,86,768,146,111,160,221,130
E01004133,Sutton 009E,E02000848,Sutton 009,E09000029,Sutton,1458,327,204,274,444,209,733,174,102,133,229,95,725,153,102,141,215,114
E01004134,Sutton 003C,E02000842,Sutton 003,E09000029,Sutton,1508,307,217,344,401,239,762,176,101,161,199,125,746,131,116,183,202,114
E01004135,Sutton 003D,E02000842,Sutton 003,E09000029,Sutton,1463,264,212,287,425,275,703,130,97,129,226,121,760,134,115,158,199,154
E01004136,Sutton 003E,E02000842,Sutton 003,E09000029,Sutton,1539,269,242,292,447,289,768,156,132,137,209,134,771,113,110,155,238,155
E01004137,Sutton 012A,E02000851,Sutton 012,E09000029,Sutton,2077,439,333,681,429,195,1022,197,165,354,223,83,1055,242,168,327,206,112
E01004138,Sutton 013C,E02000852,Sutton 013,E09000029,Sutton,1743,412,237,507,406,181,831,216,126,235,180,74,912,196,111,272,226,107
E01004139,Sutton 013D,E02000852,Sutton 013,E09000029,Sutton,1490,313,185,399,408,185,717,161,94,192,192,78,773,152,91,207,216,107
E01004140,Sutton 012B,E02000851,Sutton 012,E09000029,Sutton,1763,387,257,482,436,201,907,217,135,241,228,86,856,170,122,241,208,115
E01004141,Sutton 012C,E02000851,Sutton 012,E09000029,Sutton,1726,385,269,457,390,225,813,209,112,208,202,82,913,176,157,249,188,143
E01004142,Sutton 012D,E02000851,Sutton 012,E09000029,Sutton,3246,748,603,1040,581,274,1596,410,265,506,302,113,1650,338,338,534,279,161
E01004143,Sutton 014A,E02000853,Sutton 014,E09000029,Sutton,1497,319,175,381,443,179,708,157,96,168,219,68,789,162,79,213,224,111
E01004144,Sutton 007A,E02000846,Sutton 007,E09000029,Sutton,1803,335,244,366,528,330,926,203,131,183,264,145,877,132,113,183,264,185
E01004145,Sutton 007B,E02000846,Sutton 007,E09000029,Sutton,2271,527,304,495,632,313,1080,239,159,232,314,136,1191,288,145,263,318,177
E01004146,Sutton 007C,E02000846,Sutton 007,E09000029,Sutton,1918,463,237,472,477,269,972,263,112,217,253,127,946,200,125,255,224,142
E01004147,Sutton 007D,E02000846,Sutton 007,E09000029,Sutton,1546,275,180,281,415,395,700,138,99,117,189,157,846,137,81,164,226,238
E01004148,Sutton 014B,E02000853,Sutton 014,E09000029,Sutton,1828,518,243,394,434,239,874,268,115,169,205,117,954,250,128,225,229,122
E01004149,Sutton 012E,E02000851,Sutton 012,E09000029,Sutton,1943,390,247,459,471,376,935,214,125,201,243,152,1008,176,122,258,228,224
E01004150,Sutton 021C,E02000860,Sutton 021,E09000029,Sutton,1820,350,266,521,357,326,879,148,131,260,210,130,941,202,135,261,147,196
E01004151,Sutton 021D,E02000860,Sutton 021,E09000029,Sutton,1947,335,303,603,452,254,1027,194,141,317,251,124,920,141,162,286,201,130
E01004152,Sutton 018A,E02000857,Sutton 018,E09000029,Sutton,1887,375,230,530,426,326,922,182,104,274,230,132,965,193,126,256,196,194
E01004153,Sutton 021E,E02000860,Sutton 021,E09000029,Sutton,1978,423,264,619,446,226,1025,221,150,300,246,108,953,202,114,319,200,118
E01004154,Sutton 022E,E02000861,Sutton 022,E09000029,Sutton,1445,283,178,231,415,338,739,172,93,103,211,160,706,111,85,128,204,178
E01004155,Sutton 018B,E02000857,Sutton 018,E09000029,Sutton,1838,397,206,562,403,270,897,219,100,274,206,98,941,178,106,288,197,172
E01004156,Sutton 018C,E02000857,Sutton 018,E09000029,Sutton,1897,373,211,617,434,262,904,168,98,299,223,116,993,205,113,318,211,146
E01004157,Sutton 016E,E02000855,Sutton 016,E09000029,Sutton,1232,215,185,210,396,226,597,109,89,84,203,112,635,106,96,126,193,114
E01004158,Sutton 018D,E02000857,Sutton 018,E09000029,Sutton,1597,289,214,394,402,298,784,146,113,195,211,119,813,143,101,199,191,179
E01004159,Sutton 014C,E02000853,Sutton 014,E09000029,Sutton,1574,330,190,383,400,271,820,188,115,196,193,128,754,142,75,187,207,143
E01004160,Sutton 014D,E02000853,Sutton 014,E09000029,Sutton,1655,370,250,422,421,192,795,181,118,206,197,93,860,189,132,216,224,99
E01004161,Sutton 014E,E02000853,Sutton 014,E09000029,Sutton,1566,324,224,389,401,228,757,142,125,179,205,106,809,182,99,210,196,122
E01004162,Sutton 018E,E02000857,Sutton 018,E09000029,Sutton,1616,321,233,503,367,192,771,166,110,250,158,87,845,155,123,253,209,105
E01004163,Sutton 005B,E02000844,Sutton 005,E09000029,Sutton,1693,358,250,372,464,249,828,173,145,186,202,122,865,185,105,186,262,127
E01004164,Sutton 004A,E02000843,Sutton 004,E09000029,Sutton,1442,289,175,341,415,222,714,137,87,178,211,101,728,152,88,163,204,121
E01004165,Sutton 005C,E02000844,Sutton 005,E09000029,Sutton,1851,406,280,512,450,203,900,207,143,232,220,98,951,199,137,280,230,105
E01004166,Sutton 004B,E02000843,Sutton 004,E09000029,Sutton,1601,299,214,415,424,249,759,146,97,198,204,114,842,153,117,217,220,135
E01004167,Sutton 005D,E02000844,Sutton 005,E09000029,Sutton,1459,324,255,342,342,196,684,145,131,158,164,86,775,179,124,184,178,110
E01004168,Sutton 013E,E02000852,Sutton 013,E09000029,Sutton,1582,335,204,307,469,267,761,175,104,143,225,114,821,160,100,164,244,153
E01004169,Sutton 004C,E02000843,Sutton 004,E09000029,Sutton,1707,518,204,620,272,93,812,285,89,268,122,48,895,233,115,352,150,45
E01004170,Sutton 017B,E02000856,Sutton 017,E09000029,Sutton,2304,527,338,646,500,293,1133,273,161,315,256,128,1171,254,177,331,244,165
E01004171,Sutton 010A,E02000849,Sutton 010,E09000029,Sutton,1582,349,194,293,434,312,768,179,98,133,215,143,814,170,96,160,219,169
E01004172,Sutton 010B,E02000849,Sutton 010,E09000029,Sutton,1891,454,271,473,486,207,946,241,134,199,263,109,945,213,137,274,223,98
E01004173,Sutton 010C,E02000849,Sutton 010,E09000029,Sutton,1325,219,161,285,381,279,644,108,88,144,185,119,681,111,73,141,196,160
E01004174,Sutton 017C,E02000856,Sutton 017,E09000029,Sutton,1551,326,217,381,401,226,778,164,124,171,213,106,773,162,93,210,188,120
E01004175,Sutton 010D,E02000849,Sutton 010,E09000029,Sutton,1781,355,232,425,509,260,841,172,103,196,250,120,940,183,129,229,259,140
E01004176,Sutton 010E,E02000849,Sutton 010,E09000029,Sutton,1554,338,226,402,404,184,769,181,130,182,192,84,785,157,96,220,212,100
E01004177,Sutton 020C,E02000859,Sutton 020,E09000029,Sutton,2037,426,250,457,401,503,909,207,119,204,204,175,1128,219,131,253,197,328
E01004178,Sutton 017D,E02000856,Sutton 017,E09000029,Sutton,2471,561,374,646,589,301,1235,317,169,319,302,128,1236,244,205,327,287,173
E01004179,Sutton 017E,E02000856,Sutton 017,E09000029,Sutton,1627,333,213,316,472,293,826,181,110,144,252,139,801,152,103,172,220,154
E01004180,Sutton 020D,E02000859,Sutton 020,E09000029,Sutton,1701,267,245,272,498,419,849,148,121,126,249,205,852,119,124,146,249,214
E01004181,Sutton 020E,E02000859,Sutton 020,E09000029,Sutton,1721,368,210,399,426,318,827,189,100,191,217,130,894,179,110,208,209,188
E01004182,Sutton 019E,E02000858,Sutton 019,E09000029,Sutton,1704,456,264,362,422,200,797,233,144,150,177,93,907,223,120,212,245,107
E01004183,Sutton 001B,E02000840,Sutton 001,E09000029,Sutton,1785,406,336,429,445,169,865,205,161,218,217,64,920,201,175,211,228,105
E01004184,Sutton 001C,E02000840,Sutton 001,E09000029,Sutton,1714,506,246,406,408,148,773,242,113,161,186,71,941,264,133,245,222,77
E01004185,Sutton 001D,E02000840,Sutton 001,E09000029,Sutton,1650,428,277,422,386,137,777,196,129,187,183,82,873,232,148,235,203,55
E01004186,Sutton 004D,E02000843,Sutton 004,E09000029,Sutton,1799,405,257,544,460,133,911,222,120,262,246,61,888,183,137,282,214,72
E01004187,Sutton 005E,E02000844,Sutton 005,E09000029,Sutton,1645,348,254,358,472,213,856,189,146,160,250,111,789,159,108,198,222,102
E01004188,Sutton 004E,E02000843,Sutton 004,E09000029,Sutton,2441,575,379,799,476,212,1170,291,177,363,242,97,1271,284,202,436,234,115
E01004189,Sutton 001E,E02000840,Sutton 001,E09000029,Sutton,2048,524,306,467,529,222,940,277,146,195,232,90,1108,247,160,272,297,132
E01004190,Sutton 008C,E02000847,Sutton 008,E09000029,Sutton,1388,245,168,244,429,302,696,137,98,117,208,136,692,108,70,127,221,166
E01004191,Sutton 008D,E02000847,Sutton 008,E09000029,Sutton,1964,448,282,477,467,290,1000,239,153,225,248,135,964,209,129,252,219,155
E01004192,Sutton 006C,E02000845,Sutton 006,E09000029,Sutton,2032,475,280,601,490,186,971,233,142,266,243,87,1061,242,138,335,247,99
E01004193,Sutton 006D,E02000845,Sutton 006,E09000029,Sutton,3136,861,376,886,771,242,1495,441,194,389,373,98,1641,420,182,497,398,144
E01004194,Sutton 008E,E02000847,Sutton 008,E09000029,Sutton,1632,360,215,406,392,259,779,177,109,186,201,106,853,183,106,220,191,153
E01004195,Sutton 006E,E02000845,Sutton 006,E09000029,Sutton,1790,366,290,464,422,248,931,189,163,232,235,112,859,177,127,232,187,136
E01004196,Sutton 008F,E02000847,Sutton 008,E09000029,Sutton,1563,287,209,348,381,338,729,132,100,166,185,146,834,155,109,182,196,192
E01004197,Tower Hamlets 002A,E02000865,Tower Hamlets 002,E09000030,Tower Hamlets,3328,637,913,1028,568,182,1662,331,446,510,291,84,1666,306,467,518,277,98
E01004198,Tower Hamlets 002B,E02000865,Tower Hamlets 002,E09000030,Tower Hamlets,1613,320,375,427,294,197,797,149,172,252,154,70,816,171,203,175,140,127
E01004199,Tower Hamlets 002C,E02000865,Tower Hamlets 002,E09000030,Tower Hamlets,1785,473,393,423,333,163,838,188,187,215,181,67,947,285,206,208,152,96
E01004200,Tower Hamlets 005A,E02000868,Tower Hamlets 005,E09000030,Tower Hamlets,1719,195,638,600,205,81,912,122,327,306,105,52,807,73,311,294,100,29
E01004201,Tower Hamlets 002D,E02000865,Tower Hamlets 002,E09000030,Tower Hamlets,1775,360,398,508,341,168,883,184,212,255,153,79,892,176,186,253,188,89
E01004202,Tower Hamlets 005B,E02000868,Tower Hamlets 005,E09000030,Tower Hamlets,2055,384,459,781,348,83,1024,172,226,406,192,28,1031,212,233,375,156,55
E01004203,Tower Hamlets 005C,E02000868,Tower Hamlets 005,E09000030,Tower Hamlets,1914,365,577,614,260,98,944,167,286,327,146,18,970,198,291,287,114,80
E01004204,Tower Hamlets 005D,E02000868,Tower Hamlets 005,E09000030,Tower Hamlets,1932,357,408,521,433,213,953,191,199,263,220,80,979,166,209,258,213,133
E01004205,Tower Hamlets 013A,E02000876,Tower Hamlets 013,E09000030,Tower Hamlets,2405,664,515,696,427,103,1288,313,279,416,233,47,1117,351,236,280,194,56
E01004206,Tower Hamlets 013B,E02000876,Tower Hamlets 013,E09000030,Tower Hamlets,1515,302,363,438,284,128,787,150,180,246,138,73,728,152,183,192,146,55
E01004207,Tower Hamlets 011A,E02000874,Tower Hamlets 011,E09000030,Tower Hamlets,1526,263,385,399,337,142,786,148,177,228,182,51,740,115,208,171,155,91
E01004208,Tower Hamlets 013C,E02000876,Tower Hamlets 013,E09000030,Tower Hamlets,2681,264,1110,873,355,79,1460,139,530,518,229,44,1221,125,580,355,126,35
E01004209,Tower Hamlets 011B,E02000874,Tower Hamlets 011,E09000030,Tower Hamlets,1476,432,280,420,257,87,743,222,141,229,122,29,733,210,139,191,135,58
E01004211,Tower Hamlets 013D,E02000876,Tower Hamlets 013,E09000030,Tower Hamlets,1731,185,511,658,262,115,939,101,255,382,145,56,792,84,256,276,117,59
E01004212,Tower Hamlets 011D,E02000874,Tower Hamlets 011,E09000030,Tower Hamlets,2730,477,1022,794,326,111,1388,238,457,440,191,62,1342,239,565,354,135,49
E01004214,Tower Hamlets 030A,E02000893,Tower Hamlets 030,E09000030,Tower Hamlets,1771,476,349,425,377,144,879,228,178,229,172,72,892,248,171,196,205,72
E01004215,Tower Hamlets 028A,E02000891,Tower Hamlets 028,E09000030,Tower Hamlets,4770,975,1200,1729,658,208,2528,466,661,944,345,112,2242,509,539,785,313,96
E01004216,Tower Hamlets 030B,E02000893,Tower Hamlets 030,E09000030,Tower Hamlets,2041,405,439,688,364,145,1120,211,249,394,200,66,921,194,190,294,164,79
E01004217,Tower Hamlets 030C,E02000893,Tower Hamlets 030,E09000030,Tower Hamlets,2311,532,366,745,461,207,1129,277,165,352,255,80,1182,255,201,393,206,127
E01004218,Tower Hamlets 030D,E02000893,Tower Hamlets 030,E09000030,Tower Hamlets,2012,377,405,629,417,184,1035,184,241,308,207,95,977,193,164,321,210,89
E01004219,Tower Hamlets 028B,E02000891,Tower Hamlets 028,E09000030,Tower Hamlets,2521,682,598,847,307,87,1322,328,318,446,194,36,1199,354,280,401,113,51
E01004221,Tower Hamlets 028D,E02000891,Tower Hamlets 028,E09000030,Tower Hamlets,2260,459,458,862,365,116,1226,204,253,492,219,58,1034,255,205,370,146,58
E01004222,Tower Hamlets 001A,E02000864,Tower Hamlets 001,E09000030,Tower Hamlets,3015,656,540,812,696,311,1522,355,273,408,342,144,1493,301,267,404,354,167
E01004223,Tower Hamlets 001B,E02000864,Tower Hamlets 001,E09000030,Tower Hamlets,2511,628,370,673,540,300,1248,335,184,295,275,159,1263,293,186,378,265,141
E01004224,Tower Hamlets 001C,E02000864,Tower Hamlets 001,E09000030,Tower Hamlets,3190,589,712,1207,490,192,1594,264,342,666,240,82,1596,325,370,541,250,110
E01004225,Tower Hamlets 004A,E02000867,Tower Hamlets 004,E09000030,Tower Hamlets,2928,435,802,1124,466,101,1592,220,431,610,291,40,1336,215,371,514,175,61
E01004226,Tower Hamlets 001D,E02000864,Tower Hamlets 001,E09000030,Tower Hamlets,2577,674,492,812,461,138,1259,344,241,399,212,63,1318,330,251,413,249,75
E01004228,Tower Hamlets 003A,E02000866,Tower Hamlets 003,E09000030,Tower Hamlets,2190,359,408,698,478,247,1084,194,193,358,232,107,1106,165,215,340,246,140
E01004229,Tower Hamlets 004C,E02000867,Tower Hamlets 004,E09000030,Tower Hamlets,1654,335,385,470,326,138,815,172,185,251,145,62,839,163,200,219,181,76
E01004230,Tower Hamlets 003B,E02000866,Tower Hamlets 003,E09000030,Tower Hamlets,2299,465,471,698,441,224,1171,235,235,364,236,101,1128,230,236,334,205,123
E01004231,Tower Hamlets 004D,E02000867,Tower Hamlets 004,E09000030,Tower Hamlets,1953,434,490,546,323,160,963,210,253,265,169,66,990,224,237,281,154,94
E01004232,Tower Hamlets 003C,E02000866,Tower Hamlets 003,E09000030,Tower Hamlets,1915,331,494,563,375,152,972,183,246,274,196,73,943,148,248,289,179,79
E01004233,Tower Hamlets 003D,E02000866,Tower Hamlets 003,E09000030,Tower Hamlets,2313,494,437,646,500,236,1214,272,205,355,288,94,1099,222,232,291,212,142
E01004234,Tower Hamlets 003E,E02000866,Tower Hamlets 003,E09000030,Tower Hamlets,2285,468,440,716,477,184,1192,256,218,385,229,104,1093,212,222,331,248,80
E01004235,Tower Hamlets 008A,E02000871,Tower Hamlets 008,E09000030,Tower Hamlets,1323,348,240,369,241,125,699,168,121,213,135,62,624,180,119,156,106,63
E01004236,Tower Hamlets 008B,E02000871,Tower Hamlets 008,E09000030,Tower Hamlets,1684,413,371,399,359,142,867,202,188,214,192,71,817,211,183,185,167,71
E01004237,Tower Hamlets 008C,E02000871,Tower Hamlets 008,E09000030,Tower Hamlets,1592,478,272,437,244,161,808,260,138,209,132,69,784,218,134,228,112,92
E01004238,Tower Hamlets 008D,E02000871,Tower Hamlets 008,E09000030,Tower Hamlets,5365,1134,1440,1875,701,215,2766,584,680,1049,351,102,2599,550,760,826,350,113
E01004239,Tower Hamlets 008E,E02000871,Tower Hamlets 008,E09000030,Tower Hamlets,1764,451,340,428,363,182,917,231,183,240,183,80,847,220,157,188,180,102
E01004240,Tower Hamlets 012A,E02000875,Tower Hamlets 012,E09000030,Tower Hamlets,1899,513,396,470,357,163,938,263,178,241,174,82,961,250,218,229,183,81
E01004241,Tower Hamlets 012B,E02000875,Tower Hamlets 012,E09000030,Tower Hamlets,1842,500,384,500,322,136,905,245,194,251,157,58,937,255,190,249,165,78
E01004242,Tower Hamlets 012C,E02000875,Tower Hamlets 012,E09000030,Tower Hamlets,5963,1591,1511,1856,820,185,3097,828,793,947,454,75,2866,763,718,909,366,110
E01004243,Tower Hamlets 020A,E02000883,Tower Hamlets 020,E09000030,Tower Hamlets,1297,396,216,347,237,101,670,217,104,159,143,47,627,179,112,188,94,54
E01004244,Tower Hamlets 020B,E02000883,Tower Hamlets 020,E09000030,Tower Hamlets,2218,529,481,499,462,247,1187,288,255,246,269,129,1031,241,226,253,193,118
E01004245,Tower Hamlets 018A,E02000881,Tower Hamlets 018,E09000030,Tower Hamlets,2182,570,586,517,408,101,1059,288,288,249,198,36,1123,282,298,268,210,65
E01004246,Tower Hamlets 018B,E02000881,Tower Hamlets 018,E09000030,Tower Hamlets,3277,774,704,1087,516,196,1740,444,371,544,294,87,1537,330,333,543,222,109
E01004247,Tower Hamlets 020C,E02000883,Tower Hamlets 020,E09000030,Tower Hamlets,2765,745,559,759,508,194,1449,378,291,418,274,88,1316,367,268,341,234,106
E01004248,Tower Hamlets 018C,E02000881,Tower Hamlets 018,E09000030,Tower Hamlets,1909,582,382,502,312,131,925,288,177,257,150,53,984,294,205,245,162,78
E01004249,Tower Hamlets 018D,E02000881,Tower Hamlets 018,E09000030,Tower Hamlets,2581,739,420,688,563,171,1345,379,197,372,304,93,1236,360,223,316,259,78
E01004250,Tower Hamlets 020D,E02000883,Tower Hamlets 020,E09000030,Tower Hamlets,2874,879,503,753,543,196,1406,425,259,356,278,88,1468,454,244,397,265,108
E01004251,Tower Hamlets 023A,E02000886,Tower Hamlets 023,E09000030,Tower Hamlets,2709,757,569,721,467,195,1412,391,296,383,247,95,1297,366,273,338,220,100
E01004252,Tower Hamlets 024A,E02000887,Tower Hamlets 024,E09000030,Tower Hamlets,3528,790,794,1241,539,164,1818,384,391,697,262,84,1710,406,403,544,277,80
E01004253,Tower Hamlets 024B,E02000887,Tower Hamlets 024,E09000030,Tower Hamlets,3672,940,886,1011,634,201,1868,453,476,489,352,98,1804,487,410,522,282,103
E01004254,Tower Hamlets 023B,E02000886,Tower Hamlets 023,E09000030,Tower Hamlets,3517,531,924,1404,535,123,1956,287,478,795,330,66,1561,244,446,609,205,57
E01004255,Tower Hamlets 023C,E02000886,Tower Hamlets 023,E09000030,Tower Hamlets,1828,401,375,544,378,130,984,210,207,295,213,59,844,191,168,249,165,71
E01004256,Tower Hamlets 024C,E02000887,Tower Hamlets 024,E09000030,Tower Hamlets,1950,454,412,532,372,180,1043,266,212,286,205,74,907,188,200,246,167,106
E01004257,Tower Hamlets 024D,E02000887,Tower Hamlets 024,E09000030,Tower Hamlets,2406,723,517,609,396,161,1201,396,243,305,195,62,1205,327,274,304,201,99
E01004258,Tower Hamlets 023D,E02000886,Tower Hamlets 023,E09000030,Tower Hamlets,1693,301,267,464,449,212,885,138,137,239,263,108,808,163,130,225,186,104
E01004259,Tower Hamlets 007A,E02000870,Tower Hamlets 007,E09000030,Tower Hamlets,1865,327,489,601,355,93,967,180,232,308,179,68,898,147,257,293,176,25
E01004260,Tower Hamlets 007B,E02000870,Tower Hamlets 007,E09000030,Tower Hamlets,2007,499,492,566,342,108,1062,281,285,270,175,51,945,218,207,296,167,57
E01004261,Tower Hamlets 010A,E02000873,Tower Hamlets 010,E09000030,Tower Hamlets,3218,356,2068,394,257,143,1539,195,930,193,161,60,1679,161,1138,201,96,83
E01004262,Tower Hamlets 010B,E02000873,Tower Hamlets 010,E09000030,Tower Hamlets,2179,285,1124,366,257,147,1057,159,476,209,141,72,1122,126,648,157,116,75
E01004263,Tower Hamlets 007C,E02000870,Tower Hamlets 007,E09000030,Tower Hamlets,1559,320,404,335,330,170,799,183,204,166,175,71,760,137,200,169,155,99
E01004264,Tower Hamlets 010C,E02000873,Tower Hamlets 010,E09000030,Tower Hamlets,1596,378,436,406,267,109,829,197,227,198,162,45,767,181,209,208,105,64
E01004266,Tower Hamlets 007D,E02000870,Tower Hamlets 007,E09000030,Tower Hamlets,1647,348,333,421,341,204,807,188,150,205,160,104,840,160,183,216,181,100
E01004267,Tower Hamlets 012D,E02000875,Tower Hamlets 012,E09000030,Tower Hamlets,2325,439,645,707,394,140,1181,209,329,398,193,52,1144,230,316,309,201,88
E01004268,Tower Hamlets 012E,E02000875,Tower Hamlets 012,E09000030,Tower Hamlets,1917,394,431,585,367,140,989,212,201,316,193,67,928,182,230,269,174,73
E01004269,Tower Hamlets 014A,E02000877,Tower Hamlets 014,E09000030,Tower Hamlets,2867,634,722,860,440,211,1512,354,363,441,259,95,1355,280,359,419,181,116
E01004270,Tower Hamlets 014B,E02000877,Tower Hamlets 014,E09000030,Tower Hamlets,2957,416,1115,917,396,113,1638,218,587,552,236,45,1319,198,528,365,160,68
E01004271,Tower Hamlets 014C,E02000877,Tower Hamlets 014,E09000030,Tower Hamlets,2297,636,515,679,347,120,1148,351,238,318,180,61,1149,285,277,361,167,59
E01004272,Tower Hamlets 014D,E02000877,Tower Hamlets 014,E09000030,Tower Hamlets,2603,791,494,734,425,159,1303,416,236,377,196,78,1300,375,258,357,229,81
E01004273,Tower Hamlets 014E,E02000877,Tower Hamlets 014,E09000030,Tower Hamlets,2866,722,652,792,521,179,1440,374,313,402,267,84,1426,348,339,390,254,95
E01004274,Tower Hamlets 031A,E02000894,Tower Hamlets 031,E09000030,Tower Hamlets,2191,552,436,632,414,157,1162,297,244,339,200,82,1029,255,192,293,214,75
E01004275,Tower Hamlets 031B,E02000894,Tower Hamlets 031,E09000030,Tower Hamlets,2486,614,517,751,438,166,1327,322,301,388,234,82,1159,292,216,363,204,84
E01004276,Tower Hamlets 031C,E02000894,Tower Hamlets 031,E09000030,Tower Hamlets,2572,377,537,1013,549,96,1412,207,293,558,302,52,1160,170,244,455,247,44
E01004277,Tower Hamlets 033A,E02006854,Tower Hamlets 033,E09000030,Tower Hamlets,1860,223,422,688,440,87,1050,105,249,381,267,48,810,118,173,307,173,39
E01004280,Tower Hamlets 032A,E02006853,Tower Hamlets 032,E09000030,Tower Hamlets,2125,520,374,671,385,175,1078,242,210,354,197,75,1047,278,164,317,188,100
E01004281,Tower Hamlets 031D,E02000894,Tower Hamlets 031,E09000030,Tower Hamlets,2121,420,503,788,323,87,1103,206,286,412,160,39,1018,214,217,376,163,48
E01004283,Tower Hamlets 016A,E02000879,Tower Hamlets 016,E09000030,Tower Hamlets,2644,523,794,632,440,255,1319,258,387,353,213,108,1325,265,407,279,227,147
E01004284,Tower Hamlets 019A,E02000882,Tower Hamlets 019,E09000030,Tower Hamlets,3917,881,839,1308,683,206,1996,432,439,681,349,95,1921,449,400,627,334,111
E01004285,Tower Hamlets 019B,E02000882,Tower Hamlets 019,E09000030,Tower Hamlets,2545,706,555,682,474,128,1317,364,290,344,271,48,1228,342,265,338,203,80
E01004286,Tower Hamlets 019C,E02000882,Tower Hamlets 019,E09000030,Tower Hamlets,2623,587,521,692,569,254,1328,318,268,367,273,102,1295,269,253,325,296,152
E01004287,Tower Hamlets 016B,E02000879,Tower Hamlets 016,E09000030,Tower Hamlets,2459,595,460,666,467,271,1302,325,224,354,275,124,1157,270,236,312,192,147
E01004288,Tower Hamlets 019D,E02000882,Tower Hamlets 019,E09000030,Tower Hamlets,1836,508,339,437,374,178,942,273,170,232,195,72,894,235,169,205,179,106
E01004289,Tower Hamlets 016C,E02000879,Tower Hamlets 016,E09000030,Tower Hamlets,2182,388,664,460,458,212,1155,191,358,272,261,73,1027,197,306,188,197,139
E01004290,Tower Hamlets 016D,E02000879,Tower Hamlets 016,E09000030,Tower Hamlets,2088,421,534,570,343,220,1075,215,290,292,192,86,1013,206,244,278,151,134
E01004291,Tower Hamlets 027A,E02000890,Tower Hamlets 027,E09000030,Tower Hamlets,2399,299,394,882,606,218,1400,156,235,528,378,103,999,143,159,354,228,115
E01004292,Tower Hamlets 026A,E02000889,Tower Hamlets 026,E09000030,Tower Hamlets,2065,302,471,717,382,193,1201,174,302,407,207,111,864,128,169,310,175,82
E01004293,Tower Hamlets 027B,E02000890,Tower Hamlets 027,E09000030,Tower Hamlets,2403,266,443,761,626,307,1311,127,239,397,373,175,1092,139,204,364,253,132
E01004294,Tower Hamlets 026B,E02000889,Tower Hamlets 026,E09000030,Tower Hamlets,2435,437,578,814,449,157,1385,237,327,475,252,94,1050,200,251,339,197,63
E01004295,Tower Hamlets 026C,E02000889,Tower Hamlets 026,E09000030,Tower Hamlets,1970,603,341,600,301,125,1056,302,184,333,173,64,914,301,157,267,128,61
E01004296,Tower Hamlets 026D,E02000889,Tower Hamlets 026,E09000030,Tower Hamlets,2632,499,549,872,530,182,1456,232,294,520,298,112,1176,267,255,352,232,70
E01004297,Tower Hamlets 027C,E02000890,Tower Hamlets 027,E09000030,Tower Hamlets,2071,280,359,691,537,204,1155,137,229,390,320,79,916,143,130,301,217,125
E01004298,Tower Hamlets 022A,E02000885,Tower Hamlets 022,E09000030,Tower Hamlets,1753,409,360,455,365,164,866,196,167,244,188,71,887,213,193,211,177,93
E01004300,Tower Hamlets 022B,E02000885,Tower Hamlets 022,E09000030,Tower Hamlets,1577,361,324,377,329,186,854,187,171,192,202,102,723,174,153,185,127,84
E01004301,Tower Hamlets 025B,E02000888,Tower Hamlets 025,E09000030,Tower Hamlets,1359,332,279,342,295,111,701,177,142,184,156,42,658,155,137,158,139,69
E01004302,Tower Hamlets 025C,E02000888,Tower Hamlets 025,E09000030,Tower Hamlets,2366,613,467,728,430,128,1254,311,221,435,236,51,1112,302,246,293,194,77
E01004303,Tower Hamlets 025D,E02000888,Tower Hamlets 025,E09000030,Tower Hamlets,3220,698,771,997,553,201,1767,381,353,561,357,115,1453,317,418,436,196,86
E01004304,Tower Hamlets 022C,E02000885,Tower Hamlets 022,E09000030,Tower Hamlets,2215,487,510,561,443,214,1185,220,261,352,256,96,1030,267,249,209,187,118
E01004305,Tower Hamlets 022D,E02000885,Tower Hamlets 022,E09000030,Tower Hamlets,2209,514,492,605,360,238,1146,264,261,324,203,94,1063,250,231,281,157,144
E01004306,Tower Hamlets 015A,E02000878,Tower Hamlets 015,E09000030,Tower Hamlets,1591,262,432,470,245,182,781,125,197,254,137,68,810,137,235,216,108,114
E01004307,Tower Hamlets 015B,E02000878,Tower Hamlets 015,E09000030,Tower Hamlets,3646,193,1742,1216,381,114,1989,99,816,787,228,59,1657,94,926,429,153,55
E01004308,Tower Hamlets 015C,E02000878,Tower Hamlets 015,E09000030,Tower Hamlets,1543,281,370,464,248,180,799,146,194,236,133,90,744,135,176,228,115,90
E01004309,Tower Hamlets 015D,E02000878,Tower Hamlets 015,E09000030,Tower Hamlets,3471,573,1135,1002,535,226,1837,264,547,600,342,84,1634,309,588,402,193,142
E01004310,Tower Hamlets 015E,E02000878,Tower Hamlets 015,E09000030,Tower Hamlets,2005,290,486,684,385,160,1147,154,248,416,243,86,858,136,238,268,142,74
E01004311,Tower Hamlets 006A,E02000869,Tower Hamlets 006,E09000030,Tower Hamlets,1861,395,410,522,383,151,945,199,207,267,193,79,916,196,203,255,190,72
E01004312,Tower Hamlets 009A,E02000872,Tower Hamlets 009,E09000030,Tower Hamlets,1609,311,370,436,330,162,855,160,197,236,188,74,754,151,173,200,142,88
E01004313,Tower Hamlets 009B,E02000872,Tower Hamlets 009,E09000030,Tower Hamlets,2367,500,642,728,359,138,1156,227,295,379,184,71,1211,273,347,349,175,67
E01004314,Tower Hamlets 006B,E02000869,Tower Hamlets 006,E09000030,Tower Hamlets,1196,176,218,343,295,164,625,94,114,191,165,61,571,82,104,152,130,103
E01004315,Tower Hamlets 006C,E02000869,Tower Hamlets 006,E09000030,Tower Hamlets,1858,236,465,578,377,202,994,119,232,320,223,100,864,117,233,258,154,102
E01004316,Tower Hamlets 009C,E02000872,Tower Hamlets 009,E09000030,Tower Hamlets,1157,188,308,350,226,85,602,88,145,196,127,46,555,100,163,154,99,39
E01004317,Tower Hamlets 009D,E02000872,Tower Hamlets 009,E09000030,Tower Hamlets,3930,577,1127,1550,548,128,2252,303,625,956,321,47,1678,274,502,594,227,81
E01004318,Tower Hamlets 006D,E02000869,Tower Hamlets 006,E09000030,Tower Hamlets,1798,370,369,508,394,157,979,193,222,264,210,90,819,177,147,244,184,67
E01004319,Tower Hamlets 021A,E02000884,Tower Hamlets 021,E09000030,Tower Hamlets,2183,507,443,680,362,191,1157,244,220,400,215,78,1026,263,223,280,147,113
E01004321,Tower Hamlets 021C,E02000884,Tower Hamlets 021,E09000030,Tower Hamlets,2120,437,401,708,386,188,1083,202,194,381,239,67,1037,235,207,327,147,121
E01004322,Tower Hamlets 017A,E02000880,Tower Hamlets 017,E09000030,Tower Hamlets,1552,309,448,412,266,117,809,180,216,212,146,55,743,129,232,200,120,62
E01004323,Tower Hamlets 017B,E02000880,Tower Hamlets 017,E09000030,Tower Hamlets,1570,310,448,437,264,111,841,171,239,250,148,33,729,139,209,187,116,78
E01004324,Tower Hamlets 017C,E02000880,Tower Hamlets 017,E09000030,Tower Hamlets,1608,365,360,461,304,118,889,197,196,266,186,44,719,168,164,195,118,74
E01004325,Tower Hamlets 021D,E02000884,Tower Hamlets 021,E09000030,Tower Hamlets,3956,562,1668,1213,368,145,2216,294,842,782,221,77,1740,268,826,431,147,68
E01004326,Tower Hamlets 017D,E02000880,Tower Hamlets 017,E09000030,Tower Hamlets,2025,423,506,648,311,137,1093,208,294,348,190,53,932,215,212,300,121,84
E01004327,Waltham Forest 028A,E02000922,Waltham Forest 028,E09000031,Waltham Forest,1179,234,205,299,292,149,585,118,120,141,143,63,594,116,85,158,149,86
E01004328,Waltham Forest 028B,E02000922,Waltham Forest 028,E09000031,Waltham Forest,2025,422,432,621,383,167,1061,197,255,348,196,65,964,225,177,273,187,102
E01004329,Waltham Forest 028C,E02000922,Waltham Forest 028,E09000031,Waltham Forest,1968,413,479,517,394,165,1130,219,339,278,209,85,838,194,140,239,185,80
E01004330,Waltham Forest 028D,E02000922,Waltham Forest 028,E09000031,Waltham Forest,1776,333,326,546,395,176,924,173,178,303,179,91,852,160,148,243,216,85
E01004331,Waltham Forest 028E,E02000922,Waltham Forest 028,E09000031,Waltham Forest,1847,392,401,513,396,145,996,204,259,251,212,70,851,188,142,262,184,75
E01004332,Waltham Forest 028F,E02000922,Waltham Forest 028,E09000031,Waltham Forest,2007,445,400,581,444,137,1053,199,231,308,246,69,954,246,169,273,198,68
E01004333,Waltham Forest 024A,E02000918,Waltham Forest 024,E09000031,Waltham Forest,1867,502,346,536,341,142,970,290,183,249,186,62,897,212,163,287,155,80
E01004334,Waltham Forest 024B,E02000918,Waltham Forest 024,E09000031,Waltham Forest,1590,429,224,348,403,186,779,219,108,142,216,94,811,210,116,206,187,92
E01004335,Waltham Forest 027A,E02000921,Waltham Forest 027,E09000031,Waltham Forest,1672,447,343,388,357,137,770,227,187,142,146,68,902,220,156,246,211,69
E01004336,Waltham Forest 026A,E02000920,Waltham Forest 026,E09000031,Waltham Forest,1797,247,495,507,376,172,928,127,243,296,197,65,869,120,252,211,179,107
E01004337,Waltham Forest 027B,E02000921,Waltham Forest 027,E09000031,Waltham Forest,1984,379,366,612,461,166,1016,191,198,342,214,71,968,188,168,270,247,95
E01004338,Waltham Forest 027C,E02000921,Waltham Forest 027,E09000031,Waltham Forest,1826,336,423,579,331,157,892,165,221,294,158,54,934,171,202,285,173,103
E01004339,Waltham Forest 027D,E02000921,Waltham Forest 027,E09000031,Waltham Forest,1892,391,332,659,383,127,960,180,168,366,183,63,932,211,164,293,200,64
E01004340,Waltham Forest 027E,E02000921,Waltham Forest 027,E09000031,Waltham Forest,1727,341,352,460,413,161,881,180,196,245,175,85,846,161,156,215,238,76
E01004341,Waltham Forest 027F,E02000921,Waltham Forest 027,E09000031,Waltham Forest,2115,499,406,538,457,215,1055,251,226,278,210,90,1060,248,180,260,247,125
E01004342,Waltham Forest 011A,E02000905,Waltham Forest 011,E09000031,Waltham Forest,2492,662,426,725,508,171,1338,345,278,362,275,78,1154,317,148,363,233,93
E01004343,Waltham Forest 008A,E02000902,Waltham Forest 008,E09000031,Waltham Forest,1873,418,284,441,490,240,924,194,149,226,254,101,949,224,135,215,236,139
E01004344,Waltham Forest 008B,E02000902,Waltham Forest 008,E09000031,Waltham Forest,1922,518,314,445,459,186,971,268,171,240,215,77,951,250,143,205,244,109
E01004345,Waltham Forest 010A,E02000904,Waltham Forest 010,E09000031,Waltham Forest,1967,468,326,491,501,181,982,251,159,238,250,84,985,217,167,253,251,97
E01004346,Waltham Forest 011B,E02000905,Waltham Forest 011,E09000031,Waltham Forest,1865,525,241,438,507,154,878,250,110,206,246,66,987,275,131,232,261,88
E01004347,Waltham Forest 011C,E02000905,Waltham Forest 011,E09000031,Waltham Forest,2237,577,265,692,527,176,1111,280,135,348,272,76,1126,297,130,344,255,100
E01004348,Waltham Forest 010B,E02000904,Waltham Forest 010,E09000031,Waltham Forest,3040,701,485,1006,641,207,1591,345,276,524,366,80,1449,356,209,482,275,127
E01004349,Waltham Forest 001A,E02000895,Waltham Forest 001,E09000031,Waltham Forest,1497,331,250,256,384,276,727,170,115,126,178,138,770,161,135,130,206,138
E01004350,Waltham Forest 001B,E02000895,Waltham Forest 001,E09000031,Waltham Forest,1873,329,257,303,379,605,900,187,124,143,189,257,973,142,133,160,190,348
E01004351,Waltham Forest 001C,E02000895,Waltham Forest 001,E09000031,Waltham Forest,1586,316,197,278,440,355,776,171,103,131,203,168,810,145,94,147,237,187
E01004352,Waltham Forest 002A,E02000896,Waltham Forest 002,E09000031,Waltham Forest,1814,245,240,334,505,490,917,118,132,174,281,212,897,127,108,160,224,278
E01004353,Waltham Forest 002B,E02000896,Waltham Forest 002,E09000031,Waltham Forest,1791,301,213,293,556,428,867,161,101,138,275,192,924,140,112,155,281,236
E01004354,Waltham Forest 002C,E02000896,Waltham Forest 002,E09000031,Waltham Forest,1914,431,250,426,492,315,931,215,123,200,259,134,983,216,127,226,233,181
E01004355,Waltham Forest 004A,E02000898,Waltham Forest 004,E09000031,Waltham Forest,1670,412,250,326,433,249,819,203,131,160,220,105,851,209,119,166,213,144
E01004356,Waltham Forest 001D,E02000895,Waltham Forest 001,E09000031,Waltham Forest,1636,332,279,291,423,311,801,184,148,135,190,144,835,148,131,156,233,167
E01004357,Waltham Forest 001E,E02000895,Waltham Forest 001,E09000031,Waltham Forest,1530,299,231,248,447,305,733,138,120,116,229,130,797,161,111,132,218,175
E01004358,Waltham Forest 002D,E02000896,Waltham Forest 002,E09000031,Waltham Forest,1790,314,245,409,483,339,824,148,126,186,239,125,966,166,119,223,244,214
E01004359,Waltham Forest 002E,E02000896,Waltham Forest 002,E09000031,Waltham Forest,1705,307,281,295,496,326,863,168,148,149,250,148,842,139,133,146,246,178
E01004360,Waltham Forest 004B,E02000898,Waltham Forest 004,E09000031,Waltham Forest,1313,229,180,213,345,346,665,129,116,105,160,155,648,100,64,108,185,191
E01004361,Waltham Forest 005A,E02000899,Waltham Forest 005,E09000031,Waltham Forest,1244,233,173,247,370,221,628,123,101,134,175,95,616,110,72,113,195,126
E01004362,Waltham Forest 021A,E02000915,Waltham Forest 021,E09000031,Waltham Forest,1700,348,284,483,384,201,934,190,154,265,215,110,766,158,130,218,169,91
E01004363,Waltham Forest 019A,E02000913,Waltham Forest 019,E09000031,Waltham Forest,1552,330,270,389,374,189,791,178,143,192,206,72,761,152,127,197,168,117
E01004364,Waltham Forest 019B,E02000913,Waltham Forest 019,E09000031,Waltham Forest,1955,503,370,465,438,179,1032,252,214,254,232,80,923,251,156,211,206,99
E01004365,Waltham Forest 020A,E02000914,Waltham Forest 020,E09000031,Waltham Forest,2371,513,565,696,454,143,1248,275,294,377,248,54,1123,238,271,319,206,89
E01004366,Waltham Forest 019C,E02000913,Waltham Forest 019,E09000031,Waltham Forest,2068,388,392,571,435,282,1096,210,225,318,214,129,972,178,167,253,221,153
E01004367,Waltham Forest 019D,E02000913,Waltham Forest 019,E09000031,Waltham Forest,1561,338,272,421,369,161,808,177,129,220,194,88,753,161,143,201,175,73
E01004368,Waltham Forest 019E,E02000913,Waltham Forest 019,E09000031,Waltham Forest,1930,382,329,630,370,219,1021,208,163,341,205,104,909,174,166,289,165,115
E01004369,Waltham Forest 023A,E02000917,Waltham Forest 023,E09000031,Waltham Forest,1839,430,318,705,284,102,943,230,159,366,140,48,896,200,159,339,144,54
E01004370,Waltham Forest 023B,E02000917,Waltham Forest 023,E09000031,Waltham Forest,2183,473,380,776,416,138,1129,242,193,425,202,67,1054,231,187,351,214,71
E01004371,Waltham Forest 025A,E02000919,Waltham Forest 025,E09000031,Waltham Forest,1763,302,336,571,366,188,961,179,208,328,163,83,802,123,128,243,203,105
E01004372,Waltham Forest 023C,E02000917,Waltham Forest 023,E09000031,Waltham Forest,2013,464,326,822,309,92,1049,212,140,481,169,47,964,252,186,341,140,45
E01004373,Waltham Forest 025B,E02000919,Waltham Forest 025,E09000031,Waltham Forest,1939,425,354,648,334,178,1067,245,167,372,190,93,872,180,187,276,144,85
E01004374,Waltham Forest 025C,E02000919,Waltham Forest 025,E09000031,Waltham Forest,2072,419,360,720,374,199,1021,165,178,408,189,81,1051,254,182,312,185,118
E01004375,Waltham Forest 025D,E02000919,Waltham Forest 025,E09000031,Waltham Forest,2000,385,378,684,389,164,1007,188,173,354,216,76,993,197,205,330,173,88
E01004376,Waltham Forest 025E,E02000919,Waltham Forest 025,E09000031,Waltham Forest,2163,330,510,746,363,214,1118,159,257,407,178,117,1045,171,253,339,185,97
E01004377,Waltham Forest 010C,E02000904,Waltham Forest 010,E09000031,Waltham Forest,1804,423,259,422,464,236,898,208,124,208,225,133,906,215,135,214,239,103
E01004378,Waltham Forest 010D,E02000904,Waltham Forest 010,E09000031,Waltham Forest,2000,427,327,533,478,235,1024,223,176,281,237,107,976,204,151,252,241,128
E01004379,Waltham Forest 007A,E02000901,Waltham Forest 007,E09000031,Waltham Forest,1808,377,299,471,467,194,881,198,148,229,214,92,927,179,151,242,253,102
E01004380,Waltham Forest 007B,E02000901,Waltham Forest 007,E09000031,Waltham Forest,1574,347,231,326,442,228,774,184,132,146,214,98,800,163,99,180,228,130
E01004381,Waltham Forest 007C,E02000901,Waltham Forest 007,E09000031,Waltham Forest,2041,480,304,482,536,239,1038,244,165,254,246,129,1003,236,139,228,290,110
E01004382,Waltham Forest 008C,E02000902,Waltham Forest 008,E09000031,Waltham Forest,1784,508,315,370,429,162,833,255,170,160,186,62,951,253,145,210,243,100
E01004383,Waltham Forest 007D,E02000901,Waltham Forest 007,E09000031,Waltham Forest,1660,368,247,345,452,248,843,201,143,163,217,119,817,167,104,182,235,129
E01004384,Waltham Forest 003A,E02000897,Waltham Forest 003,E09000031,Waltham Forest,2104,474,316,429,522,363,1012,245,166,211,270,120,1092,229,150,218,252,243
E01004385,Waltham Forest 003B,E02000897,Waltham Forest 003,E09000031,Waltham Forest,1445,337,223,327,331,227,672,165,111,149,154,93,773,172,112,178,177,134
E01004386,Waltham Forest 003C,E02000897,Waltham Forest 003,E09000031,Waltham Forest,1710,354,219,308,495,334,859,185,113,160,240,161,851,169,106,148,255,173
E01004387,Waltham Forest 007E,E02000901,Waltham Forest 007,E09000031,Waltham Forest,1400,245,204,225,428,298,677,124,96,121,194,142,723,121,108,104,234,156
E01004388,Waltham Forest 007F,E02000901,Waltham Forest 007,E09000031,Waltham Forest,1683,370,225,381,414,293,839,206,109,189,203,132,844,164,116,192,211,161
E01004389,Waltham Forest 003D,E02000897,Waltham Forest 003,E09000031,Waltham Forest,1723,388,203,386,436,310,854,202,124,185,202,141,869,186,79,201,234,169
E01004390,Waltham Forest 003E,E02000897,Waltham Forest 003,E09000031,Waltham Forest,1545,348,219,282,416,280,728,177,111,134,189,117,817,171,108,148,227,163
E01004391,Waltham Forest 014A,E02000908,Waltham Forest 014,E09000031,Waltham Forest,2102,445,335,662,472,188,1038,247,170,314,229,78,1064,198,165,348,243,110
E01004392,Waltham Forest 017A,E02000911,Waltham Forest 017,E09000031,Waltham Forest,2583,526,437,842,592,186,1332,284,220,440,309,79,1251,242,217,402,283,107
E01004393,Waltham Forest 014B,E02000908,Waltham Forest 014,E09000031,Waltham Forest,2150,350,709,511,382,198,1308,185,589,255,188,91,842,165,120,256,194,107
E01004394,Waltham Forest 017B,E02000911,Waltham Forest 017,E09000031,Waltham Forest,1907,385,308,572,447,195,960,200,150,310,209,91,947,185,158,262,238,104
E01004395,Waltham Forest 018A,E02000912,Waltham Forest 018,E09000031,Waltham Forest,1626,404,206,488,366,162,843,213,114,255,183,78,783,191,92,233,183,84
E01004396,Waltham Forest 012A,E02000906,Waltham Forest 012,E09000031,Waltham Forest,1948,514,268,570,387,209,1009,286,131,309,211,72,939,228,137,261,176,137
E01004397,Waltham Forest 017C,E02000911,Waltham Forest 017,E09000031,Waltham Forest,2722,536,459,940,563,224,1390,274,221,507,282,106,1332,262,238,433,281,118
E01004398,Waltham Forest 009A,E02000903,Waltham Forest 009,E09000031,Waltham Forest,1941,446,355,416,522,202,949,230,185,193,233,108,992,216,170,223,289,94
E01004399,Waltham Forest 009B,E02000903,Waltham Forest 009,E09000031,Waltham Forest,1822,514,327,383,426,172,848,262,174,157,193,62,974,252,153,226,233,110
E01004400,Waltham Forest 009C,E02000903,Waltham Forest 009,E09000031,Waltham Forest,1883,452,293,504,467,167,957,234,162,256,230,75,926,218,131,248,237,92
E01004401,Waltham Forest 014C,E02000908,Waltham Forest 014,E09000031,Waltham Forest,2424,543,417,781,539,144,1270,304,237,376,292,61,1154,239,180,405,247,83
E01004402,Waltham Forest 009D,E02000903,Waltham Forest 009,E09000031,Waltham Forest,1856,459,273,457,448,219,938,234,134,245,229,96,918,225,139,212,219,123
E01004403,Waltham Forest 009E,E02000903,Waltham Forest 009,E09000031,Waltham Forest,2452,675,396,702,514,165,1241,367,214,349,239,72,1211,308,182,353,275,93
E01004404,Waltham Forest 014D,E02000908,Waltham Forest 014,E09000031,Waltham Forest,3274,910,538,1045,650,131,1624,417,255,528,362,62,1650,493,283,517,288,69
E01004405,Waltham Forest 020B,E02000914,Waltham Forest 020,E09000031,Waltham Forest,1661,365,266,508,361,161,817,177,134,262,168,76,844,188,132,246,193,85
E01004406,Waltham Forest 016A,E02000910,Waltham Forest 016,E09000031,Waltham Forest,1915,398,293,686,410,128,972,206,165,341,210,50,943,192,128,345,200,78
E01004407,Waltham Forest 013A,E02000907,Waltham Forest 013,E09000031,Waltham Forest,2193,591,575,556,334,137,1131,306,301,311,156,57,1062,285,274,245,178,80
E01004408,Waltham Forest 016B,E02000910,Waltham Forest 016,E09000031,Waltham Forest,1623,344,256,479,398,146,827,181,126,236,208,76,796,163,130,243,190,70
E01004409,Waltham Forest 016C,E02000910,Waltham Forest 016,E09000031,Waltham Forest,1670,307,270,535,352,206,835,151,119,295,189,81,835,156,151,240,163,125
E01004410,Waltham Forest 013B,E02000907,Waltham Forest 013,E09000031,Waltham Forest,1902,417,252,565,418,250,905,243,101,258,205,98,997,174,151,307,213,152
E01004411,Waltham Forest 016D,E02000910,Waltham Forest 016,E09000031,Waltham Forest,1780,283,363,619,383,132,889,129,177,316,215,52,891,154,186,303,168,80
E01004412,Waltham Forest 015A,E02000909,Waltham Forest 015,E09000031,Waltham Forest,1765,325,272,549,443,176,856,144,135,276,229,72,909,181,137,273,214,104
E01004413,Waltham Forest 004C,E02000898,Waltham Forest 004,E09000031,Waltham Forest,1543,277,203,295,478,290,750,139,126,142,226,117,793,138,77,153,252,173
E01004414,Waltham Forest 005B,E02000899,Waltham Forest 005,E09000031,Waltham Forest,1797,402,272,375,456,292,853,215,132,178,219,109,944,187,140,197,237,183
E01004415,Waltham Forest 004D,E02000898,Waltham Forest 004,E09000031,Waltham Forest,1604,357,230,319,422,276,788,176,123,163,201,125,816,181,107,156,221,151
E01004416,Waltham Forest 004E,E02000898,Waltham Forest 004,E09000031,Waltham Forest,1705,404,225,307,483,286,861,214,112,148,251,136,844,190,113,159,232,150
E01004417,Waltham Forest 005C,E02000899,Waltham Forest 005,E09000031,Waltham Forest,1833,367,241,404,471,350,908,187,146,200,224,151,925,180,95,204,247,199
E01004418,Waltham Forest 008D,E02000902,Waltham Forest 008,E09000031,Waltham Forest,1737,403,251,365,426,292,850,222,120,172,192,144,887,181,131,193,234,148
E01004419,Waltham Forest 008E,E02000902,Waltham Forest 008,E09000031,Waltham Forest,2569,689,355,759,519,247,1295,388,155,384,262,106,1274,301,200,375,257,141
E01004420,Waltham Forest 020C,E02000914,Waltham Forest 020,E09000031,Waltham Forest,2173,409,409,598,580,177,1186,214,222,313,345,92,987,195,187,285,235,85
E01004421,Waltham Forest 018B,E02000912,Waltham Forest 018,E09000031,Waltham Forest,2307,529,393,511,496,378,1171,311,216,241,246,157,1136,218,177,270,250,221
E01004422,Waltham Forest 022A,E02000916,Waltham Forest 022,E09000031,Waltham Forest,2039,436,343,546,482,232,1042,226,168,288,249,111,997,210,175,258,233,121
E01004423,Waltham Forest 020D,E02000914,Waltham Forest 020,E09000031,Waltham Forest,2106,493,335,612,394,272,1086,280,168,326,200,112,1020,213,167,286,194,160
E01004424,Waltham Forest 022B,E02000916,Waltham Forest 022,E09000031,Waltham Forest,1976,451,359,545,441,180,994,231,160,303,221,79,982,220,199,242,220,101
E01004425,Waltham Forest 022C,E02000916,Waltham Forest 022,E09000031,Waltham Forest,2083,502,308,693,482,98,1057,272,148,361,235,41,1026,230,160,332,247,57
E01004426,Waltham Forest 022D,E02000916,Waltham Forest 022,E09000031,Waltham Forest,1778,376,298,508,386,210,925,205,159,267,210,84,853,171,139,241,176,126
E01004427,Waltham Forest 022E,E02000916,Waltham Forest 022,E09000031,Waltham Forest,2121,531,290,739,449,112,1142,295,140,402,242,63,979,236,150,337,207,49
E01004428,Waltham Forest 026B,E02000920,Waltham Forest 026,E09000031,Waltham Forest,2008,523,384,427,543,131,947,253,190,213,230,61,1061,270,194,214,313,70
E01004429,Waltham Forest 026C,E02000920,Waltham Forest 026,E09000031,Waltham Forest,2015,456,352,652,398,157,1008,217,175,357,187,72,1007,239,177,295,211,85
E01004430,Waltham Forest 026D,E02000920,Waltham Forest 026,E09000031,Waltham Forest,2475,404,508,920,430,213,1296,236,272,490,213,85,1179,168,236,430,217,128
E01004432,Waltham Forest 023D,E02000917,Waltham Forest 023,E09000031,Waltham Forest,1896,451,276,609,377,183,948,225,117,340,174,92,948,226,159,269,203,91
E01004434,Waltham Forest 026E,E02000920,Waltham Forest 026,E09000031,Waltham Forest,2003,495,368,471,471,198,1059,276,193,253,249,88,944,219,175,218,222,110
E01004435,Waltham Forest 023E,E02000917,Waltham Forest 023,E09000031,Waltham Forest,2370,609,457,622,492,190,1148,282,216,333,226,91,1222,327,241,289,266,99
E01004436,Waltham Forest 021B,E02000915,Waltham Forest 021,E09000031,Waltham Forest,1933,344,371,611,388,219,1010,191,168,352,189,110,923,153,203,259,199,109
E01004437,Waltham Forest 021C,E02000915,Waltham Forest 021,E09000031,Waltham Forest,2074,375,394,703,436,166,1130,204,190,405,245,86,944,171,204,298,191,80
E01004438,Waltham Forest 024C,E02000918,Waltham Forest 024,E09000031,Waltham Forest,2284,345,480,782,504,173,1241,172,267,447,270,85,1043,173,213,335,234,88
E01004439,Waltham Forest 021D,E02000915,Waltham Forest 021,E09000031,Waltham Forest,1763,361,365,506,353,178,879,194,178,247,182,78,884,167,187,259,171,100
E01004440,Waltham Forest 024D,E02000918,Waltham Forest 024,E09000031,Waltham Forest,2318,423,399,885,425,186,1191,229,186,486,206,84,1127,194,213,399,219,102
E01004441,Waltham Forest 024E,E02000918,Waltham Forest 024,E09000031,Waltham Forest,1706,299,238,583,386,200,912,141,131,349,199,92,794,158,107,234,187,108
E01004442,Waltham Forest 021E,E02000915,Waltham Forest 021,E09000031,Waltham Forest,1786,307,387,521,424,147,981,155,242,309,212,63,805,152,145,212,212,84
E01004443,Waltham Forest 016E,E02000910,Waltham Forest 016,E09000031,Waltham Forest,1947,447,357,573,379,191,962,221,166,281,202,92,985,226,191,292,177,99
E01004444,Waltham Forest 017D,E02000911,Waltham Forest 017,E09000031,Waltham Forest,2783,589,577,767,623,227,1361,312,267,384,285,113,1422,277,310,383,338,114
E01004445,Waltham Forest 018C,E02000912,Waltham Forest 018,E09000031,Waltham Forest,1760,368,303,522,376,191,896,173,154,273,216,80,864,195,149,249,160,111
E01004446,Waltham Forest 017E,E02000911,Waltham Forest 017,E09000031,Waltham Forest,2082,533,293,588,453,215,1056,265,159,291,233,108,1026,268,134,297,220,107
E01004447,Waltham Forest 016F,E02000910,Waltham Forest 016,E09000031,Waltham Forest,1847,382,284,543,467,171,966,196,150,269,262,89,881,186,134,274,205,82
E01004448,Waltham Forest 018D,E02000912,Waltham Forest 018,E09000031,Waltham Forest,1950,515,285,593,420,137,964,272,132,270,219,71,986,243,153,323,201,66
E01004449,Waltham Forest 018E,E02000912,Waltham Forest 018,E09000031,Waltham Forest,1868,460,372,387,426,223,924,239,202,186,201,96,944,221,170,201,225,127
E01004450,Waltham Forest 006A,E02000900,Waltham Forest 006,E09000031,Waltham Forest,1680,382,266,299,419,314,832,196,139,153,211,133,848,186,127,146,208,181
E01004451,Waltham Forest 005D,E02000899,Waltham Forest 005,E09000031,Waltham Forest,1862,370,296,363,519,314,897,180,151,183,251,132,965,190,145,180,268,182
E01004452,Waltham Forest 005E,E02000899,Waltham Forest 005,E09000031,Waltham Forest,1940,391,278,457,469,345,971,190,160,226,237,158,969,201,118,231,232,187
E01004453,Waltham Forest 006B,E02000900,Waltham Forest 006,E09000031,Waltham Forest,1750,407,310,388,430,215,898,237,168,193,218,82,852,170,142,195,212,133
E01004454,Waltham Forest 006C,E02000900,Waltham Forest 006,E09000031,Waltham Forest,1969,492,312,411,492,262,956,262,159,190,238,107,1013,230,153,221,254,155
E01004455,Waltham Forest 006D,E02000900,Waltham Forest 006,E09000031,Waltham Forest,1744,428,276,390,434,216,857,215,140,201,200,101,887,213,136,189,234,115
E01004456,Waltham Forest 006E,E02000900,Waltham Forest 006,E09000031,Waltham Forest,1630,371,327,261,439,232,738,197,160,104,189,88,892,174,167,157,250,144
E01004457,Waltham Forest 012B,E02000906,Waltham Forest 012,E09000031,Waltham Forest,1820,376,254,631,419,140,951,191,118,353,224,65,869,185,136,278,195,75
E01004458,Waltham Forest 012C,E02000906,Waltham Forest 012,E09000031,Waltham Forest,2077,482,293,605,503,194,1019,235,161,293,259,71,1058,247,132,312,244,123
E01004459,Waltham Forest 012D,E02000906,Waltham Forest 012,E09000031,Waltham Forest,1671,470,317,337,413,134,767,219,174,127,195,52,904,251,143,210,218,82
E01004460,Waltham Forest 011D,E02000905,Waltham Forest 011,E09000031,Waltham Forest,1848,366,299,595,460,128,969,196,143,331,240,59,879,170,156,264,220,69
E01004461,Waltham Forest 014E,E02000908,Waltham Forest 014,E09000031,Waltham Forest,3063,551,744,978,521,269,1494,257,336,515,265,121,1569,294,408,463,256,148
E01004462,Waltham Forest 011E,E02000905,Waltham Forest 011,E09000031,Waltham Forest,2035,431,318,649,463,174,1016,230,162,322,218,84,1019,201,156,327,245,90
E01004463,Waltham Forest 012E,E02000906,Waltham Forest 012,E09000031,Waltham Forest,2062,464,273,728,464,133,1047,242,140,377,228,60,1015,222,133,351,236,73
E01004464,Waltham Forest 013C,E02000907,Waltham Forest 013,E09000031,Waltham Forest,1595,484,254,422,321,114,785,245,127,191,162,60,810,239,127,231,159,54
E01004465,Waltham Forest 015B,E02000909,Waltham Forest 015,E09000031,Waltham Forest,1537,384,193,401,377,182,765,210,88,197,198,72,772,174,105,204,179,110
E01004466,Waltham Forest 015C,E02000909,Waltham Forest 015,E09000031,Waltham Forest,1608,360,209,477,381,181,766,174,102,234,176,80,842,186,107,243,205,101
E01004467,Waltham Forest 015D,E02000909,Waltham Forest 015,E09000031,Waltham Forest,2470,650,380,732,522,186,1220,321,164,384,268,83,1250,329,216,348,254,103
E01004468,Waltham Forest 015E,E02000909,Waltham Forest 015,E09000031,Waltham Forest,1743,391,203,487,454,208,874,205,109,240,225,95,869,186,94,247,229,113
E01004469,Waltham Forest 013D,E02000907,Waltham Forest 013,E09000031,Waltham Forest,1748,456,329,432,394,137,850,231,161,227,180,51,898,225,168,205,214,86
E01004470,Waltham Forest 013E,E02000907,Waltham Forest 013,E09000031,Waltham Forest,1471,328,214,445,333,151,725,173,97,216,166,73,746,155,117,229,167,78
E01004471,Waltham Forest 013F,E02000907,Waltham Forest 013,E09000031,Waltham Forest,1859,482,275,497,431,174,877,207,140,255,195,80,982,275,135,242,236,94
E01004472,Wandsworth 021A,E02000943,Wandsworth 021,E09000032,Wandsworth,1842,282,429,618,357,156,897,157,190,326,171,53,945,125,239,292,186,103
E01004473,Wandsworth 026A,E02000948,Wandsworth 026,E09000032,Wandsworth,1700,254,415,614,270,147,807,154,157,304,126,66,893,100,258,310,144,81
E01004474,Wandsworth 021B,E02000943,Wandsworth 021,E09000032,Wandsworth,1969,271,574,801,222,101,867,141,218,372,97,39,1102,130,356,429,125,62
E01004475,Wandsworth 026B,E02000948,Wandsworth 026,E09000032,Wandsworth,1482,263,373,452,248,146,706,148,152,232,110,64,776,115,221,220,138,82
E01004476,Wandsworth 021C,E02000943,Wandsworth 021,E09000032,Wandsworth,1910,183,586,702,292,147,920,93,231,404,141,51,990,90,355,298,151,96
E01004477,Wandsworth 017A,E02000939,Wandsworth 017,E09000032,Wandsworth,1693,383,307,415,391,197,882,204,177,219,190,92,811,179,130,196,201,105
E01004478,Wandsworth 017B,E02000939,Wandsworth 017,E09000032,Wandsworth,1645,456,220,422,416,131,791,231,78,213,207,62,854,225,142,209,209,69
E01004479,Wandsworth 017C,E02000939,Wandsworth 017,E09000032,Wandsworth,1689,360,361,392,404,172,808,188,146,210,195,69,881,172,215,182,209,103
E01004480,Wandsworth 026C,E02000948,Wandsworth 026,E09000032,Wandsworth,1832,244,631,613,214,130,834,124,251,302,100,57,998,120,380,311,114,73
E01004481,Wandsworth 029A,E02000951,Wandsworth 029,E09000032,Wandsworth,1545,210,476,527,230,102,676,96,174,258,115,33,869,114,302,269,115,69
E01004482,Wandsworth 030A,E02000952,Wandsworth 030,E09000032,Wandsworth,1586,265,372,462,315,172,720,135,143,219,151,72,866,130,229,243,164,100
E01004483,Wandsworth 026D,E02000948,Wandsworth 026,E09000032,Wandsworth,2026,316,495,740,355,120,977,166,219,347,187,58,1049,150,276,393,168,62
E01004484,Wandsworth 026E,E02000948,Wandsworth 026,E09000032,Wandsworth,1403,172,445,419,240,127,640,98,179,196,91,76,763,74,266,223,149,51
E01004485,Wandsworth 030B,E02000952,Wandsworth 030,E09000032,Wandsworth,1585,243,425,423,305,189,716,116,163,218,147,72,869,127,262,205,158,117
E01004486,Wandsworth 026F,E02000948,Wandsworth 026,E09000032,Wandsworth,1318,189,372,402,222,133,649,95,164,214,103,73,669,94,208,188,119,60
E01004487,Wandsworth 030C,E02000952,Wandsworth 030,E09000032,Wandsworth,1449,208,333,438,334,136,672,106,152,212,152,50,777,102,181,226,182,86
E01004488,Wandsworth 029B,E02000951,Wandsworth 029,E09000032,Wandsworth,1380,283,297,325,357,118,646,145,126,150,170,55,734,138,171,175,187,63
E01004489,Wandsworth 030D,E02000952,Wandsworth 030,E09000032,Wandsworth,1368,316,263,306,366,117,642,150,102,159,182,49,726,166,161,147,184,68
E01004490,Wandsworth 031A,E02000953,Wandsworth 031,E09000032,Wandsworth,1577,390,243,539,264,141,702,188,91,250,117,56,875,202,152,289,147,85
E01004491,Wandsworth 031B,E02000953,Wandsworth 031,E09000032,Wandsworth,2937,444,982,927,436,148,1334,237,413,422,206,56,1603,207,569,505,230,92
E01004492,Wandsworth 031C,E02000953,Wandsworth 031,E09000032,Wandsworth,1699,337,299,600,344,119,794,174,114,300,146,60,905,163,185,300,198,59
E01004493,Wandsworth 019A,E02000941,Wandsworth 019,E09000032,Wandsworth,1976,361,321,709,397,188,964,177,137,345,206,99,1012,184,184,364,191,89
E01004494,Wandsworth 018A,E02000940,Wandsworth 018,E09000032,Wandsworth,1706,291,343,595,311,166,768,146,162,264,137,59,938,145,181,331,174,107
E01004495,Wandsworth 024A,E02000946,Wandsworth 024,E09000032,Wandsworth,1472,232,342,479,276,143,688,109,161,238,118,62,784,123,181,241,158,81
E01004496,Wandsworth 024B,E02000946,Wandsworth 024,E09000032,Wandsworth,1935,260,447,811,297,120,918,139,185,404,142,48,1017,121,262,407,155,72
E01004497,Wandsworth 024C,E02000946,Wandsworth 024,E09000032,Wandsworth,1416,385,189,398,311,133,649,205,85,169,135,55,767,180,104,229,176,78
E01004498,Wandsworth 031D,E02000953,Wandsworth 031,E09000032,Wandsworth,1622,326,266,675,250,105,706,152,85,296,128,45,916,174,181,379,122,60
E01004499,Wandsworth 020A,E02000942,Wandsworth 020,E09000032,Wandsworth,1570,237,349,546,283,155,744,125,137,283,123,76,826,112,212,263,160,79
E01004500,Wandsworth 014A,E02000936,Wandsworth 014,E09000032,Wandsworth,1991,240,439,713,320,279,929,107,203,346,155,118,1062,133,236,367,165,161
E01004501,Wandsworth 014B,E02000936,Wandsworth 014,E09000032,Wandsworth,1549,222,296,478,364,189,703,106,132,214,175,76,846,116,164,264,189,113
E01004502,Wandsworth 020B,E02000942,Wandsworth 020,E09000032,Wandsworth,1724,335,277,479,444,189,825,181,120,247,203,74,899,154,157,232,241,115
E01004503,Wandsworth 014C,E02000936,Wandsworth 014,E09000032,Wandsworth,1730,244,319,585,377,205,834,135,128,294,196,81,896,109,191,291,181,124
E01004504,Wandsworth 020C,E02000942,Wandsworth 020,E09000032,Wandsworth,1472,343,225,360,364,180,720,174,111,192,174,69,752,169,114,168,190,111
E01004505,Wandsworth 014D,E02000936,Wandsworth 014,E09000032,Wandsworth,1735,231,298,528,402,276,866,130,134,260,220,122,869,101,164,268,182,154
E01004506,Wandsworth 011A,E02000933,Wandsworth 011,E09000032,Wandsworth,2153,284,465,764,384,256,1028,137,192,371,217,111,1125,147,273,393,167,145
E01004507,Wandsworth 014E,E02000936,Wandsworth 014,E09000032,Wandsworth,2406,362,540,855,446,203,1119,189,232,387,210,101,1287,173,308,468,236,102
E01004508,Wandsworth 012A,E02000934,Wandsworth 012,E09000032,Wandsworth,2415,240,685,930,390,170,1242,124,309,515,225,69,1173,116,376,415,165,101
E01004509,Wandsworth 010A,E02000932,Wandsworth 010,E09000032,Wandsworth,2674,319,735,1064,393,163,1316,139,342,563,192,80,1358,180,393,501,201,83
E01004510,Wandsworth 012B,E02000934,Wandsworth 012,E09000032,Wandsworth,2229,286,576,788,391,188,1120,136,286,426,187,85,1109,150,290,362,204,103
E01004511,Wandsworth 010B,E02000932,Wandsworth 010,E09000032,Wandsworth,1517,229,356,535,294,103,749,117,184,248,150,50,768,112,172,287,144,53
E01004512,Wandsworth 019B,E02000941,Wandsworth 019,E09000032,Wandsworth,1459,306,246,423,335,149,704,159,105,215,161,64,755,147,141,208,174,85
E01004513,Wandsworth 018B,E02000940,Wandsworth 018,E09000032,Wandsworth,1890,321,360,675,364,170,912,168,169,330,174,71,978,153,191,345,190,99
E01004514,Wandsworth 012C,E02000934,Wandsworth 012,E09000032,Wandsworth,1736,275,330,666,317,148,863,159,141,347,161,55,873,116,189,319,156,93
E01004515,Wandsworth 012D,E02000934,Wandsworth 012,E09000032,Wandsworth,1755,192,486,643,291,143,861,85,238,347,128,63,894,107,248,296,163,80
E01004516,Wandsworth 036A,E02000958,Wandsworth 036,E09000032,Wandsworth,1814,366,440,330,476,202,892,192,206,182,222,90,922,174,234,148,254,112
E01004517,Wandsworth 037A,E02000959,Wandsworth 037,E09000032,Wandsworth,2459,496,477,783,548,155,1204,230,226,384,282,82,1255,266,251,399,266,73
E01004518,Wandsworth 036B,E02000958,Wandsworth 036,E09000032,Wandsworth,1809,344,314,437,503,211,851,197,129,224,231,70,958,147,185,213,272,141
E01004519,Wandsworth 036C,E02000958,Wandsworth 036,E09000032,Wandsworth,1815,403,297,477,409,229,900,223,139,240,208,90,915,180,158,237,201,139
E01004520,Wandsworth 036D,E02000958,Wandsworth 036,E09000032,Wandsworth,1413,320,299,329,314,151,685,155,139,170,151,70,728,165,160,159,163,81
E01004521,Wandsworth 037B,E02000959,Wandsworth 037,E09000032,Wandsworth,2296,571,313,755,467,190,1153,282,161,392,225,93,1143,289,152,363,242,97
E01004522,Wandsworth 037C,E02000959,Wandsworth 037,E09000032,Wandsworth,1648,351,314,474,385,124,829,171,168,240,187,63,819,180,146,234,198,61
E01004523,Wandsworth 036E,E02000958,Wandsworth 036,E09000032,Wandsworth,1832,381,275,427,448,301,913,206,124,221,210,152,919,175,151,206,238,149
E01004524,Wandsworth 037D,E02000959,Wandsworth 037,E09000032,Wandsworth,1896,458,288,508,428,214,864,231,133,208,201,91,1032,227,155,300,227,123
E01004525,Wandsworth 035A,E02000957,Wandsworth 035,E09000032,Wandsworth,1896,318,544,603,303,128,930,171,198,336,161,64,966,147,346,267,142,64
E01004526,Wandsworth 035B,E02000957,Wandsworth 035,E09000032,Wandsworth,1898,341,460,668,294,135,896,147,175,361,144,69,1002,194,285,307,150,66
E01004527,Wandsworth 035C,E02000957,Wandsworth 035,E09000032,Wandsworth,1571,264,377,493,260,177,717,125,135,258,118,81,854,139,242,235,142,96
E01004528,Wandsworth 035D,E02000957,Wandsworth 035,E09000032,Wandsworth,1660,342,267,480,387,184,805,166,122,243,191,83,855,176,145,237,196,101
E01004529,Wandsworth 035E,E02000957,Wandsworth 035,E09000032,Wandsworth,2270,480,392,836,396,166,1042,230,172,393,183,64,1228,250,220,443,213,102
E01004530,Wandsworth 035F,E02000957,Wandsworth 035,E09000032,Wandsworth,1834,286,392,559,404,193,915,162,155,293,220,85,919,124,237,266,184,108
E01004531,Wandsworth 033A,E02000955,Wandsworth 033,E09000032,Wandsworth,1711,379,360,467,321,184,760,180,147,210,152,71,951,199,213,257,169,113
E01004532,Wandsworth 032A,E02000954,Wandsworth 032,E09000032,Wandsworth,1430,262,283,485,270,130,626,122,108,233,103,60,804,140,175,252,167,70
E01004533,Wandsworth 033B,E02000955,Wandsworth 033,E09000032,Wandsworth,1322,285,254,386,257,140,603,127,114,183,119,60,719,158,140,203,138,80
E01004534,Wandsworth 008A,E02000930,Wandsworth 008,E09000032,Wandsworth,1879,298,547,574,305,155,881,153,242,269,158,59,998,145,305,305,147,96
E01004535,Wandsworth 007A,E02000929,Wandsworth 007,E09000032,Wandsworth,1786,554,330,447,336,119,875,290,163,191,173,58,911,264,167,256,163,61
E01004536,Wandsworth 008B,E02000930,Wandsworth 008,E09000032,Wandsworth,2776,387,1143,802,343,101,1421,207,594,387,190,43,1355,180,549,415,153,58
E01004537,Wandsworth 007B,E02000929,Wandsworth 007,E09000032,Wandsworth,1846,332,467,484,404,159,813,161,192,214,164,82,1033,171,275,270,240,77
E01004538,Wandsworth 007C,E02000929,Wandsworth 007,E09000032,Wandsworth,2228,423,467,714,422,202,1083,218,231,345,194,95,1145,205,236,369,228,107
E01004539,Wandsworth 003A,E02000925,Wandsworth 003,E09000032,Wandsworth,2118,532,432,488,496,170,1029,300,209,199,255,66,1089,232,223,289,241,104
E01004540,Wandsworth 003B,E02000925,Wandsworth 003,E09000032,Wandsworth,2115,330,430,679,458,218,1000,174,189,327,227,83,1115,156,241,352,231,135
E01004541,Wandsworth 007D,E02000929,Wandsworth 007,E09000032,Wandsworth,1617,240,368,397,336,276,718,128,132,184,155,119,899,112,236,213,181,157
E01004542,Wandsworth 021D,E02000943,Wandsworth 021,E09000032,Wandsworth,1630,374,284,438,324,210,759,184,128,199,155,93,871,190,156,239,169,117
E01004543,Wandsworth 027A,E02000949,Wandsworth 027,E09000032,Wandsworth,1690,308,394,425,402,161,776,152,180,201,169,74,914,156,214,224,233,87
E01004544,Wandsworth 021E,E02000943,Wandsworth 021,E09000032,Wandsworth,1467,326,269,428,302,142,674,167,106,205,142,54,793,159,163,223,160,88
E01004545,Wandsworth 027B,E02000949,Wandsworth 027,E09000032,Wandsworth,1726,168,502,674,257,125,770,97,199,311,111,52,956,71,303,363,146,73
E01004546,Wandsworth 027C,E02000949,Wandsworth 027,E09000032,Wandsworth,1430,263,354,470,235,108,651,131,136,222,113,49,779,132,218,248,122,59
E01004547,Wandsworth 029C,E02000951,Wandsworth 029,E09000032,Wandsworth,1410,207,259,332,317,295,595,106,115,166,120,88,815,101,144,166,197,207
E01004548,Wandsworth 029D,E02000951,Wandsworth 029,E09000032,Wandsworth,1983,249,529,675,376,154,943,141,237,316,184,65,1040,108,292,359,192,89
E01004549,Wandsworth 027D,E02000949,Wandsworth 027,E09000032,Wandsworth,1665,304,316,482,372,191,796,147,131,256,181,81,869,157,185,226,191,110
E01004550,Wandsworth 017D,E02000939,Wandsworth 017,E09000032,Wandsworth,1503,340,260,360,272,271,679,180,89,166,121,123,824,160,171,194,151,148
E01004551,Wandsworth 012E,E02000934,Wandsworth 012,E09000032,Wandsworth,1836,141,600,709,273,113,957,56,283,417,130,71,879,85,317,292,143,42
E01004552,Wandsworth 008C,E02000930,Wandsworth 008,E09000032,Wandsworth,2344,244,752,992,250,106,1146,80,291,602,129,44,1198,164,461,390,121,62
E01004553,Wandsworth 015A,E02000937,Wandsworth 015,E09000032,Wandsworth,1910,322,404,674,385,125,1000,175,165,384,218,58,910,147,239,290,167,67
E01004554,Wandsworth 009A,E02000931,Wandsworth 009,E09000032,Wandsworth,1802,396,319,594,355,138,941,225,127,331,181,77,861,171,192,263,174,61
E01004555,Wandsworth 017E,E02000939,Wandsworth 017,E09000032,Wandsworth,1790,502,274,444,444,126,888,277,117,215,216,63,902,225,157,229,228,63
E01004556,Wandsworth 009B,E02000931,Wandsworth 009,E09000032,Wandsworth,1919,564,284,500,433,138,961,278,130,273,215,65,958,286,154,227,218,73
E01004557,Wandsworth 015B,E02000937,Wandsworth 015,E09000032,Wandsworth,1767,431,273,533,380,150,852,222,120,264,195,51,915,209,153,269,185,99
E01004558,Wandsworth 015C,E02000937,Wandsworth 015,E09000032,Wandsworth,1993,517,303,574,458,141,963,267,133,270,228,65,1030,250,170,304,230,76
E01004559,Wandsworth 015D,E02000937,Wandsworth 015,E09000032,Wandsworth,1474,386,221,366,368,133,728,195,109,174,184,66,746,191,112,192,184,67
E01004560,Wandsworth 001A,E02000923,Wandsworth 001,E09000032,Wandsworth,2178,315,486,632,523,222,1054,147,232,300,285,90,1124,168,254,332,238,132
E01004562,Wandsworth 002B,E02000924,Wandsworth 002,E09000032,Wandsworth,3188,620,737,996,564,271,1500,293,317,505,262,123,1688,327,420,491,302,148
E01004563,Wandsworth 002C,E02000924,Wandsworth 002,E09000032,Wandsworth,2263,465,482,691,472,153,1099,246,207,347,232,67,1164,219,275,344,240,86
E01004564,Wandsworth 002D,E02000924,Wandsworth 002,E09000032,Wandsworth,1793,213,558,540,351,131,779,98,213,257,155,56,1014,115,345,283,196,75
E01004565,Wandsworth 005A,E02000927,Wandsworth 005,E09000032,Wandsworth,1672,236,488,541,274,133,777,125,179,265,143,65,895,111,309,276,131,68
E01004566,Wandsworth 001B,E02000923,Wandsworth 001,E09000032,Wandsworth,1734,235,401,503,384,211,813,119,181,225,194,94,921,116,220,278,190,117
E01004567,Wandsworth 002E,E02000924,Wandsworth 002,E09000032,Wandsworth,2457,578,472,805,448,154,1146,296,198,400,198,54,1311,282,274,405,250,100
E01004568,Wandsworth 013A,E02000935,Wandsworth 013,E09000032,Wandsworth,1850,350,832,291,270,107,801,165,285,138,162,51,1049,185,547,153,108,56
E01004569,Wandsworth 023A,E02000945,Wandsworth 023,E09000032,Wandsworth,2497,447,834,509,458,249,1147,222,340,279,214,92,1350,225,494,230,244,157
E01004570,Wandsworth 023B,E02000945,Wandsworth 023,E09000032,Wandsworth,2003,416,525,500,371,191,995,229,218,278,171,99,1008,187,307,222,200,92
E01004571,Wandsworth 023C,E02000945,Wandsworth 023,E09000032,Wandsworth,2172,449,592,604,337,190,1088,226,257,337,168,100,1084,223,335,267,169,90
E01004572,Wandsworth 016A,E02000938,Wandsworth 016,E09000032,Wandsworth,1956,392,487,443,389,245,930,216,203,210,194,107,1026,176,284,233,195,138
E01004573,Wandsworth 023D,E02000945,Wandsworth 023,E09000032,Wandsworth,1790,337,359,464,444,186,897,178,191,235,215,78,893,159,168,229,229,108
E01004574,Wandsworth 013B,E02000935,Wandsworth 013,E09000032,Wandsworth,1901,595,432,403,358,113,855,278,186,168,173,50,1046,317,246,235,185,63
E01004575,Wandsworth 013C,E02000935,Wandsworth 013,E09000032,Wandsworth,1758,322,309,420,339,368,856,170,142,216,161,167,902,152,167,204,178,201
E01004576,Wandsworth 013D,E02000935,Wandsworth 013,E09000032,Wandsworth,1641,417,357,345,373,149,852,244,163,190,193,62,789,173,194,155,180,87
E01004577,Wandsworth 003C,E02000925,Wandsworth 003,E09000032,Wandsworth,2054,312,497,534,484,227,989,167,203,282,229,108,1065,145,294,252,255,119
E01004579,Wandsworth 004B,E02000926,Wandsworth 004,E09000032,Wandsworth,1716,284,322,442,459,209,848,134,185,221,218,90,868,150,137,221,241,119
E01004580,Wandsworth 004C,E02000926,Wandsworth 004,E09000032,Wandsworth,2128,325,626,641,368,168,989,157,280,294,195,63,1139,168,346,347,173,105
E01004581,Wandsworth 004D,E02000926,Wandsworth 004,E09000032,Wandsworth,1883,227,466,552,372,266,873,97,205,271,179,121,1010,130,261,281,193,145
E01004582,Wandsworth 001C,E02000923,Wandsworth 001,E09000032,Wandsworth,2365,335,481,561,576,412,1194,192,227,282,311,182,1171,143,254,279,265,230
E01004583,Wandsworth 001D,E02000923,Wandsworth 001,E09000032,Wandsworth,1995,299,310,499,448,439,969,177,141,236,225,190,1026,122,169,263,223,249
E01004584,Wandsworth 003D,E02000925,Wandsworth 003,E09000032,Wandsworth,1821,421,377,428,452,143,873,232,191,175,204,71,948,189,186,253,248,72
E01004585,Wandsworth 008D,E02000930,Wandsworth 008,E09000032,Wandsworth,1960,205,601,645,357,152,920,102,241,345,178,54,1040,103,360,300,179,98
E01004586,Wandsworth 009C,E02000931,Wandsworth 009,E09000032,Wandsworth,2053,262,584,804,318,85,1022,136,251,447,149,39,1031,126,333,357,169,46
E01004587,Wandsworth 009D,E02000931,Wandsworth 009,E09000032,Wandsworth,1995,366,451,664,381,133,997,189,206,353,188,61,998,177,245,311,193,72
E01004588,Wandsworth 008E,E02000930,Wandsworth 008,E09000032,Wandsworth,1995,259,595,713,306,122,1000,130,255,406,159,50,995,129,340,307,147,72
E01004589,Wandsworth 009E,E02000931,Wandsworth 009,E09000032,Wandsworth,1952,319,512,679,328,114,1030,185,255,372,167,51,922,134,257,307,161,63
E01004590,Wandsworth 005B,E02000927,Wandsworth 005,E09000032,Wandsworth,1910,331,377,495,447,260,926,175,179,237,225,110,984,156,198,258,222,150
E01004591,Wandsworth 005C,E02000927,Wandsworth 005,E09000032,Wandsworth,1937,223,569,628,351,166,966,104,261,357,173,71,971,119,308,271,178,95
E01004592,Wandsworth 005D,E02000927,Wandsworth 005,E09000032,Wandsworth,1747,257,355,541,369,225,806,134,138,277,177,80,941,123,217,264,192,145
E01004593,Wandsworth 025A,E02000947,Wandsworth 025,E09000032,Wandsworth,1858,390,306,630,336,196,827,173,110,306,160,78,1031,217,196,324,176,118
E01004594,Wandsworth 020D,E02000942,Wandsworth 020,E09000032,Wandsworth,1601,382,249,384,388,198,744,186,120,165,190,83,857,196,129,219,198,115
E01004595,Wandsworth 025B,E02000947,Wandsworth 025,E09000032,Wandsworth,1808,386,299,590,365,168,832,203,132,256,168,73,976,183,167,334,197,95
E01004596,Wandsworth 020E,E02000942,Wandsworth 020,E09000032,Wandsworth,1592,367,209,461,372,183,758,200,99,212,163,84,834,167,110,249,209,99
E01004597,Wandsworth 025C,E02000947,Wandsworth 025,E09000032,Wandsworth,1835,486,213,532,441,163,851,257,84,242,202,66,984,229,129,290,239,97
E01004598,Wandsworth 025D,E02000947,Wandsworth 025,E09000032,Wandsworth,1952,398,268,859,317,110,927,212,115,383,159,58,1025,186,153,476,158,52
E01004599,Wandsworth 025E,E02000947,Wandsworth 025,E09000032,Wandsworth,1617,467,135,449,386,180,744,217,56,210,182,79,873,250,79,239,204,101
E01004600,Wandsworth 018C,E02000940,Wandsworth 018,E09000032,Wandsworth,2673,507,544,1007,451,164,1266,270,250,433,234,79,1407,237,294,574,217,85
E01004601,Wandsworth 018D,E02000940,Wandsworth 018,E09000032,Wandsworth,2383,431,415,903,428,206,1178,237,183,477,188,93,1205,194,232,426,240,113
E01004602,Wandsworth 010C,E02000932,Wandsworth 010,E09000032,Wandsworth,1684,285,365,535,345,154,768,126,148,245,187,62,916,159,217,290,158,92
E01004604,Wandsworth 006A,E02000928,Wandsworth 006,E09000032,Wandsworth,1638,356,263,329,455,235,775,173,109,153,218,122,863,183,154,176,237,113
E01004605,Wandsworth 006B,E02000928,Wandsworth 006,E09000032,Wandsworth,1755,348,245,428,428,306,809,162,120,206,187,134,946,186,125,222,241,172
E01004606,Wandsworth 006C,E02000928,Wandsworth 006,E09000032,Wandsworth,1689,321,317,557,334,160,833,184,159,249,171,70,856,137,158,308,163,90
E01004607,Wandsworth 006D,E02000928,Wandsworth 006,E09000032,Wandsworth,1795,368,287,481,436,223,834,162,148,226,203,95,961,206,139,255,233,128
E01004608,Wandsworth 006E,E02000928,Wandsworth 006,E09000032,Wandsworth,1699,235,340,528,372,224,812,133,142,258,177,102,887,102,198,270,195,122
E01004609,Wandsworth 010E,E02000932,Wandsworth 010,E09000032,Wandsworth,2092,275,584,677,375,181,982,125,259,334,192,72,1110,150,325,343,183,109
E01004610,Wandsworth 033C,E02000955,Wandsworth 033,E09000032,Wandsworth,1891,271,536,504,351,229,956,145,253,265,175,118,935,126,283,239,176,111
E01004611,Wandsworth 032B,E02000954,Wandsworth 032,E09000032,Wandsworth,1531,280,327,436,282,206,714,146,123,214,132,99,817,134,204,222,150,107
E01004612,Wandsworth 032C,E02000954,Wandsworth 032,E09000032,Wandsworth,1648,288,389,471,299,201,751,149,161,216,144,81,897,139,228,255,155,120
E01004613,Wandsworth 033D,E02000955,Wandsworth 033,E09000032,Wandsworth,1510,271,351,419,286,183,675,123,143,183,138,88,835,148,208,236,148,95
E01004614,Wandsworth 034A,E02000956,Wandsworth 034,E09000032,Wandsworth,2204,369,615,650,387,183,962,202,206,285,182,87,1242,167,409,365,205,96
E01004615,Wandsworth 034B,E02000956,Wandsworth 034,E09000032,Wandsworth,1807,451,350,466,384,156,874,248,148,228,178,72,933,203,202,238,206,84
E01004616,Wandsworth 034C,E02000956,Wandsworth 034,E09000032,Wandsworth,2174,295,752,702,287,138,1011,148,302,342,162,57,1163,147,450,360,125,81
E01004617,Wandsworth 034D,E02000956,Wandsworth 034,E09000032,Wandsworth,1975,256,678,584,303,154,912,122,273,305,145,67,1063,134,405,279,158,87
E01004618,Wandsworth 032D,E02000954,Wandsworth 032,E09000032,Wandsworth,1465,265,383,380,258,179,694,149,172,185,126,62,771,116,211,195,132,117
E01004619,Wandsworth 015E,E02000937,Wandsworth 015,E09000032,Wandsworth,1462,323,317,276,427,119,698,139,161,146,189,63,764,184,156,130,238,56
E01004620,Wandsworth 019C,E02000941,Wandsworth 019,E09000032,Wandsworth,1743,373,274,583,360,153,868,216,120,290,171,71,875,157,154,293,189,82
E01004621,Wandsworth 019D,E02000941,Wandsworth 019,E09000032,Wandsworth,1681,319,321,495,389,157,816,166,139,251,191,69,865,153,182,244,198,88
E01004622,Wandsworth 024D,E02000946,Wandsworth 024,E09000032,Wandsworth,1925,209,380,753,436,147,1329,103,273,550,319,84,596,106,107,203,117,63
E01004623,Wandsworth 019E,E02000941,Wandsworth 019,E09000032,Wandsworth,1737,391,311,558,338,139,793,194,126,268,160,45,944,197,185,290,178,94
E01004624,Wandsworth 024E,E02000946,Wandsworth 024,E09000032,Wandsworth,1520,319,271,466,328,136,686,151,132,214,132,57,834,168,139,252,196,79
E01004625,Wandsworth 027E,E02000949,Wandsworth 027,E09000032,Wandsworth,1420,340,170,240,419,251,697,196,76,120,190,115,723,144,94,120,229,136
E01004626,Wandsworth 027F,E02000949,Wandsworth 027,E09000032,Wandsworth,1884,357,345,534,486,162,928,176,162,274,254,62,956,181,183,260,232,100
E01004627,Wandsworth 019F,E02000941,Wandsworth 019,E09000032,Wandsworth,1711,390,277,506,378,160,816,184,123,251,194,64,895,206,154,255,184,96
E01004628,Wandsworth 022A,E02000944,Wandsworth 022,E09000032,Wandsworth,2296,363,390,817,514,212,1164,189,206,421,253,95,1132,174,184,396,261,117
E01004629,Wandsworth 020F,E02000942,Wandsworth 020,E09000032,Wandsworth,1619,311,274,363,415,256,780,166,120,192,196,106,839,145,154,171,219,150
E01004630,Wandsworth 022B,E02000944,Wandsworth 022,E09000032,Wandsworth,1779,427,311,490,387,164,792,205,140,213,163,71,987,222,171,277,224,93
E01004631,Wandsworth 022C,E02000944,Wandsworth 022,E09000032,Wandsworth,1674,362,286,485,351,190,793,187,139,229,166,72,881,175,147,256,185,118
E01004632,Wandsworth 028A,E02000950,Wandsworth 028,E09000032,Wandsworth,1506,306,299,395,355,151,670,151,137,187,152,43,836,155,162,208,203,108
E01004633,Wandsworth 022D,E02000944,Wandsworth 022,E09000032,Wandsworth,1537,340,337,366,344,150,735,193,153,166,158,65,802,147,184,200,186,85
E01004634,Wandsworth 028B,E02000950,Wandsworth 028,E09000032,Wandsworth,1431,255,244,466,282,184,669,142,102,232,122,71,762,113,142,234,160,113
E01004635,Wandsworth 028C,E02000950,Wandsworth 028,E09000032,Wandsworth,1553,316,257,456,341,183,738,162,117,214,177,68,815,154,140,242,164,115
E01004636,Wandsworth 028D,E02000950,Wandsworth 028,E09000032,Wandsworth,1563,302,256,442,407,156,749,162,125,191,209,62,814,140,131,251,198,94
E01004637,Wandsworth 028E,E02000950,Wandsworth 028,E09000032,Wandsworth,1466,302,245,417,316,186,722,166,124,193,158,81,744,136,121,224,158,105
E01004638,Wandsworth 011B,E02000933,Wandsworth 011,E09000032,Wandsworth,1487,297,231,234,459,266,696,118,121,113,230,114,791,179,110,121,229,152
E01004639,Wandsworth 011C,E02000933,Wandsworth 011,E09000032,Wandsworth,1730,292,347,500,354,237,855,154,167,254,175,105,875,138,180,246,179,132
E01004640,Wandsworth 011D,E02000933,Wandsworth 011,E09000032,Wandsworth,1723,286,314,480,403,240,825,147,151,240,183,104,898,139,163,240,220,136
E01004641,Wandsworth 011E,E02000933,Wandsworth 011,E09000032,Wandsworth,1938,358,276,469,510,325,934,182,126,211,250,165,1004,176,150,258,260,160
E01004642,Wandsworth 016B,E02000938,Wandsworth 016,E09000032,Wandsworth,2275,495,455,578,468,279,1041,263,191,275,231,81,1234,232,264,303,237,198
E01004643,Wandsworth 016C,E02000938,Wandsworth 016,E09000032,Wandsworth,2426,513,411,713,530,259,1137,263,197,317,249,111,1289,250,214,396,281,148
E01004644,Wandsworth 016D,E02000938,Wandsworth 016,E09000032,Wandsworth,2467,464,355,725,565,358,1200,248,183,377,254,138,1267,216,172,348,311,220
E01004645,Wandsworth 016E,E02000938,Wandsworth 016,E09000032,Wandsworth,2163,441,396,546,468,312,1031,237,172,265,235,122,1132,204,224,281,233,190
E01004646,Westminster 002A,E02000961,Westminster 002,E09000033,Westminster,2296,647,315,428,646,260,1205,379,158,216,314,138,1091,268,157,212,332,122
E01004647,Westminster 001A,E02000960,Westminster 001,E09000033,Westminster,2083,423,291,468,545,356,1028,238,151,244,248,147,1055,185,140,224,297,209
E01004648,Westminster 002B,E02000961,Westminster 002,E09000033,Westminster,3006,599,520,879,674,334,1548,299,267,502,331,149,1458,300,253,377,343,185
E01004649,Westminster 001B,E02000960,Westminster 001,E09000033,Westminster,2510,645,448,571,482,364,1300,329,272,285,241,173,1210,316,176,286,241,191
E01004650,Westminster 002C,E02000961,Westminster 002,E09000033,Westminster,2882,698,437,723,683,341,1493,376,238,355,375,149,1389,322,199,368,308,192
E01004651,Westminster 003A,E02000962,Westminster 003,E09000033,Westminster,2990,665,427,1023,522,353,1527,331,210,542,281,163,1463,334,217,481,241,190
E01004652,Westminster 017A,E02000976,Westminster 017,E09000033,Westminster,2176,304,535,807,302,228,1111,173,256,464,130,88,1065,131,279,343,172,140
E01004653,Westminster 014A,E02000973,Westminster 014,E09000033,Westminster,2161,462,291,560,528,320,1075,227,172,285,229,162,1086,235,119,275,299,158
E01004654,Westminster 014B,E02000973,Westminster 014,E09000033,Westminster,2902,489,461,1013,630,309,1535,244,222,590,325,154,1367,245,239,423,305,155
E01004656,Westminster 014D,E02000973,Westminster 014,E09000033,Westminster,2509,405,446,794,594,270,1340,198,230,464,323,125,1169,207,216,330,271,145
E01004657,Westminster 012A,E02000971,Westminster 012,E09000033,Westminster,1720,221,279,538,426,256,983,116,165,360,209,133,737,105,114,178,217,123
E01004658,Westminster 012B,E02000971,Westminster 012,E09000033,Westminster,1991,200,828,514,272,177,1096,104,437,305,163,87,895,96,391,209,109,90
E01004659,Westminster 008A,E02000967,Westminster 008,E09000033,Westminster,2338,221,753,713,402,249,1176,104,410,367,193,102,1162,117,343,346,209,147
E01004660,Westminster 008B,E02000967,Westminster 008,E09000033,Westminster,2572,455,691,622,500,304,1336,200,386,313,269,168,1236,255,305,309,231,136
E01004661,Westminster 012C,E02000971,Westminster 012,E09000033,Westminster,2571,349,653,766,577,226,1483,199,365,451,350,118,1088,150,288,315,227,108
E01004662,Westminster 012D,E02000971,Westminster 012,E09000033,Westminster,2356,291,677,640,500,248,1306,156,385,359,281,125,1050,135,292,281,219,123
E01004663,Westminster 012E,E02000971,Westminster 012,E09000033,Westminster,1881,317,299,449,470,346,978,163,171,225,255,164,903,154,128,224,215,182
E01004665,Westminster 024A,E02000983,Westminster 024,E09000033,Westminster,1775,400,377,347,412,239,864,207,194,183,191,89,911,193,183,164,221,150
E01004666,Westminster 023B,E02000982,Westminster 023,E09000033,Westminster,1182,187,163,242,350,240,566,86,93,116,177,94,616,101,70,126,173,146
E01004667,Westminster 023C,E02000982,Westminster 023,E09000033,Westminster,1728,330,229,459,438,272,917,187,111,264,234,121,811,143,118,195,204,151
E01004668,Westminster 023D,E02000982,Westminster 023,E09000033,Westminster,1676,364,345,337,343,287,774,156,164,171,174,109,902,208,181,166,169,178
E01004669,Westminster 024B,E02000983,Westminster 024,E09000033,Westminster,1854,314,398,436,465,241,950,147,229,252,213,109,904,167,169,184,252,132
E01004670,Westminster 009A,E02000968,Westminster 009,E09000033,Westminster,2971,754,577,498,650,492,1447,388,306,260,299,194,1524,366,271,238,351,298
E01004674,Westminster 005A,E02000964,Westminster 005,E09000033,Westminster,2272,533,422,495,534,288,1126,265,217,285,239,120,1146,268,205,210,295,168
E01004675,Westminster 005B,E02000964,Westminster 005,E09000033,Westminster,2560,493,481,682,566,338,1297,277,250,352,259,159,1263,216,231,330,307,179
E01004676,Westminster 006A,E02000965,Westminster 006,E09000033,Westminster,1852,378,348,540,427,159,972,227,173,303,210,59,880,151,175,237,217,100
E01004677,Westminster 005C,E02000964,Westminster 005,E09000033,Westminster,2035,366,340,613,460,256,1025,166,172,332,245,110,1010,200,168,281,215,146
E01004678,Westminster 005D,E02000964,Westminster 005,E09000033,Westminster,2137,442,420,615,466,194,1105,251,231,320,216,87,1032,191,189,295,250,107
E01004679,Westminster 005E,E02000964,Westminster 005,E09000033,Westminster,2403,484,415,626,649,229,1184,255,192,335,299,103,1219,229,223,291,350,126
E01004680,Westminster 015A,E02000974,Westminster 015,E09000033,Westminster,1581,243,238,395,380,325,802,121,133,218,199,131,779,122,105,177,181,194
E01004681,Westminster 016A,E02000975,Westminster 016,E09000033,Westminster,2483,334,642,848,448,211,1367,150,375,483,248,111,1116,184,267,365,200,100
E01004682,Westminster 016B,E02000975,Westminster 016,E09000033,Westminster,2330,180,1004,642,326,178,1355,104,548,426,203,74,975,76,456,216,123,104
E01004683,Westminster 015B,E02000974,Westminster 015,E09000033,Westminster,1855,268,337,485,470,295,973,113,177,269,240,174,882,155,160,216,230,121
E01004684,Westminster 015C,E02000974,Westminster 015,E09000033,Westminster,1962,276,731,448,278,229,1139,141,446,296,142,114,823,135,285,152,136,115
E01004686,Westminster 015E,E02000974,Westminster 015,E09000033,Westminster,1683,234,289,544,374,242,1001,149,155,342,217,138,682,85,134,202,157,104
E01004687,Westminster 019A,E02000978,Westminster 019,E09000033,Westminster,1899,275,194,400,676,354,1001,171,110,230,316,174,898,104,84,170,360,180
E01004688,Westminster 019B,E02000978,Westminster 019,E09000033,Westminster,3073,168,2025,365,285,230,1769,107,1147,254,140,121,1304,61,878,111,145,109
E01004689,Westminster 019C,E02000978,Westminster 019,E09000033,Westminster,1715,280,450,366,431,188,1046,161,357,198,226,104,669,119,93,168,205,84
E01004690,Westminster 019D,E02000978,Westminster 019,E09000033,Westminster,1862,359,254,403,569,277,938,197,138,216,246,141,924,162,116,187,323,136
E01004691,Westminster 019E,E02000978,Westminster 019,E09000033,Westminster,1844,237,361,437,520,289,1003,92,204,284,292,131,841,145,157,153,228,158
E01004692,Westminster 019F,E02000978,Westminster 019,E09000033,Westminster,1746,297,223,494,429,303,921,154,114,298,190,165,825,143,109,196,239,138
E01004693,Westminster 017B,E02000976,Westminster 017,E09000033,Westminster,1819,319,367,515,393,225,969,157,214,267,209,122,850,162,153,248,184,103
E01004694,Westminster 016C,E02000975,Westminster 016,E09000033,Westminster,2283,318,471,846,445,203,1270,170,260,501,228,111,1013,148,211,345,217,92
E01004695,Westminster 017C,E02000976,Westminster 017,E09000033,Westminster,1551,158,519,464,262,148,831,105,282,254,136,54,720,53,237,210,126,94
E01004696,Westminster 017D,E02000976,Westminster 017,E09000033,Westminster,1804,314,339,485,420,246,915,154,175,265,215,106,889,160,164,220,205,140
E01004697,Westminster 016D,E02000975,Westminster 016,E09000033,Westminster,1903,285,432,610,397,179,996,154,244,325,201,72,907,131,188,285,196,107
E01004698,Westminster 017E,E02000976,Westminster 017,E09000033,Westminster,2030,283,527,643,401,176,1112,148,301,371,200,92,918,135,226,272,201,84
E01004699,Westminster 017F,E02000976,Westminster 017,E09000033,Westminster,2572,337,585,940,507,203,1385,145,331,569,238,102,1187,192,254,371,269,101
E01004700,Westminster 016E,E02000975,Westminster 016,E09000033,Westminster,2192,385,434,712,466,195,1148,176,246,396,233,97,1044,209,188,316,233,98
E01004701,Westminster 007A,E02000966,Westminster 007,E09000033,Westminster,1875,391,202,576,445,261,924,206,110,294,203,111,951,185,92,282,242,150
E01004702,Westminster 009E,E02000968,Westminster 009,E09000033,Westminster,2878,626,679,586,656,331,1467,340,351,330,314,132,1411,286,328,256,342,199
E01004703,Westminster 007B,E02000966,Westminster 007,E09000033,Westminster,2890,639,420,668,788,375,1484,325,216,357,397,189,1406,314,204,311,391,186
E01004705,Westminster 007D,E02000966,Westminster 007,E09000033,Westminster,1853,365,290,555,408,235,1020,198,170,320,198,134,833,167,120,235,210,101
E01004706,Westminster 006B,E02000965,Westminster 006,E09000033,Westminster,1785,353,324,635,316,157,872,143,159,339,153,78,913,210,165,296,163,79
E01004707,Westminster 006C,E02000965,Westminster 006,E09000033,Westminster,2253,459,456,627,514,197,1210,253,260,333,275,89,1043,206,196,294,239,108
E01004708,Westminster 006D,E02000965,Westminster 006,E09000033,Westminster,1757,257,318,568,409,205,882,125,166,308,218,65,875,132,152,260,191,140
E01004709,Westminster 007E,E02000966,Westminster 007,E09000033,Westminster,1877,371,349,521,442,194,924,178,183,280,211,72,953,193,166,241,231,122
E01004710,Westminster 002D,E02000961,Westminster 002,E09000033,Westminster,1603,347,313,355,364,224,799,183,172,168,172,104,804,164,141,187,192,120
E01004711,Westminster 002E,E02000961,Westminster 002,E09000033,Westminster,2172,522,410,572,438,230,1054,270,191,283,204,106,1118,252,219,289,234,124
E01004712,Westminster 008C,E02000967,Westminster 008,E09000033,Westminster,2377,278,789,601,432,277,1338,170,476,337,235,120,1039,108,313,264,197,157
E01004713,Westminster 011A,E02000970,Westminster 011,E09000033,Westminster,2356,394,403,625,614,320,1277,208,208,369,306,186,1079,186,195,256,308,134
E01004714,Westminster 011B,E02000970,Westminster 011,E09000033,Westminster,2629,326,615,805,567,316,1400,168,308,446,319,159,1229,158,307,359,248,157
E01004715,Westminster 013A,E02000972,Westminster 013,E09000033,Westminster,2875,361,1183,612,460,259,1435,164,558,339,256,118,1440,197,625,273,204,141
E01004716,Westminster 011C,E02000970,Westminster 011,E09000033,Westminster,1953,343,347,552,449,262,1019,148,188,342,214,127,934,195,159,210,235,135
E01004717,Westminster 011D,E02000970,Westminster 011,E09000033,Westminster,1985,207,554,572,418,234,1076,89,301,353,226,107,909,118,253,219,192,127
E01004718,Westminster 004A,E02000963,Westminster 004,E09000033,Westminster,2068,422,370,521,478,277,992,215,185,255,215,122,1076,207,185,266,263,155
E01004719,Westminster 004B,E02000963,Westminster 004,E09000033,Westminster,2112,496,335,477,539,265,1036,263,173,248,232,120,1076,233,162,229,307,145
E01004720,Westminster 004C,E02000963,Westminster 004,E09000033,Westminster,2174,514,380,466,513,301,1083,277,213,256,227,110,1091,237,167,210,286,191
E01004721,Westminster 004D,E02000963,Westminster 004,E09000033,Westminster,2238,560,334,531,517,296,1116,286,165,309,241,115,1122,274,169,222,276,181
E01004722,Westminster 004E,E02000963,Westminster 004,E09000033,Westminster,2603,642,576,519,622,244,1264,313,299,281,275,96,1339,329,277,238,347,148
E01004723,Westminster 005F,E02000964,Westminster 005,E09000033,Westminster,2560,552,498,747,560,203,1288,310,249,401,246,82,1272,242,249,346,314,121
E01004724,Westminster 001C,E02000960,Westminster 001,E09000033,Westminster,2319,413,420,646,515,325,1199,237,213,345,269,135,1120,176,207,301,246,190
E01004725,Westminster 003B,E02000962,Westminster 003,E09000033,Westminster,1740,310,368,425,403,234,881,163,187,237,190,104,859,147,181,188,213,130
E01004726,Westminster 003C,E02000962,Westminster 003,E09000033,Westminster,2306,445,365,592,549,355,1198,237,183,322,292,164,1108,208,182,270,257,191
E01004727,Westminster 008D,E02000967,Westminster 008,E09000033,Westminster,3862,616,1059,1025,767,395,1951,296,584,533,369,169,1911,320,475,492,398,226
E01004728,Westminster 003D,E02000962,Westminster 003,E09000033,Westminster,2025,346,370,506,426,377,1020,179,188,268,214,171,1005,167,182,238,212,206
E01004729,Westminster 003E,E02000962,Westminster 003,E09000033,Westminster,2040,333,313,427,473,494,1014,132,152,252,247,231,1026,201,161,175,226,263
E01004730,Westminster 001D,E02000960,Westminster 001,E09000033,Westminster,2262,422,367,580,487,406,1107,200,208,295,241,163,1155,222,159,285,246,243
E01004731,Westminster 020A,E02000979,Westminster 020,E09000033,Westminster,2688,296,713,768,631,280,1552,172,392,467,355,166,1136,124,321,301,276,114
E01004732,Westminster 020B,E02000979,Westminster 020,E09000033,Westminster,1742,276,223,421,552,270,947,125,109,290,307,116,795,151,114,131,245,154
E01004733,Westminster 020C,E02000979,Westminster 020,E09000033,Westminster,3149,384,753,745,819,448,1834,208,455,465,467,239,1315,176,298,280,352,209
E01004734,Westminster 018A,E02000977,Westminster 018,E09000033,Westminster,1825,122,234,529,664,276,1057,67,114,355,398,123,768,55,120,174,266,153
E01004735,Westminster 018B,E02000977,Westminster 018,E09000033,Westminster,1426,178,73,344,564,267,814,96,27,207,352,132,612,82,46,137,212,135
E01004736,Westminster 018C,E02000977,Westminster 018,E09000033,Westminster,2155,186,516,521,582,350,1385,129,319,385,361,191,770,57,197,136,221,159
E01004737,Westminster 024C,E02000983,Westminster 024,E09000033,Westminster,1500,285,182,309,412,312,754,151,102,166,207,128,746,134,80,143,205,184
E01004738,Westminster 024D,E02000983,Westminster 024,E09000033,Westminster,1894,257,400,561,384,292,969,148,183,299,191,148,925,109,217,262,193,144
E01004739,Westminster 024E,E02000983,Westminster 024,E09000033,Westminster,1676,108,450,561,318,239,931,64,215,340,195,117,745,44,235,221,123,122
E01004740,Westminster 021A,E02000980,Westminster 021,E09000033,Westminster,1759,265,285,383,436,390,899,121,153,227,228,170,860,144,132,156,208,220
E01004741,Westminster 024F,E02000983,Westminster 024,E09000033,Westminster,1518,222,333,409,351,203,770,123,176,214,178,79,748,99,157,195,173,124
E01004742,Westminster 022A,E02000981,Westminster 022,E09000033,Westminster,1652,188,428,471,385,180,912,105,259,255,188,105,740,83,169,216,197,75
E01004743,Westminster 021B,E02000980,Westminster 021,E09000033,Westminster,1868,356,384,450,500,178,973,187,188,253,259,86,895,169,196,197,241,92
E01004744,Westminster 020D,E02000979,Westminster 020,E09000033,Westminster,1628,282,245,423,428,250,796,134,117,217,232,96,832,148,128,206,196,154
E01004745,Westminster 021C,E02000980,Westminster 021,E09000033,Westminster,3220,537,662,809,798,414,1718,295,392,435,392,204,1502,242,270,374,406,210
E01004746,Westminster 021D,E02000980,Westminster 021,E09000033,Westminster,1651,244,286,426,407,288,838,120,150,225,223,120,813,124,136,201,184,168
E01004747,Westminster 021E,E02000980,Westminster 021,E09000033,Westminster,2625,311,570,718,660,366,1396,174,287,440,332,163,1229,137,283,278,328,203
E01004748,Westminster 020E,E02000979,Westminster 020,E09000033,Westminster,1839,251,335,427,515,311,1130,165,190,281,318,176,709,86,145,146,197,135
E01004749,Westminster 022B,E02000981,Westminster 022,E09000033,Westminster,3182,484,888,811,686,313,1582,256,431,436,307,152,1600,228,457,375,379,161
E01004750,Westminster 023E,E02000982,Westminster 023,E09000033,Westminster,1779,185,320,461,427,386,1012,92,192,302,252,174,767,93,128,159,175,212
E01004751,Westminster 022C,E02000981,Westminster 022,E09000033,Westminster,2107,246,516,584,477,284,1168,126,317,361,235,129,939,120,199,223,242,155
E01004752,Westminster 022D,E02000981,Westminster 022,E09000033,Westminster,1823,195,405,490,495,238,948,70,228,293,242,115,875,125,177,197,253,123
E01004753,Westminster 022E,E02000981,Westminster 022,E09000033,Westminster,1948,217,449,525,491,266,1000,105,207,309,247,132,948,112,242,216,244,134
E01004754,Westminster 010A,E02000969,Westminster 010,E09000033,Westminster,1958,430,387,389,442,310,918,207,189,196,197,129,1040,223,198,193,245,181
E01004755,Westminster 010B,E02000969,Westminster 010,E09000033,Westminster,2847,633,454,805,722,233,1505,329,218,456,382,120,1342,304,236,349,340,113
E01004756,Westminster 006E,E02000965,Westminster 006,E09000033,Westminster,1950,401,388,679,361,121,994,205,207,367,151,64,956,196,181,312,210,57
E01004757,Westminster 010C,E02000969,Westminster 010,E09000033,Westminster,1930,469,407,431,430,193,928,254,214,206,187,67,1002,215,193,225,243,126
E01004760,Westminster 014E,E02000973,Westminster 014,E09000033,Westminster,1794,351,273,507,431,232,841,160,136,236,203,106,953,191,137,271,228,126
E01004761,Westminster 018D,E02000977,Westminster 018,E09000033,Westminster,2356,256,280,782,600,438,1333,102,153,506,357,215,1023,154,127,276,243,223
E01004762,Westminster 011E,E02000970,Westminster 011,E09000033,Westminster,2902,377,571,762,753,439,1754,240,382,476,448,208,1148,137,189,286,305,231
E01004763,Westminster 013B,E02000972,Westminster 013,E09000033,Westminster,3030,208,940,1047,706,129,1851,117,537,679,435,83,1179,91,403,368,271,46
E01004765,Westminster 013D,E02000972,Westminster 013,E09000033,Westminster,2687,361,504,858,643,321,1505,145,272,554,375,159,1182,216,232,304,268,162
E01033568,Kingston upon Thames 004F,E02000601,Kingston upon Thames 004,E09000021,Kingston upon Thames,3662,784,810,1226,633,209,1861,342,437,647,331,104,1801,442,373,579,302,105
E01033569,Kingston upon Thames 004G,E02000601,Kingston upon Thames 004,E09000021,Kingston upon Thames,2019,400,467,589,426,137,1051,217,233,287,249,65,968,183,234,302,177,72
E01033570,Richmond upon Thames 004G,E02000787,Richmond upon Thames 004,E09000027,Richmond upon Thames,2274,480,339,669,599,187,1188,246,184,305,357,96,1086,234,155,364,242,91
E01033571,Richmond upon Thames 004H,E02000787,Richmond upon Thames 004,E09000027,Richmond upon Thames,1531,329,189,322,442,249,704,135,92,147,218,112,827,194,97,175,224,137
E01032512,Westminster 010F,E02000969,Westminster 010,E09000033,Westminster,3051,794,542,711,717,287,1537,388,293,394,343,119,1514,406,249,317,374,168
E01032513,Westminster 010G,E02000969,Westminster 010,E09000033,Westminster,1394,307,255,340,291,201,714,171,133,199,133,78,680,136,122,141,158,123
E01032562,Bromley 040D,E02006782,Bromley 040,E09000006,Bromley,1611,420,252,338,422,179,741,204,124,149,189,75,870,216,128,189,233,104
E01032563,Bromley 040E,E02006782,Bromley 040,E09000006,Bromley,1512,275,178,241,378,440,686,123,86,106,191,180,826,152,92,135,187,260
E01032564,Lewisham 037E,E02006783,Lewisham 037,E09000023,Lewisham,1339,339,218,287,360,135,631,181,98,122,150,80,708,158,120,165,210,55
E01032565,Lewisham 038E,E02006784,Lewisham 038,E09000023,Lewisham,1629,403,217,385,413,211,842,233,117,211,192,89,787,170,100,174,221,122
E01032566,Bexley 029D,E02006785,Bexley 029,E09000004,Bexley,1893,352,328,434,485,294,925,171,172,232,224,126,968,181,156,202,261,168
E01032567,Greenwich 033D,E02006786,Greenwich 033,E09000011,Greenwich,1612,292,255,331,481,253,816,154,145,165,231,121,796,138,110,166,250,132
E01032568,Bromley 041E,E02006787,Bromley 041,E09000006,Bromley,1577,319,245,347,452,214,734,171,127,160,192,84,843,148,118,187,260,130
E01032569,Croydon 045E,E02006788,Croydon 045,E09000008,Croydon,1805,559,276,378,464,128,815,297,128,148,177,65,990,262,148,230,287,63
E01032570,Bromley 042D,E02006789,Bromley 042,E09000006,Bromley,1624,287,234,234,403,466,755,157,101,113,190,194,869,130,133,121,213,272
E01032572,Ealing 040D,E02006791,Ealing 040,E09000009,Ealing,1443,232,207,438,403,163,731,121,92,223,213,82,712,111,115,215,190,81
E01032573,Hounslow 029E,E02006792,Hounslow 029,E09000018,Hounslow,1719,250,317,520,381,251,886,134,173,281,194,104,833,116,144,239,187,147
E01032574,Enfield 037E,E02006793,Enfield 037,E09000010,Enfield,2303,631,462,473,522,215,1131,321,239,222,255,94,1172,310,223,251,267,121
E01032575,Haringey 037D,E02006794,Haringey 037,E09000014,Haringey,1995,512,346,424,531,182,974,249,174,214,262,75,1021,263,172,210,269,107
E01032576,Harrow 032E,E02006795,Harrow 032,E09000015,Harrow,1601,338,272,348,399,244,789,181,136,171,189,112,812,157,136,177,210,132
E01032577,Hillingdon 033E,E02006796,Hillingdon 033,E09000017,Hillingdon,1768,396,290,394,446,242,853,198,159,184,208,104,915,198,131,210,238,138
E01032579,Lewisham 039E,E02006798,Lewisham 039,E09000023,Lewisham,1948,332,496,597,448,75,962,176,198,319,229,40,986,156,298,278,219,35
E01032580,Barking and Dagenham 023F,E02006799,Barking and Dagenham 023,E09000002,Barking and Dagenham,1506,440,258,391,286,131,750,234,131,191,141,53,756,206,127,200,145,78
E01032581,Redbridge 034G,E02006800,Redbridge 034,E09000026,Redbridge,1999,448,453,465,490,143,997,223,248,234,223,69,1002,225,205,231,267,74
E01032582,Lambeth 036E,E02006801,Lambeth 036,E09000022,Lambeth,1987,272,458,625,437,195,1038,139,201,343,248,107,949,133,257,282,189,88
E01032583,Southwark 034D,E02006802,Southwark 034,E09000028,Southwark,1730,216,499,534,354,127,816,113,200,265,172,66,914,103,299,269,182,61
E01032584,Southwark 034E,E02006802,Southwark 034,E09000028,Southwark,1348,178,428,323,312,107,688,85,205,179,163,56,660,93,223,144,149,51
E01032623,Sutton 025E,E02006836,Sutton 025,E09000029,Sutton,1803,301,228,171,535,568,839,151,113,75,257,243,964,150,115,96,278,325
E01032637,Southwark 003F,E02000809,Southwark 003,E09000028,Southwark,1630,66,566,677,267,54,893,29,260,401,167,36,737,37,306,276,100,18
E01032638,Southwark 003G,E02000809,Southwark 003,E09000028,Southwark,1512,107,323,596,381,105,922,66,173,367,245,71,590,41,150,229,136,34
E01032639,Southwark 014F,E02000820,Southwark 014,E09000028,Southwark,2603,222,1089,825,324,143,1383,121,486,523,189,64,1220,101,603,302,135,79
E01032640,Southwark 003H,E02000809,Southwark 003,E09000028,Southwark,1556,111,306,654,393,92,952,68,189,406,234,55,604,43,117,248,159,37
E01032646,Southwark 003I,E02000809,Southwark 003,E09000028,Southwark,1725,213,455,666,303,88,969,110,257,398,163,41,756,103,198,268,140,47
E01032719,Southwark 014G,E02000820,Southwark 014,E09000028,Southwark,1909,279,496,615,396,123,1127,157,281,401,241,47,782,122,215,214,155,76
E01032720,Southwark 009F,E02000815,Southwark 009,E09000028,Southwark,1593,277,529,404,287,96,777,153,228,192,149,55,816,124,301,212,138,41
E01032722,Southwark 012F,E02000818,Southwark 012,E09000028,Southwark,2986,444,809,912,578,243,1447,231,381,451,272,112,1539,213,428,461,306,131
E01032739,City of London 001F,E02000001,City of London 001,E09000001,City of London,1688,230,578,480,331,69,1026,120,303,339,222,42,662,110,275,141,109,27
E01032740,City of London 001G,E02000001,City of London 001,E09000001,City of London,1742,151,578,335,505,173,973,108,229,208,338,90,769,43,349,127,167,83
E01032741,Havering 013E,E02000476,Havering 013,E09000016,Havering,2146,363,536,864,278,105,1086,203,244,453,143,43,1060,160,292,411,135,62
E01032742,Havering 013F,E02000476,Havering 013,E09000016,Havering,1593,286,272,347,367,321,761,140,129,185,188,119,832,146,143,162,179,202
E01032743,Ealing 010F,E02000247,Ealing 010,E09000009,Ealing,2360,727,390,622,469,152,1135,390,179,286,200,80,1225,337,211,336,269,72
E01032744,Ealing 010G,E02000247,Ealing 010,E09000009,Ealing,1564,418,194,375,353,224,754,220,89,196,179,70,810,198,105,179,174,154
E01032764,Tower Hamlets 004E,E02000867,Tower Hamlets 004,E09000030,Tower Hamlets,2449,339,641,1001,381,87,1290,196,301,519,233,41,1159,143,340,482,148,46
E01032765,Tower Hamlets 004F,E02000867,Tower Hamlets 004,E09000030,Tower Hamlets,1931,318,490,629,367,127,991,143,284,328,184,52,940,175,206,301,183,75
E01032766,Tower Hamlets 021E,E02000884,Tower Hamlets 021,E09000030,Tower Hamlets,3032,580,1071,904,413,64,1557,272,529,493,231,32,1475,308,542,411,182,32
E01032767,Tower Hamlets 021F,E02000884,Tower Hamlets 021,E09000030,Tower Hamlets,3206,129,1848,931,246,52,1736,74,957,543,141,21,1470,55,891,388,105,31
E01032768,Tower Hamlets 025E,E02000888,Tower Hamlets 025,E09000030,Tower Hamlets,1918,217,449,772,409,71,1151,105,280,468,265,33,767,112,169,304,144,38
E01032769,Tower Hamlets 025F,E02000888,Tower Hamlets 025,E09000030,Tower Hamlets,1606,232,355,554,377,88,885,135,187,304,224,35,721,97,168,250,153,53
E01032770,Tower Hamlets 032B,E02006853,Tower Hamlets 032,E09000030,Tower Hamlets,2269,360,662,846,306,95,1216,179,332,473,186,46,1053,181,330,373,120,49
E01032771,Tower Hamlets 033B,E02006854,Tower Hamlets 033,E09000030,Tower Hamlets,1852,324,415,677,361,75,1038,185,213,422,187,31,814,139,202,255,174,44
E01032772,Tower Hamlets 032C,E02006853,Tower Hamlets 032,E09000030,Tower Hamlets,1893,329,475,705,300,84,1033,174,251,416,162,30,860,155,224,289,138,54
E01032773,Tower Hamlets 032D,E02006853,Tower Hamlets 032,E09000030,Tower Hamlets,3607,442,909,1654,507,95,2219,240,495,1094,337,53,1388,202,414,560,170,42
E01032774,Tower Hamlets 032E,E02006853,Tower Hamlets 032,E09000030,Tower Hamlets,1665,436,311,563,269,86,830,237,127,284,141,41,835,199,184,279,128,45
E01032775,Tower Hamlets 031F,E02000894,Tower Hamlets 031,E09000030,Tower Hamlets,1406,270,249,550,253,84,778,127,124,330,147,50,628,143,125,220,106,34
E01032776,Tower Hamlets 028E,E02000891,Tower Hamlets 028,E09000030,Tower Hamlets,2958,464,902,1145,393,54,1617,203,543,648,188,35,1341,261,359,497,205,19
E01032777,Tower Hamlets 028F,E02000891,Tower Hamlets 028,E09000030,Tower Hamlets,1668,261,332,752,266,57,942,137,204,438,135,28,726,124,128,314,131,29
E01032778,Tower Hamlets 028G,E02000891,Tower Hamlets 028,E09000030,Tower Hamlets,3364,534,1353,1051,344,82,1842,297,671,604,212,58,1522,237,682,447,132,24
E01032779,Tower Hamlets 028H,E02000891,Tower Hamlets 028,E09000030,Tower Hamlets,2036,318,543,798,306,71,1175,163,312,458,214,28,861,155,231,340,92,43
E01032780,Tower Hamlets 028I,E02000891,Tower Hamlets 028,E09000030,Tower Hamlets,1896,257,534,707,307,91,1065,148,274,420,180,43,831,109,260,287,127,48
E01032781,Tower Hamlets 033C,E02006854,Tower Hamlets 033,E09000030,Tower Hamlets,1948,327,457,659,385,120,1072,166,233,382,246,45,876,161,224,277,139,75
E01032782,Tower Hamlets 033D,E02006854,Tower Hamlets 033,E09000030,Tower Hamlets,2696,291,712,1190,441,62,1680,150,439,757,298,36,1016,141,273,433,143,26
E01032783,Tower Hamlets 031G,E02000894,Tower Hamlets 031,E09000030,Tower Hamlets,1617,231,394,574,272,146,884,125,221,316,156,66,733,106,173,258,116,80
E01032784,Tower Hamlets 004G,E02000867,Tower Hamlets 004,E09000030,Tower Hamlets,2021,322,541,842,225,91,1033,187,253,455,106,32,988,135,288,387,119,59
E01032785,Tower Hamlets 010E,E02000873,Tower Hamlets 010,E09000030,Tower Hamlets,2783,681,505,1145,376,76,1502,372,260,617,236,17,1281,309,245,528,140,59
E01032786,Tower Hamlets 010F,E02000873,Tower Hamlets 010,E09000030,Tower Hamlets,1749,505,319,475,335,115,829,234,154,231,175,35,920,271,165,244,160,80
E01032787,Tower Hamlets 011F,E02000874,Tower Hamlets 011,E09000030,Tower Hamlets,2588,607,614,721,496,150,1341,305,315,400,258,63,1247,302,299,321,238,87
E01032788,Hammersmith and Fulham 023D,E02000394,Hammersmith and Fulham 023,E09000013,Hammersmith and Fulham,1389,316,291,434,264,84,643,155,115,221,127,25,746,161,176,213,137,59
E01032789,Hammersmith and Fulham 023E,E02000394,Hammersmith and Fulham 023,E09000013,Hammersmith and Fulham,1589,348,323,419,403,96,780,193,164,197,199,27,809,155,159,222,204,69
E01032790,Hammersmith and Fulham 023F,E02000394,Hammersmith and Fulham 023,E09000013,Hammersmith and Fulham,1440,303,250,368,353,166,724,167,113,165,203,76,716,136,137,203,150,90
E01032803,Southwark 003J,E02000809,Southwark 003,E09000028,Southwark,1447,147,430,598,225,47,799,70,245,323,135,26,648,77,185,275,90,21
E01032805,Southwark 022F,E02000828,Southwark 022,E09000028,Southwark,2695,509,652,640,651,243,1363,242,344,319,341,117,1332,267,308,321,310,126
E01032834,Southwark 003K,E02000809,Southwark 003,E09000028,Southwark,1395,81,285,528,383,118,824,41,179,321,244,39,571,40,106,207,139,79
E01033000,Hounslow 025F,E02000550,Hounslow 025,E09000018,Hounslow,1606,453,268,369,370,146,765,237,136,174,157,61,841,216,132,195,213,85
E01033030,Hounslow 025G,E02000550,Hounslow 025,E09000018,Hounslow,2152,683,225,918,255,71,1111,342,119,485,134,31,1041,341,106,433,121,40
E01033081,Hounslow 003F,E02000528,Hounslow 003,E09000018,Hounslow,1500,329,222,455,334,160,794,176,124,229,179,86,706,153,98,226,155,74
E01033082,Hounslow 003G,E02000528,Hounslow 003,E09000018,Hounslow,1214,205,130,280,311,288,597,120,67,122,158,130,617,85,63,158,153,158
E01033083,Hounslow 018F,E02000543,Hounslow 018,E09000018,Hounslow,2247,661,251,998,262,75,1231,329,117,568,171,46,1016,332,134,430,91,29
E01033084,Hounslow 018G,E02000543,Hounslow 018,E09000018,Hounslow,2389,594,351,814,440,190,1281,289,175,464,248,105,1108,305,176,350,192,85
E01033085,Haringey 020E,E02000416,Haringey 020,E09000014,Haringey,2426,447,447,998,416,118,1293,230,203,560,240,60,1133,217,244,438,176,58
E01033086,Haringey 020F,E02000416,Haringey 020,E09000014,Haringey,1268,262,226,275,360,145,622,135,118,143,169,57,646,127,108,132,191,88
E01033093,Wandsworth 010F,E02000932,Wandsworth 010,E09000032,Wandsworth,2969,470,423,1018,745,313,1578,239,188,541,458,152,1391,231,235,477,287,161
E01033098,Wandsworth 002F,E02000924,Wandsworth 002,E09000032,Wandsworth,2280,322,691,775,393,99,1216,164,405,371,208,68,1064,158,286,404,185,31
E01033099,Wandsworth 004E,E02000926,Wandsworth 004,E09000032,Wandsworth,1674,226,454,624,273,97,793,114,223,314,104,38,881,112,231,310,169,59
E01033100,Wandsworth 002G,E02000924,Wandsworth 002,E09000032,Wandsworth,1583,255,397,458,331,142,750,140,158,227,171,54,833,115,239,231,160,88
E01033101,Wandsworth 004F,E02000926,Wandsworth 004,E09000032,Wandsworth,2663,446,517,952,529,219,1419,279,236,472,298,134,1244,167,281,480,231,85
E01033132,Wandsworth 002H,E02000924,Wandsworth 002,E09000032,Wandsworth,1931,275,495,744,304,113,937,151,196,396,145,49,994,124,299,348,159,64
E01033133,Wandsworth 004G,E02000926,Wandsworth 004,E09000032,Wandsworth,1490,221,288,583,280,118,806,123,149,322,160,52,684,98,139,261,120,66
E01033135,Wandsworth 010G,E02000932,Wandsworth 010,E09000032,Wandsworth,1144,271,208,361,222,82,541,122,93,181,114,31,603,149,115,180,108,51
E01033146,Enfield 025F,E02000301,Enfield 025,E09000010,Enfield,1745,479,384,371,407,104,822,237,191,162,179,53,923,242,193,209,228,51
E01033148,Enfield 003F,E02000279,Enfield 003,E09000010,Enfield,2014,518,452,430,466,148,959,270,229,183,211,66,1055,248,223,247,255,82
E01033150,Enfield 003G,E02000279,Enfield 003,E09000010,Enfield,1931,584,410,469,392,76,971,315,216,210,194,36,960,269,194,259,198,40
E01033151,Enfield 025G,E02000301,Enfield 025,E09000010,Enfield,1271,326,258,249,300,138,610,179,125,115,131,60,661,147,133,134,169,78
E01033153,Waltham Forest 020G,E02000914,Waltham Forest 020,E09000031,Waltham Forest,2899,786,543,721,610,239,1369,397,276,322,271,103,1530,389,267,399,339,136
E01033207,Lambeth 004F,E02000621,Lambeth 004,E09000022,Lambeth,3076,354,1196,767,519,240,1439,202,459,400,268,110,1637,152,737,367,251,130
E01033208,Lambeth 004G,E02000621,Lambeth 004,E09000022,Lambeth,2440,323,560,885,551,121,1353,161,262,546,313,71,1087,162,298,339,238,50
E01033320,Lewisham 017E,E02000669,Lewisham 017,E09000023,Lewisham,1835,323,287,581,466,178,920,147,146,323,237,67,915,176,141,258,229,111
E01033322,Lewisham 017F,E02000669,Lewisham 017,E09000023,Lewisham,1426,226,257,645,239,59,789,128,122,371,132,36,637,98,135,274,107,23
E01033324,Lewisham 008E,E02000660,Lewisham 008,E09000023,Lewisham,1604,286,348,401,372,197,723,145,119,191,184,84,881,141,229,210,188,113
E01033325,Lewisham 008F,E02000660,Lewisham 008,E09000023,Lewisham,1616,113,450,815,192,46,966,69,226,524,120,27,650,44,224,291,72,19
E01033327,Lewisham 012F,E02000664,Lewisham 012,E09000023,Lewisham,2077,274,519,775,355,154,1027,125,216,433,192,61,1050,149,303,342,163,93
E01033341,Lewisham 012G,E02000664,Lewisham 012,E09000023,Lewisham,1311,370,217,363,270,91,668,211,88,188,133,48,643,159,129,175,137,43
E01033424,Brent 017F,E02000109,Brent 017,E09000005,Brent,5736,847,2681,1498,600,110,3207,458,1503,844,350,52,2529,389,1178,654,250,58
E01033455,Brent 031G,E02000123,Brent 031,E09000005,Brent,1518,272,275,393,445,133,844,137,157,229,252,69,674,135,118,164,193,64
E01033456,Brent 027F,E02000119,Brent 027,E09000005,Brent,2391,676,507,399,541,268,1139,370,267,167,223,112,1252,306,240,232,318,156
E01033457,Brent 017G,E02000109,Brent 017,E09000005,Brent,1657,399,191,466,420,181,884,192,96,283,232,81,773,207,95,183,188,100
E01033463,Brent 003G,E02000095,Brent 003,E09000005,Brent,2842,524,429,542,613,734,1423,274,243,297,287,322,1419,250,186,245,326,412
E01033464,Brent 010F,E02000102,Brent 010,E09000005,Brent,2855,738,568,492,678,379,1483,341,326,271,372,173,1372,397,242,221,306,206
E01033485,Brent 031H,E02000123,Brent 031,E09000005,Brent,2140,424,443,512,533,228,1048,189,248,251,263,97,1092,235,195,261,270,131
E01033486,Islington 011E,E02000564,Islington 011,E09000019,Islington,1127,193,369,287,223,55,543,111,169,143,103,17,584,82,200,144,120,38
E01033487,Islington 011F,E02000564,Islington 011,E09000019,Islington,1520,183,500,631,168,38,815,98,235,363,99,20,705,85,265,268,69,18
E01033488,Islington 011G,E02000564,Islington 011,E09000019,Islington,2756,218,1665,532,240,101,1095,113,557,259,133,33,1661,105,1108,273,107,68
E01033489,Islington 022G,E02000575,Islington 022,E09000019,Islington,3085,162,1700,705,449,69,1487,83,681,409,276,38,1598,79,1019,296,173,31
E01033490,Islington 022H,E02000575,Islington 022,E09000019,Islington,2177,188,1243,402,224,120,1004,111,508,195,123,67,1173,77,735,207,101,53
E01033491,Islington 011H,E02000564,Islington 011,E09000019,Islington,2520,215,997,762,402,144,1310,120,454,439,223,74,1210,95,543,323,179,70
E01033492,Islington 011I,E02000564,Islington 011,E09000019,Islington,2749,515,704,1163,289,78,1434,273,367,615,153,26,1315,242,337,548,136,52
E01033493,Islington 006F,E02000559,Islington 006,E09000019,Islington,1899,248,418,927,242,64,1178,143,233,585,180,37,721,105,185,342,62,27
E01033494,Islington 006G,E02000559,Islington 006,E09000019,Islington,1753,312,423,465,380,173,872,152,220,227,198,75,881,160,203,238,182,98
E01033572,Barnet 030E,E02000053,Barnet 030,E09000003,Barnet,4048,860,946,1153,819,270,2066,459,460,583,424,140,1982,401,486,570,395,130
E01033573,Barnet 030F,E02000053,Barnet 030,E09000003,Barnet,3303,535,1003,1153,460,152,1767,284,524,644,248,67,1536,251,479,509,212,85
E01033574,Newham 034F,E02000747,Newham 034,E09000025,Newham,1684,198,438,847,161,40,1074,81,259,598,117,19,610,117,179,249,44,21
E01033575,Newham 034G,E02000747,Newham 034,E09000025,Newham,1609,201,552,668,148,40,981,108,336,455,69,13,628,93,216,213,79,27
E01033576,Newham 034H,E02000747,Newham 034,E09000025,Newham,3602,389,1310,1405,339,159,2135,187,771,922,162,93,1467,202,539,483,177,66
E01033577,Newham 037E,E02000750,Newham 037,E09000025,Newham,5439,853,1970,1921,577,118,2991,433,1081,1134,290,53,2448,420,889,787,287,65
E01033578,Newham 013E,E02000726,Newham 013,E09000025,Newham,4667,506,2134,1592,373,62,2896,276,1326,1031,239,24,1771,230,808,561,134,38
E01033579,Newham 013F,E02000726,Newham 013,E09000025,Newham,2133,233,818,828,213,41,1162,121,388,530,108,15,971,112,430,298,105,26
E01033580,Newham 037F,E02000750,Newham 037,E09000025,Newham,2006,274,612,767,299,54,1196,154,387,468,160,27,810,120,225,299,139,27
E01033581,Newham 037G,E02000750,Newham 037,E09000025,Newham,1834,472,338,524,358,142,964,230,184,298,179,73,870,242,154,226,179,69
E01033582,Newham 037H,E02000750,Newham 037,E09000025,Newham,1787,324,352,686,360,65,997,158,183,385,246,25,790,166,169,301,114,40
E01033583,Newham 013G,E02000726,Newham 013,E09000025,Newham,17274,2191,8242,5120,1401,320,9293,1153,4241,3037,721,141,7981,1038,4001,2083,680,179
E01033584,Newham 034I,E02000747,Newham 034,E09000025,Newham,1523,382,295,370,327,149,764,215,171,177,150,51,759,167,124,193,177,98
E01033585,Newham 034J,E02000747,Newham 034,E09000025,Newham,2774,545,819,754,457,199,1395,300,413,392,212,78,1379,245,406,362,245,121
E01033586,Newham 013H,E02000726,Newham 013,E09000025,Newham,1889,363,417,638,377,94,1001,192,195,375,198,41,888,171,222,263,179,53
E01033587,Barking and Dagenham 021E,E02000022,Barking and Dagenham 021,E09000002,Barking and Dagenham,2677,807,461,889,431,89,1358,418,243,424,220,53,1319,389,218,465,211,36
E01033588,Barking and Dagenham 021F,E02000022,Barking and Dagenham 021,E09000002,Barking and Dagenham,1641,522,262,461,298,98,811,282,135,208,142,44,830,240,127,253,156,54
E01033589,Redbridge 030H,E02000780,Redbridge 030,E09000026,Redbridge,2776,925,456,1019,311,65,1366,447,181,526,195,17,1410,478,275,493,116,48
E01033590,Redbridge 019H,E02000769,Redbridge 019,E09000026,Redbridge,1519,448,300,438,259,74,791,241,174,185,146,45,728,207,126,253,113,29
E01033591,Redbridge 030I,E02000780,Redbridge 030,E09000026,Redbridge,2597,676,495,745,518,163,1372,340,226,410,315,81,1225,336,269,335,203,82
E01033592,Redbridge 019I,E02000769,Redbridge 019,E09000026,Redbridge,1886,447,378,428,446,187,995,261,224,212,215,83,891,186,154,216,231,104
E01033593,Westminster 015F,E02000974,Westminster 015,E09000033,Westminster,2695,573,811,796,382,133,1597,325,489,472,240,71,1098,248,322,324,142,62
E01033594,Westminster 015G,E02000974,Westminster 015,E09000033,Westminster,1449,157,401,364,321,206,798,96,234,200,168,100,651,61,167,164,153,106
E01033595,Westminster 013E,E02000972,Westminster 013,E09000033,Westminster,1508,102,386,531,303,186,933,56,224,361,197,95,575,46,162,170,106,91
E01033596,Westminster 013F,E02000972,Westminster 013,E09000033,Westminster,1566,206,279,402,504,175,898,99,178,278,252,91,668,107,101,124,252,84
E01033597,Westminster 023F,E02000982,Westminster 023,E09000033,Westminster,1297,226,194,397,339,141,722,129,105,224,193,71,575,97,89,173,146,70
E01033598,Westminster 009F,E02000968,Westminster 009,E09000033,Westminster,1495,307,274,299,359,256,717,157,145,162,155,98,778,150,129,137,204,158
E01033599,Westminster 023G,E02000982,Westminster 023,E09000033,Westminster,1728,483,344,434,374,93,818,224,174,226,154,40,910,259,170,208,220,53
E01033600,Westminster 007F,E02000966,Westminster 007,E09000033,Westminster,1483,266,176,447,366,228,751,135,75,249,187,105,732,131,101,198,179,123
E01033601,Westminster 009G,E02000968,Westminster 009,E09000033,Westminster,1696,344,337,312,393,310,820,174,168,141,201,136,876,170,169,171,192,174
E01033602,Westminster 009H,E02000968,Westminster 009,E09000033,Westminster,1988,478,439,373,440,258,989,213,248,216,210,102,999,265,191,157,230,156
E01033603,Westminster 009I,E02000968,Westminster 009,E09000033,Westminster,1513,179,371,438,370,155,746,84,185,224,183,70,767,95,186,214,187,85
E01033604,Westminster 009J,E02000968,Westminster 009,E09000033,Westminster,1521,225,257,432,423,184,883,135,126,285,237,100,638,90,131,147,186,84
E01033605,Westminster 009K,E02000968,Westminster 009,E09000033,Westminster,2142,474,406,493,476,293,1113,265,216,255,265,112,1029,209,190,238,211,181
E01033606,Westminster 014F,E02000973,Westminster 014,E09000033,Westminster,1243,170,235,510,240,88,663,85,134,284,118,42,580,85,101,226,122,46
E01033607,Westminster 014G,E02000973,Westminster 014,E09000033,Westminster,1322,172,268,388,315,179,664,77,138,220,149,80,658,95,130,168,166,99
E01033608,Westminster 007G,E02000966,Westminster 007,E09000033,Westminster,1646,283,220,481,473,189,902,164,115,262,288,73,744,119,105,219,185,116
E01033698,Hackney 021F,E02000365,Hackney 021,E09000012,Hackney,1086,177,193,351,229,136,530,96,109,189,91,45,556,81,84,162,138,91
E01033699,Hackney 021G,E02000365,Hackney 021,E09000012,Hackney,1482,136,423,695,169,59,766,62,206,369,103,26,716,74,217,326,66,33
E01033700,Hackney 021H,E02000365,Hackney 021,E09000012,Hackney,3225,325,812,1594,335,159,1761,165,387,925,205,79,1464,160,425,669,130,80
E01033701,Hackney 002F,E02000346,Hackney 002,E09000012,Hackney,3154,662,591,1104,540,257,1544,313,285,577,264,105,1610,349,306,527,276,152
E01033702,Hackney 028C,E02006918,Hackney 028,E09000012,Hackney,1754,502,271,632,288,61,938,295,135,340,137,31,816,207,136,292,151,30
E01033703,Hackney 010F,E02000354,Hackney 010,E09000012,Hackney,1554,220,347,579,294,114,743,112,170,303,118,40,811,108,177,276,176,74
E01033704,Hackney 023F,E02000367,Hackney 023,E09000012,Hackney,2550,349,518,1220,386,77,1365,181,259,682,202,41,1185,168,259,538,184,36
E01033705,Hackney 028D,E02006918,Hackney 028,E09000012,Hackney,1793,427,363,554,366,83,852,217,166,269,165,35,941,210,197,285,201,48
E01033706,Hackney 027F,E02000371,Hackney 027,E09000012,Hackney,1800,118,690,778,162,52,1040,58,349,519,87,27,760,60,341,259,75,25
E01033707,Hackney 021I,E02000365,Hackney 021,E09000012,Hackney,1365,150,288,570,249,108,749,78,151,333,132,55,616,72,137,237,117,53
E01033708,Hackney 027G,E02000371,Hackney 027,E09000012,Hackney,2424,104,1047,972,246,55,1335,48,436,649,163,39,1089,56,611,323,83,16
E01033709,Hackney 027H,E02000371,Hackney 027,E09000012,Hackney,1824,268,436,672,363,85,993,142,225,391,192,43,831,126,211,281,171,42
E01033710,Hackney 028E,E02006918,Hackney 028,E09000012,Hackney,1718,406,285,712,263,52,949,217,163,389,152,28,769,189,122,323,111,24
E01033711,Hackney 027I,E02000371,Hackney 027,E09000012,Hackney,4067,169,2763,853,228,54,2067,96,1350,504,104,13,2000,73,1413,349,124,41
E01033712,Hackney 023G,E02000367,Hackney 023,E09000012,Hackney,1836,364,323,696,355,98,920,196,132,379,181,32,916,168,191,317,174,66
E01033713,Hackney 010G,E02000354,Hackney 010,E09000012,Hackney,1503,239,291,595,303,75,780,125,153,301,157,44,723,114,138,294,146,31
E01033724,Hillingdon 016F,E02000509,Hillingdon 016,E09000017,Hillingdon,6532,579,4180,823,598,352,3652,297,2378,472,314,191,2880,282,1802,351,284,161
E01033725,Hillingdon 015F,E02000508,Hillingdon 015,E09000017,Hillingdon,3968,911,881,1113,714,349,2015,450,507,550,346,162,1953,461,374,563,368,187
E01033726,Greenwich 034E,E02006927,Greenwich 034,E09000011,Greenwich,4232,1073,675,1149,796,539,1867,554,314,473,306,220,2365,519,361,676,490,319
E01033727,Greenwich 035B,E02006928,Greenwich 035,E09000011,Greenwich,3362,461,1609,758,422,112,1740,244,864,378,198,56,1622,217,745,380,224,56
E01033728,Greenwich 035C,E02006928,Greenwich 035,E09000011,Greenwich,1992,341,497,753,325,76,1009,168,227,404,158,52,983,173,270,349,167,24
E01033729,Greenwich 030E,E02000342,Greenwich 030,E09000011,Greenwich,2491,505,934,349,455,248,1085,237,383,132,213,120,1406,268,551,217,242,128
E01033730,Greenwich 035D,E02006928,Greenwich 035,E09000011,Greenwich,3527,561,1103,1406,328,129,1861,314,526,750,201,70,1666,247,577,656,127,59
E01033731,Greenwich 004E,E02000316,Greenwich 004,E09000011,Greenwich,3922,427,982,1721,541,251,2063,168,527,999,253,116,1859,259,455,722,288,135
E01033732,Greenwich 036D,E02006929,Greenwich 036,E09000011,Greenwich,1138,234,262,439,171,32,603,123,154,231,80,15,535,111,108,208,91,17
E01033733,Greenwich 036E,E02006929,Greenwich 036,E09000011,Greenwich,4001,913,1101,1497,394,96,1959,491,469,744,227,28,2042,422,632,753,167,68
E01033734,Greenwich 004F,E02000316,Greenwich 004,E09000011,Greenwich,2067,304,459,899,351,54,1153,151,205,568,202,27,914,153,254,331,149,27
E01033735,Greenwich 004G,E02000316,Greenwich 004,E09000011,Greenwich,1286,317,242,452,179,96,718,212,107,252,101,46,568,105,135,200,78,50
E01033736,Greenwich 004H,E02000316,Greenwich 004,E09000011,Greenwich,2137,246,601,870,352,68,1249,158,330,469,242,50,888,88,271,401,110,18
E01033737,Greenwich 004I,E02000316,Greenwich 004,E09000011,Greenwich,1629,390,280,546,329,84,837,213,135,274,178,37,792,177,145,272,151,47
E01033738,Greenwich 037D,E02006930,Greenwich 037,E09000011,Greenwich,1770,355,361,602,304,148,897,168,178,302,165,84,873,187,183,300,139,64
E01033739,Greenwich 002E,E02000314,Greenwich 002,E09000011,Greenwich,2019,577,341,720,335,46,1079,319,168,366,203,23,940,258,173,354,132,23
E01033740,Greenwich 002F,E02000314,Greenwich 002,E09000011,Greenwich,1819,500,321,502,406,90,980,265,176,276,222,41,839,235,145,226,184,49
E01033741,Greenwich 002G,E02000314,Greenwich 002,E09000011,Greenwich,3119,521,1002,841,685,70,2201,257,842,627,429,46,918,264,160,214,256,24
E01033742,Greenwich 007F,E02000319,Greenwich 007,E09000011,Greenwich,1705,321,330,585,323,146,933,161,152,347,192,81,772,160,178,238,131,65
E01033743,Greenwich 002H,E02000314,Greenwich 002,E09000011,Greenwich,2330,622,425,515,657,111,1180,305,238,227,361,49,1150,317,187,288,296,62
E01033744,Greenwich 007G,E02000319,Greenwich 007,E09000011,Greenwich,1810,445,301,568,411,85,957,252,169,301,195,40,853,193,132,267,216,45
E01033745,Greenwich 002I,E02000314,Greenwich 002,E09000011,Greenwich,1987,587,280,449,574,97,1033,293,158,226,308,48,954,294,122,223,266,49
E01033746,Greenwich 038E,E02006931,Greenwich 038,E09000011,Greenwich,1389,220,209,373,323,264,638,92,110,176,140,120,751,128,99,197,183,144
